0 0 3.63935 
1 0 3.85026 
2 0 3.89954 
3 0.967657 3.0141 
4 0.774126 2.49372 
5 1.40895 2.11133 
6 1.24352 1.80971 
7 1.0985 1.59815 
8 0.981092 1.8573 
9 1.56662 1.76323 
10 1.91648 1.77082 
11 2.18659 1.62325 
12 2.47887 1.55838 
13 2.36909 1.5425 
14 2.35065 1.45303 
15 2.20373 1.48268 
16 2.41702 1.40625 
17 2.31089 1.39987 
18 2.50752 1.51418 
19 2.63656 1.48847 
20 3.02119 1.41759 
21 2.88788 1.42729 
22 2.81123 1.37355 
23 2.99446 1.39355 
24 3.21095 1.33403 
25 3.09194 1.36323 
26 3.21651 1.39024 
27 3.2422 1.35558 
28 3.26429 1.30999 
29 3.36601 1.28682 
30 3.25743 1.29329 
31 3.26973 1.25287 
32 3.36826 1.2526 
33 3.2776 1.22198 
34 3.18366 1.18687 
35 3.0968 1.16268 
36 3.25732 1.21328 
37 3.20918 1.18377 
38 3.13954 1.19881 
39 3.06725 1.20624 
40 2.99694 1.20103 
41 3.00097 1.17243 
42 2.93118 1.16294 
43 2.87209 1.31615 
44 2.80919 1.28691 
45 2.78893 1.29145 
46 2.72695 1.29721 
47 2.67013 1.31712 
48 2.61564 1.29244 
49 2.56677 1.29014 
50 2.59816 1.26484 
51 2.55134 1.26889 
52 2.50211 1.24495 
53 2.50396 1.2543 
54 2.47753 1.27207 
55 2.46967 1.25792 
56 2.46906 1.23586 
57 2.43763 1.21455 
58 2.40049 1.19772 
59 2.40041 1.19384 
60 2.4515 1.17427 
61 2.50859 1.15533 
62 2.48113 1.14129 
63 2.45388 1.13328 
64 2.42466 1.11584 
65 2.38792 1.09795 
66 2.35228 1.08157 
67 2.35113 1.06566 
68 2.34428 1.05022 
69 2.37327 1.03647 
70 2.35574 1.04532 
71 2.32302 1.03081 
72 2.32863 1.03766 
73 2.29854 1.0323 
74 2.27166 1.01853 
75 2.24184 1.00974 
76 2.21496 0.996627 
77 2.23788 0.98385 
78 2.20955 0.971396 
79 2.18193 0.959254 
80 2.15499 0.948538 
81 2.14278 0.93697 
82 2.11702 0.941029 
83 2.09182 0.929954 
84 2.07757 0.919014 
85 2.05368 0.936734 
86 2.03043 0.93362 
87 2.0065 0.923011 
88 1.98583 0.91264 
89 1.98274 0.902499 
90 2.01011 0.892582 
91 1.9863 0.889589 
92 1.96626 0.8889 
93 1.96143 0.882498 
94 1.95344 0.87881 
95 1.93309 0.881236 
96 1.91257 0.874919 
97 1.95701 0.880818 
98 1.93917 0.890533 
99 1.91978 0.881627 
100 1.90077 0.872898 
101 1.88199 0.865328 
102 1.86376 0.860333 
103 1.85346 0.85206 
104 1.83306 0.846502 
105 1.81577 0.846396 
106 1.7988 0.843752 
107 1.78065 0.83594 
108 1.77702 0.82827 
109 1.76666 0.820741 
110 1.76053 0.813347 
111 1.74481 0.808648 
112 1.73956 0.801492 
113 1.73818 0.794461 
114 1.74142 0.787718 
115 1.72641 0.786482 
116 1.70954 0.77976 
117 1.7057 0.775131 
118 1.70138 0.768618 
119 1.70622 0.762247 
120 1.69211 0.756255 
121 1.67748 0.751416 
122 1.66384 0.745307 
123 1.65115 0.740659 
124 1.63794 0.734734 
125 1.62107 0.728903 
126 1.6083 0.723163 
127 1.59906 0.717513 
128 1.59516 0.711951 
129 1.58443 0.706475 
130 1.57445 0.702209 
131 1.5675 0.697051 
132 1.56295 0.69181 
133 1.55183 0.686873 
134 1.5466 0.681951 
135 1.53927 0.686253 
136 1.52804 0.681244 
137 1.51481 0.677592 
138 1.50983 0.674002 
139 1.50055 0.669709 
140 1.49829 0.664959 
141 1.48774 0.660277 
142 1.48014 0.655626 
143 1.46986 0.657496 
144 1.46 0.652962 
145 1.45 0.648489 
146 1.44014 0.644314 
147 1.42904 0.63996 
148 1.41945 0.635665 
149 1.40745 0.631472 
150 1.39936 0.62729 
151 1.39015 0.623275 
152 1.38949 0.619925 
153 1.37882 0.615899 
154 1.36878 0.611926 
155 1.35754 0.608003 
156 1.35054 0.604131 
157 1.346 0.600307 
158 1.34123 0.596532 
159 1.34047 0.591275 
160 1.33215 0.587603 
161 1.32392 0.588164 
162 1.32016 0.584556 
163 1.31047 0.58202 
164 1.30213 0.584303 
165 1.29815 0.580784 
166 1.29316 0.577306 
167 1.28546 0.573869 
168 1.28466 0.571175 
169 1.27502 0.568321 
170 1.26756 0.564997 
171 1.27379 0.565676 
172 1.275 0.562406 
173 1.26767 0.559174 
174 1.26043 0.558091 
175 1.25327 0.55492 
176 1.24619 0.551785 
177 1.23835 0.552173 
178 1.23143 0.549088 
179 1.22459 0.546037 
180 1.21701 0.543021 
181 1.21719 0.541583 
182 1.21053 0.542187 
183 1.20264 0.539241 
184 1.19634 0.536326 
185 1.1899 0.54006 
186 1.18051 0.537172 
187 1.17423 0.534315 
188 1.17758 0.531739 
189 1.17138 0.52894 
190 1.16535 0.526171 
191 1.16424 0.52343 
192 1.15906 0.520718 
193 1.15309 0.51788 
194 1.14995 0.516361 
195 1.1425 0.515075 
196 1.14231 0.51246 
197 1.14202 0.515238 
198 1.13478 0.51431 
199 1.12731 0.511739 
200 1.1276 0.509193 
201 1.12071 0.506712 
202 1.11519 0.504216 
203 1.10972 0.501957 
204 1.10994 0.500216 
205 1.10323 0.497788 
206 1.10041 0.495383 
207 1.09969 0.493001 
208 1.09814 0.490887 
209 1.09634 0.48855 
210 1.09129 0.486234 
211 1.08233 0.483941 
212 1.07765 0.482884 
213 1.07261 0.48304 
214 1.06555 0.480525 
215 1.06327 0.478492 
216 1.05835 0.476198 
217 1.05336 0.474026 
218 1.0485 0.471914 
219 1.04706 0.474199 
220 1.0422 0.47212 
221 1.04381 0.470478 
222 1.04257 0.468369 
223 1.04139 0.467492 
224 1.03676 0.466784 
225 1.03392 0.464878 
226 1.02936 0.46283 
227 1.02485 0.460997 
228 1.02252 0.45898 
229 1.02043 0.455799 
230 1.01763 0.454702 
231 1.01075 0.452742 
232 1.00641 0.451665 
233 1.00756 0.449627 
234 1.00735 0.448282 
235 1.00308 0.452971 
236 1.00305 0.451395 
237 0.998831 0.449648 
238 0.999759 0.449221 
239 0.995693 0.447349 
240 0.992394 0.449298 
241 0.985521 0.447304 
242 0.985358 0.446695 
243 0.98132 0.447012 
244 0.976918 0.447209 
245 0.976966 0.445391 
246 0.973011 0.443588 
247 0.970499 0.441799 
248 0.966601 0.440025 
249 0.962735 0.437707 
250 0.959823 0.436456 
251 0.956014 0.435588 
252 0.954284 0.435866 
253 0.94849 0.434383 
254 0.948947 0.43268 
255 0.954559 0.430989 
256 0.953608 0.429326 
257 0.949912 0.427751 
258 0.945528 0.426254 
259 0.941891 0.424796 
260 0.938282 0.424334 
261 0.936457 0.422715 
262 0.932896 0.423174 
263 0.929362 0.421571 
264 0.927729 0.41998 
265 0.924242 0.418401 
266 0.922314 0.417655 
267 0.917555 0.416097 
268 0.914704 0.41455 
269 0.911316 0.413015 
270 0.911439 0.411491 
271 0.908088 0.409978 
272 0.903973 0.410444 
273 0.903104 0.409826 
274 0.89982 0.409157 
275 0.896559 0.407807 
276 0.897746 0.406334 
277 0.894251 0.404872 
278 0.891046 0.403421 
279 0.888514 0.40198 
280 0.885352 0.40055 
281 0.882213 0.400171 
282 0.881331 0.398757 
283 0.88239 0.398077 
284 0.879294 0.39668 
285 0.876219 0.395293 
286 0.873166 0.396341 
287 0.870135 0.395942 
288 0.867124 0.395035 
289 0.864134 0.393965 
290 0.861164 0.392611 
291 0.862096 0.391693 
292 0.867325 0.390356 
293 0.864375 0.388996 
294 0.863846 0.387677 
295 0.869635 0.386367 
296 0.866707 0.385801 
297 0.862327 0.384506 
298 0.859443 0.38322 
299 0.856579 0.381943 
300 0.8545 0.380674 
301 0.851213 0.379454 
302 0.852096 0.378816 
303 0.8524 0.379915 
304 0.851565 0.37867 
305 0.848782 0.377585 
306 0.846017 0.376686 
307 0.84327 0.375463 
308 0.840541 0.374248 
309 0.838628 0.373041 
310 0.835443 0.371842 
311 0.832765 0.37065 
312 0.830105 0.369466 
313 0.827494 0.369456 
314 0.827633 0.368283 
315 0.825 0.367118 
316 0.822397 0.36596 
317 0.819811 0.364898 
318 0.817241 0.363754 
319 0.813729 0.363912 
320 0.813401 0.362959 
321 0.810875 0.361832 
322 0.808364 0.360711 
323 0.803932 0.359598 
324 0.802318 0.358492 
325 0.799521 0.357392 
326 0.797076 0.356535 
327 0.794646 0.355897 
328 0.79223 0.354815 
329 0.78983 0.35374 
330 0.790031 0.352986 
331 0.787651 0.352953 
332 0.783923 0.351893 
333 0.781576 0.350839 
334 0.779243 0.349792 
335 0.776924 0.348751 
336 0.777628 0.348382 
337 0.775327 0.347352 
338 0.771071 0.346327 
339 0.768804 0.345308 
340 0.766936 0.344296 
341 0.763627 0.343289 
342 0.761401 0.342288 
343 0.759187 0.341293 
344 0.756987 0.340594 
345 0.753196 0.339987 
346 0.752466 0.339137 
347 0.750304 0.338162 
348 0.748282 0.337377 
349 0.748064 0.336413 
350 0.745933 0.335454 
351 0.741931 0.334544 
352 0.739829 0.335143 
353 0.737739 0.334196 
354 0.73861 0.333255 
355 0.736536 0.332319 
356 0.734888 0.331324 
357 0.733193 0.330577 
358 0.730387 0.329846 
359 0.729472 0.328929 
360 0.727451 0.328018 
361 0.725647 0.328638 
362 0.72349 0.327733 
363 0.723395 0.326833 
364 0.721801 0.325937 
365 0.722256 0.325047 
366 0.720563 0.325317 
367 0.719183 0.324433 
368 0.717575 0.323554 
369 0.715241 0.322679 
370 0.713313 0.32181 
371 0.71147 0.320945 
372 0.709563 0.320084 
373 0.708233 0.319228 
374 0.705754 0.319096 
375 0.703877 0.318456 
376 0.70201 0.318315 
377 0.700275 0.317648 
378 0.698427 0.31681 
379 0.69659 0.315976 
380 0.694761 0.315147 
381 0.692942 0.31435 
382 0.691133 0.31353 
383 0.688296 0.312713 
384 0.686508 0.312438 
385 0.684729 0.311628 
386 0.68296 0.310823 
387 0.6812 0.310912 
388 0.679449 0.310113 
389 0.677706 0.309318 
390 0.675973 0.308527 
391 0.673682 0.30774 
392 0.673273 0.306957 
393 0.670286 0.307395 
394 0.671464 0.306616 
395 0.669769 0.305842 
396 0.668082 0.305072 
397 0.666403 0.304305 
398 0.664733 0.303542 
399 0.662494 0.302784 
400 0.660842 0.302029 
401 0.659198 0.301028 
402 0.657563 0.300281 
403 0.655935 0.299538 
404 0.654315 0.298799 
405 0.652704 0.298063 
406 0.65113 0.29733 
407 0.654127 0.296791 
408 0.652528 0.296303 
409 0.650936 0.295205 
410 0.649352 0.29496 
411 0.649231 0.294244 
412 0.647659 0.293882 
413 0.646095 0.293428 
414 0.644538 0.2929 
415 0.642988 0.292601 
416 0.641888 0.291899 
417 0.642391 0.291201 
418 0.640858 0.290059 
419 0.640126 0.289515 
420 0.638606 0.288828 
421 0.637032 0.289039 
422 0.635526 0.288003 
423 0.634027 0.288058 
424 0.632535 0.28738 
425 0.631051 0.286377 
426 0.630765 0.285707 
427 0.629291 0.285039 
428 0.627825 0.284375 
429 0.626365 0.283713 
430 0.624991 0.284225 
431 0.623729 0.283652 
432 0.622288 0.282997 
433 0.620855 0.282058 
434 0.619153 0.28141 
435 0.616801 0.28071 
436 0.61539 0.280068 
437 0.613985 0.279429 
438 0.614725 0.278792 
439 0.613327 0.278159 
440 0.611937 0.277528 
441 0.611367 0.2769 
442 0.609987 0.276275 
443 0.607271 0.275653 
444 0.605906 0.275033 
445 0.604615 0.274416 
446 0.602537 0.273803 
447 0.603977 0.273191 
448 0.601948 0.27252 
449 0.600611 0.271914 
450 0.599279 0.271597 
451 0.598217 0.2706 
452 0.597332 0.270002 
453 0.595821 0.269949 
454 0.594304 0.26893 
455 0.593001 0.26834 
456 0.593472 0.267753 
457 0.592176 0.266931 
458 0.590886 0.26635 
459 0.590072 0.265771 
460 0.588364 0.265194 
461 0.589447 0.26462 
462 0.587954 0.263745 
463 0.587711 0.263183 
464 0.586447 0.262617 
465 0.585212 0.262054 
466 0.583959 0.261538 
467 0.582711 0.260979 
468 0.581469 0.260206 
469 0.580232 0.259653 
470 0.577581 0.258998 
471 0.577081 0.258449 
472 0.575363 0.257903 
473 0.574149 0.257233 
474 0.57294 0.256868 
475 0.571334 0.256328 
476 0.570117 0.255791 
477 0.570567 0.255256 
478 0.569376 0.254912 
479 0.568977 0.254381 
480 0.566035 0.253852 
481 0.564172 0.254184 
482 0.562464 0.253658 
483 0.562512 0.253133 
484 0.561248 0.252612 
485 0.561783 0.252092 
486 0.560629 0.252112 
487 0.560069 0.251596 
488 0.560211 0.250355 
489 0.558619 0.249844 
490 0.55725 0.249335 
491 0.556117 0.247987 
492 0.554989 0.247484 
493 0.555624 0.24771 
494 0.556083 0.247178 
495 0.555786 0.24668 
496 0.555619 0.246184 
497 0.554504 0.246292 
498 0.553328 0.245798 
499 0.551148 0.245477 
500 0.54929 0.244987 
501 0.549235 0.244499 
502 0.549547 0.24525 
503 0.548457 0.244649 
504 0.547371 0.244165 
505 0.546289 0.243682 
506 0.545211 0.243202 
507 0.544138 0.242723 
508 0.543069 0.242246 
509 0.542004 0.241771 
510 0.540944 0.241298 
511 0.540447 0.240608 
512 0.539393 0.241359 
513 0.538344 0.24089 
514 0.538133 0.239844 
515 0.538267 0.23938 
516 0.537656 0.240513 
517 0.535875 0.240049 
518 0.534842 0.239241 
519 0.533814 0.240581 
520 0.533851 0.24012 
521 0.533985 0.23966 
522 0.532964 0.239422 
523 0.531947 0.238965 
524 0.532527 0.238481 
525 0.531514 0.238028 
526 0.530535 0.237576 
527 0.52953 0.237126 
528 0.529689 0.236686 
529 0.529972 0.236239 
530 0.528974 0.235795 
531 0.528443 0.235351 
532 0.527452 0.234927 
533 0.526464 0.234487 
534 0.525642 0.234071 
535 0.524661 0.233827 
536 0.523714 0.233392 
537 0.522741 0.232958 
538 0.521771 0.232526 
539 0.521119 0.232095 
540 0.520623 0.231666 
541 0.519644 0.231631 
542 0.519096 0.231205 
543 0.518777 0.23078 
544 0.517825 0.231744 
545 0.518322 0.231319 
546 0.518576 0.230555 
547 0.517629 0.230134 
548 0.516687 0.230536 
549 0.515747 0.230034 
550 0.515093 0.229617 
551 0.514159 0.229201 
552 0.51323 0.230534 
553 0.512303 0.230118 
554 0.51138 0.229703 
555 0.51046 0.22929 
556 0.510126 0.229619 
557 0.509211 0.229207 
558 0.5083 0.228797 
559 0.507485 0.228388 
560 0.50658 0.227981 
561 0.505734 0.228625 
562 0.504836 0.228823 
563 0.504368 0.228417 
564 0.504124 0.228013 
565 0.503234 0.22761 
566 0.502106 0.227209 
567 0.501222 0.226809 
568 0.500341 0.22641 
569 0.499502 0.226013 
570 0.498627 0.22527 
571 0.497755 0.224882 
572 0.496887 0.224726 
573 0.496065 0.224334 
574 0.495202 0.223944 
575 0.494645 0.223555 
576 0.493505 0.223168 
577 0.493112 0.222782 
578 0.492938 0.222397 
579 0.492088 0.222014 
580 0.491241 0.221631 
581 0.490397 0.220821 
582 0.489556 0.219932 
583 0.488718 0.219555 
584 0.487882 0.219057 
585 0.487061 0.218684 
586 0.486231 0.218311 
587 0.485405 0.217867 
588 0.484603 0.217498 
589 0.484361 0.217129 
590 0.483541 0.216761 
591 0.482724 0.216395 
592 0.482141 0.216275 
593 0.48133 0.215697 
594 0.480521 0.215334 
595 0.479714 0.216508 
596 0.478911 0.216198 
597 0.47957 0.216844 
598 0.47877 0.216482 
599 0.478082 0.216108 
600 0.477286 0.215763 
601 0.476493 0.215405 
602 0.475703 0.215048 
603 0.474915 0.214692 
604 0.47413 0.214337 
605 0.473379 0.213983 
606 0.472599 0.21363 
607 0.472131 0.213109 
608 0.471356 0.212759 
609 0.470908 0.21241 
610 0.470435 0.211982 
611 0.469666 0.211635 
612 0.4689 0.21129 
613 0.468275 0.210946 
614 0.467513 0.210353 
615 0.466699 0.210011 
616 0.465942 0.209671 
617 0.465132 0.209332 
618 0.46438 0.208994 
619 0.463631 0.209193 
620 0.462827 0.208856 
621 0.462082 0.20852 
622 0.461341 0.208186 
623 0.460906 0.207852 
624 0.460433 0.20752 
625 0.459698 0.207188 
626 0.458964 0.206858 
627 0.458233 0.206528 
628 0.457505 0.2062 
629 0.456835 0.205873 
630 0.45636 0.205546 
631 0.455639 0.205221 
632 0.454922 0.204897 
633 0.454237 0.205783 
634 0.453522 0.205457 
635 0.452809 0.205134 
636 0.452098 0.204812 
637 0.451389 0.204489 
638 0.450683 0.204169 
639 0.449979 0.203848 
640 0.449277 0.20353 
641 0.448745 0.203213 
642 0.448343 0.202939 
643 0.447647 0.202624 
644 0.446953 0.20231 
645 0.446076 0.201996 
646 0.445482 0.203753 
647 0.444812 0.203439 
648 0.444126 0.203125 
649 0.443443 0.202813 
650 0.442762 0.202501 
651 0.442083 0.20219 
652 0.441406 0.201881 
653 0.440949 0.201572 
654 0.440272 0.201264 
655 0.439601 0.200958 
656 0.438932 0.200652 
657 0.438265 0.200347 
658 0.4376 0.200092 
659 0.436937 0.199789 
660 0.436276 0.200669 
661 0.435617 0.200366 
662 0.43496 0.200064 
663 0.4343 0.199762 
664 0.433647 0.199462 
665 0.433047 0.199162 
666 0.432398 0.200392 
667 0.431751 0.200092 
668 0.431105 0.199793 
669 0.430462 0.199495 
670 0.429832 0.199137 
671 0.429218 0.198841 
672 0.42858 0.198545 
673 0.427944 0.198249 
674 0.427335 0.197955 
675 0.426703 0.197662 
676 0.426073 0.19737 
677 0.425445 0.197248 
678 0.424818 0.197549 
679 0.424193 0.197259 
680 0.423434 0.196969 
681 0.422843 0.19668 
682 0.422224 0.196393 
683 0.421606 0.196105 
684 0.420991 0.195819 
685 0.420377 0.195534 
686 0.419765 0.195249 
687 0.419155 0.194965 
688 0.418547 0.194682 
689 0.41794 0.1944 
690 0.417167 0.194119 
691 0.416626 0.193087 
692 0.416025 0.192809 
693 0.415426 0.192531 
694 0.414828 0.192254 
695 0.414232 0.191978 
696 0.413638 0.193111 
697 0.413045 0.192835 
698 0.412922 0.192556 
699 0.412595 0.192281 
700 0.412006 0.192007 
701 0.411419 0.191734 
702 0.410936 0.191461 
703 0.410353 0.191189 
704 0.40977 0.190918 
705 0.40919 0.191552 
706 0.408668 0.191281 
707 0.40763 0.191011 
708 0.40706 0.190741 
709 0.406487 0.190473 
710 0.405968 0.190205 
711 0.405429 0.189938 
712 0.404856 0.189671 
713 0.404289 0.189406 
714 0.403719 0.190648 
715 0.403183 0.190357 
716 0.402621 0.190091 
717 0.40206 0.189826 
718 0.401501 0.189561 
719 0.400701 0.189298 
720 0.400145 0.189371 
721 0.399591 0.189109 
722 0.399038 0.188847 
723 0.398487 0.188586 
724 0.397661 0.188326 
725 0.397557 0.188067 
726 0.397011 0.187808 
727 0.396619 0.18755 
728 0.396075 0.187293 
729 0.395533 0.187604 
730 0.394992 0.187347 
731 0.394452 0.187091 
732 0.393914 0.186836 
733 0.393377 0.186581 
734 0.392842 0.186328 
735 0.392308 0.186074 
736 0.391776 0.185822 
737 0.391245 0.18557 
738 0.390716 0.185319 
739 0.390188 0.185037 
740 0.389661 0.184787 
741 0.389145 0.184538 
742 0.388621 0.18429 
743 0.388099 0.184042 
744 0.387578 0.183795 
745 0.387058 0.183548 
746 0.38654 0.183303 
747 0.386023 0.184176 
748 0.385508 0.18393 
749 0.384994 0.183685 
750 0.38449 0.183441 
751 0.383987 0.183197 
752 0.383478 0.182953 
753 0.382977 0.182711 
754 0.382469 0.182469 
755 0.381964 0.182227 
756 0.381467 0.181987 
757 0.380971 0.181746 
758 0.380469 0.181507 
759 0.37997 0.181268 
760 0.37947 0.18103 
761 0.378972 0.180792 
762 0.378476 0.180646 
763 0.37798 0.180409 
764 0.377486 0.180173 
765 0.376915 0.181136 
766 0.376423 0.1809 
767 0.375942 0.18089 
768 0.375453 0.180655 
769 0.375021 0.18042 
770 0.374535 0.180186 
771 0.374049 0.179953 
772 0.373566 0.17972 
773 0.373558 0.179488 
774 0.373138 0.179256 
775 0.372657 0.179079 
776 0.372177 0.179154 
777 0.371699 0.179417 
778 0.371222 0.179187 
779 0.371217 0.17899 
780 0.372188 0.178914 
781 0.372197 0.178587 
782 0.371721 0.178271 
783 0.371247 0.178044 
784 0.370746 0.178069 
785 0.370274 0.177842 
786 0.369804 0.178169 
787 0.369882 0.177943 
788 0.370095 0.177718 
789 0.369626 0.177753 
790 0.369159 0.177529 
791 0.368693 0.177305 
792 0.368675 0.177081 
793 0.36821 0.176858 
794 0.367747 0.176635 
795 0.367525 0.176455 
796 0.367064 0.176233 
797 0.366604 0.176013 
798 0.366771 0.1759 
799 0.366313 0.17568 
800 0.365355 0.175461 
801 0.3649 0.175242 
802 0.364445 0.175024 
803 0.363992 0.174934 
804 0.36354 0.174716 
805 0.363089 0.175494 
806 0.363065 0.175276 
807 0.362615 0.175059 
808 0.363673 0.174843 
809 0.363224 0.174686 
810 0.362776 0.174471 
811 0.362329 0.174256 
812 0.363877 0.174042 
813 0.36343 0.173828 
814 0.362778 0.173615 
815 0.362334 0.173402 
816 0.36189 0.173224 
817 0.361448 0.173013 
818 0.361006 0.172801 
819 0.360566 0.172621 
820 0.360127 0.172411 
821 0.359689 0.172201 
822 0.359252 0.171992 
823 0.358816 0.171783 
824 0.358381 0.171575 
825 0.357434 0.171369 
826 0.358475 0.171341 
827 0.358042 0.171134 
828 0.35761 0.170928 
829 0.356813 0.170722 
830 0.356383 0.170516 
831 0.355955 0.170312 
832 0.355528 0.170107 
833 0.355391 0.169903 
834 0.354965 0.1697 
835 0.354541 0.169367 
836 0.354341 0.169165 
837 0.353572 0.168963 
838 0.35315 0.168768 
839 0.35273 0.169221 
840 0.352311 0.16902 
841 0.35232 0.168819 
842 0.351902 0.168619 
843 0.351863 0.168419 
844 0.351446 0.16822 
845 0.351031 0.168021 
846 0.350616 0.167822 
847 0.350203 0.167624 
848 0.34979 0.167427 
849 0.349531 0.167436 
850 0.34912 0.167414 
851 0.34871 0.167217 
852 0.348301 0.167021 
853 0.347893 0.166826 
854 0.347487 0.16663 
855 0.346491 0.166436 
856 0.346087 0.166825 
857 0.345683 0.166713 
858 0.345281 0.166519 
859 0.34488 0.166325 
860 0.344479 0.166132 
861 0.34322 0.165939 
862 0.342822 0.165874 
863 0.342426 0.165682 
864 0.34203 0.165491 
865 0.341635 0.1653 
866 0.341241 0.165148 
867 0.340848 0.164958 
868 0.340455 0.164768 
869 0.340064 0.164579 
870 0.339674 0.16439 
871 0.339284 0.164201 
872 0.338066 0.16401 
873 0.337684 0.163822 
874 0.337298 0.163635 
875 0.336913 0.163448 
876 0.336529 0.163262 
877 0.336146 0.163922 
878 0.335763 0.163735 
879 0.336038 0.163549 
880 0.335656 0.163364 
881 0.335276 0.163178 
882 0.334896 0.162994 
883 0.334517 0.162879 
884 0.334139 0.162762 
885 0.333762 0.162676 
886 0.333518 0.162493 
887 0.333143 0.16231 
888 0.332768 0.162127 
889 0.332394 0.162193 
890 0.332021 0.16201 
891 0.331475 0.161829 
892 0.330656 0.161648 
893 0.330286 0.161467 
894 0.329917 0.161286 
895 0.329549 0.161106 
896 0.329181 0.161027 
897 0.328815 0.160641 
898 0.328449 0.160462 
899 0.328084 0.160284 
900 0.32772 0.160106 
901 0.327356 0.159928 
902 0.326994 0.159751 
903 0.326632 0.159801 
904 0.327115 0.159624 
905 0.32675 0.159448 
906 0.326389 0.158905 
907 0.326366 0.1588 
908 0.326007 0.158137 
909 0.325648 0.157963 
910 0.325291 0.157825 
911 0.325026 0.157651 
912 0.32467 0.157545 
913 0.324314 0.157373 
914 0.32396 0.157201 
915 0.323606 0.157832 
916 0.323253 0.157576 
917 0.322901 0.157629 
918 0.322728 0.157426 
919 0.322377 0.157255 
920 0.321633 0.157138 
921 0.321284 0.156968 
922 0.320936 0.156445 
923 0.320589 0.156585 
924 0.320242 0.156415 
925 0.320092 0.156615 
926 0.319747 0.157525 
927 0.319402 0.157355 
928 0.319058 0.15719 
929 0.319087 0.157021 
930 0.318744 0.157227 
931 0.319122 0.157058 
932 0.318253 0.15689 
933 0.318027 0.156722 
934 0.317783 0.156555 
935 0.317681 0.156673 
936 0.316558 0.156506 
937 0.316221 0.156339 
938 0.315884 0.156173 
939 0.315548 0.156044 
940 0.315846 0.155778 
941 0.316234 0.155612 
942 0.315999 0.155447 
943 0.315701 0.155283 
944 0.315367 0.155118 
945 0.315033 0.154954 
946 0.314701 0.154791 
947 0.313917 0.154627 
948 0.313271 0.154464 
949 0.312941 0.154302 
950 0.312336 0.15414 
951 0.312008 0.153978 
952 0.311681 0.153752 
953 0.311354 0.153591 
954 0.311028 0.153357 
955 0.310703 0.152779 
956 0.311763 0.152619 
957 0.311097 0.153426 
958 0.310772 0.153266 
959 0.310448 0.153259 
960 0.310125 0.15345 
961 0.309931 0.153291 
962 0.309609 0.153132 
963 0.309288 0.152973 
964 0.308967 0.152814 
965 0.308647 0.152656 
966 0.308328 0.152498 
967 0.307694 0.152081 
968 0.306681 0.151924 
969 0.306365 0.151767 
970 0.306049 0.151517 
971 0.305734 0.151361 
972 0.305881 0.15136 
973 0.305567 0.151405 
974 0.305253 0.151389 
975 0.305037 0.151234 
976 0.304724 0.151079 
977 0.304757 0.150925 
978 0.304114 0.150771 
979 0.303804 0.150617 
980 0.303494 0.150463 
981 0.303586 0.150367 
982 0.303277 0.150683 
983 0.302969 0.150591 
984 0.302661 0.150438 
985 0.302354 0.150285 
986 0.302048 0.150133 
987 0.300959 0.149981 
988 0.301147 0.150355 
989 0.301192 0.150203 
990 0.301217 0.150052 
991 0.300914 0.150382 
992 0.300506 0.149752 
993 0.300203 0.149602 
994 0.299642 0.149451 
995 0.299342 0.149301 
996 0.298975 0.149151 
997 0.298917 0.149002 
998 0.298618 0.148853 
999 0.298319 0.148577 
1000 0.298154 0.14822 
1100 0.277583 0.13897 
1200 0.257768 0.128284 
1300 0.23904 0.118714 
1400 0.223593 0.110512 
1500 0.211742 0.104178 
1600 0.20012 0.0982965 
1700 0.189402 0.0935141 
1800 0.181709 0.0896167 
1900 0.171505 0.0857262 
2000 0.164079 0.0807079 
2100 0.155252 0.0781543 
2200 0.148388 0.0748438 
2300 0.142327 0.0719331 
2400 0.1367 0.0695562 
2500 0.131092 0.0668131 
2600 0.128835 0.0639416 
2700 0.124572 0.0620038 
2800 0.121385 0.0599932 
2900 0.118442 0.0574844 
3000 0.115535 0.0555571 
3100 0.113679 0.054017 
3200 0.110616 0.0526599 
3300 0.107779 0.0513935 
3400 0.104475 0.0501857 
3500 0.102306 0.0489687 
3600 0.0986888 0.0477214 
3700 0.0960509 0.0464167 
3800 0.0939163 0.0456115 
3900 0.0917532 0.0445419 
4000 0.0907609 0.0441051 
4100 0.0893391 0.0432 
4200 0.0874152 0.0422791 
4300 0.0861829 0.0413016 
4400 0.0845045 0.0403632 
4500 0.0826831 0.0394664 
4600 0.0804697 0.0386086 
4700 0.0789749 0.0377874 
4800 0.077615 0.0370003 
4900 0.0755943 0.0362453 
5000 0.0740516 0.0355206 
5100 0.0723971 0.0348242 
5200 0.0708571 0.0341547 
5300 0.0690847 0.0335103 
5400 0.0683628 0.0328899 
5500 0.0671711 0.032292 
5600 0.0660347 0.0317155 
5700 0.0644111 0.0311592 
5800 0.0629196 0.030622 
5900 0.0622136 0.0301031 
6000 0.0618876 0.0296015 
6100 0.0612873 0.0291163 
6200 0.0603149 0.0286467 
6300 0.0597646 0.0281921 
6400 0.059422 0.0277517 
6500 0.0584308 0.0273248 
6600 0.0570136 0.0269108 
6700 0.0562549 0.0265092 
6800 0.0559499 0.0261194 
6900 0.0550017 0.025741 
7000 0.0543049 0.0253733 
7100 0.0536204 0.025016 
7200 0.0526659 0.0246686 
7300 0.0519872 0.0243307 
7400 0.0516574 0.0240019 
7500 0.0512273 0.023682 
7600 0.0503656 0.0233704 
7700 0.0496634 0.0230669 
7800 0.048975 0.0227712 
7900 0.048296 0.022483 
8000 0.0475365 0.022202 
8100 0.0470482 0.021928 
8200 0.0465458 0.0216606 
8300 0.0461311 0.0213996 
8400 0.0456131 0.0211449 
8500 0.0453097 0.0208962 
8600 0.0450949 0.0206532 
8700 0.0447722 0.0204159 
8800 0.0441239 0.0201839 
8900 0.043471 0.0199571 
9000 0.0429996 0.0197354 
9100 0.0427968 0.0195186 
9200 0.0425753 0.0193064 
9300 0.0419608 0.0190988 
9400 0.0416478 0.0188907 
9500 0.0410796 0.0186635 
9600 0.0408517 0.0184684 
9700 0.0403251 0.0182775 
9800 0.039427 0.0181254 
9900 0.0388278 0.0179541 
10000 0.0388508 0.0177788 
10100 0.0383463 0.0176028 
10200 0.0381065 0.0174303 
10300 0.0376486 0.0172611 
10400 0.0371973 0.0170951 
10500 0.0371134 0.0169323 
10600 0.0369194 0.0167726 
10700 0.0367597 0.0166158 
10800 0.0363365 0.016462 
10900 0.0362142 0.016311 
11000 0.0359536 0.0161627 
11100 0.0356643 0.0160171 
11200 0.035437 0.0158741 
11300 0.035089 0.0157337 
11400 0.0348928 0.0155957 
11500 0.0343182 0.0154601 
11600 0.0340258 0.0153268 
11700 0.0339657 0.0151958 
11800 0.0337006 0.015067 
11900 0.0335218 0.0149404 
12000 0.0331903 0.0148159 
12100 0.0331216 0.0146935 
12200 0.0329238 0.0145731 
12300 0.0326473 0.0144546 
12400 0.0325971 0.0143381 
12500 0.0321989 0.0141852 
12600 0.0320705 0.0138942 
12700 0.0318491 0.0137904 
12800 0.0314401 0.013769 
12900 0.0310802 0.0137569 
13000 0.0307127 0.0137774 
13100 0.0304248 0.0136831 
13200 0.0302007 0.013642 
13300 0.02993 0.0135394 
13400 0.0295481 0.0134384 
13500 0.0293484 0.0133388 
13600 0.0293769 0.0132408 
13700 0.0290631 0.0131441 
13800 0.0289538 0.0130489 
13900 0.0287083 0.012955 
14000 0.028745 0.0128625 
14100 0.0284728 0.0127713 
14200 0.028238 0.0126813 
14300 0.0279817 0.0125927 
14400 0.0279334 0.0125052 
14500 0.0278336 0.012419 
14600 0.0275533 0.0123339 
14700 0.0274013 0.01225 
14800 0.0272338 0.0121673 
14900 0.0270403 0.0120856 
15000 0.0267755 0.012005 
15100 0.0268487 0.0119255 
15200 0.0267603 0.0118471 
15300 0.0265981 0.0117697 
15400 0.0264748 0.0116932 
15500 0.0264338 0.0116178 
15600 0.026494 0.0115433 
15700 0.0263545 0.0114698 
15800 0.0261094 0.0113972 
15900 0.025809 0.0113256 
16000 0.0256811 0.0112548 
16100 0.0252906 0.0111849 
16200 0.0251118 0.0111158 
16300 0.0250822 0.0110476 
16400 0.0249318 0.0109803 
16500 0.0247412 0.0109137 
16600 0.0246565 0.010848 
16700 0.0244865 0.010783 
16800 0.0243323 0.0107189 
16900 0.0241492 0.0106554 
17000 0.024222 0.0105928 
17100 0.0239529 0.0105308 
17200 0.0238979 0.0104696 
17300 0.0237717 0.0104091 
17400 0.0235998 0.0103493 
17500 0.0236315 0.0102901 
17600 0.0237427 0.0102317 
17700 0.0236567 0.0101739 
17800 0.0235706 0.0101167 
17900 0.0234041 0.0100602 
18000 0.0233821 0.0100043 
18100 0.0233753 0.00994904 
18200 0.0231662 0.00989438 
18300 0.0230878 0.00984031 
18400 0.0230367 0.00978684 
18500 0.0229075 0.00973394 
18600 0.0227619 0.00968161 
18700 0.0227058 0.00962984 
18800 0.0225652 0.00957862 
18900 0.0225055 0.00952794 
19000 0.0224437 0.00947779 
19100 0.0223023 0.00942818 
19200 0.0222254 0.00937907 
19300 0.0221091 0.00933048 
19400 0.0220301 0.00928239 
19500 0.0218697 0.00923479 
19600 0.021718 0.00918767 
19700 0.0216362 0.00914104 
19800 0.0214957 0.00909487 
19900 0.0213894 0.00904917 
20000 0.0213118 0.00900393 
20100 0.0211694 0.00895913 
20200 0.0210268 0.00891478 
20300 0.0210576 0.00887087 
20400 0.0210382 0.00882739 
20500 0.021034 0.00878433 
20600 0.0209729 0.00874169 
20700 0.0208693 0.00869946 
20800 0.0208367 0.00865764 
20900 0.0207273 0.00861622 
21000 0.0207234 0.00857519 
21100 0.0206714 0.00853455 
21200 0.0205001 0.0084943 
21300 0.0202858 0.00845442 
21400 0.0200503 0.00841491 
21500 0.0199974 0.00837578 
21600 0.0198688 0.008337 
21700 0.0199081 0.00829858 
21800 0.0198622 0.00826052 
21900 0.0196715 0.0082228 
22000 0.0196864 0.00818543 
22100 0.0196333 0.00814839 
22200 0.0196016 0.00811169 
22300 0.0194822 0.00807531 
22400 0.0194417 0.00803926 
22500 0.0193484 0.00800354 
22600 0.0194041 0.00796812 
22700 0.0192397 0.00793302 
22800 0.0191707 0.00789823 
22900 0.0191355 0.00786374 
23000 0.0189533 0.00782955 
23100 0.0188089 0.00779566 
23200 0.0187499 0.00776206 
23300 0.0187292 0.00772875 
23400 0.01863 0.00769572 
23500 0.0185359 0.00766297 
23600 0.0184953 0.00763051 
23700 0.0185591 0.00759831 
23800 0.0183038 0.00756639 
23900 0.0181902 0.00753473 
24000 0.0180965 0.00750334 
24100 0.0180574 0.0074722 
24200 0.0179419 0.00744133 
24300 0.0177872 0.00741071 
24400 0.017802 0.00738034 
24500 0.0176625 0.00735021 
24600 0.017648 0.00732034 
24700 0.0174502 0.0072907 
24800 0.0175385 0.0072613 
24900 0.0173749 0.00723214 
25000 0.0172881 0.00720321 
25100 0.0171729 0.00717452 
25200 0.0172544 0.00714605 
25300 0.0171582 0.0071178 
25400 0.0170051 0.00708978 
25500 0.0170434 0.00706198 
25600 0.0170986 0.0070344 
25700 0.016959 0.00700703 
25800 0.0168844 0.00697987 
25900 0.0165922 0.00695292 
26000 0.0166631 0.00692618 
26100 0.0166446 0.00689964 
26200 0.0166058 0.00687331 
26300 0.0165246 0.00684718 
26400 0.0163464 0.00682124 
26500 0.0164231 0.0067955 
26600 0.0162854 0.00676995 
26700 0.0162643 0.0067446 
26800 0.0162172 0.00671943 
26900 0.0160456 0.00669446 
27000 0.0160726 0.00666966 
27100 0.0159901 0.00664505 
27200 0.0158065 0.00662062 
27300 0.0158027 0.00659637 
27400 0.0156345 0.0065723 
27500 0.0155712 0.0065484 
27600 0.015693 0.00652468 
27700 0.0154655 0.00650112 
27800 0.0153174 0.00647841 
27900 0.0154457 0.00645519 
28000 0.0152904 0.00643214 
28100 0.0154105 0.00640925 
28200 0.0154138 0.00638652 
28300 0.015115 0.00636396 
28400 0.0151951 0.00634155 
28500 0.0150786 0.0063193 
28600 0.0151516 0.0062972 
28700 0.015089 0.00627526 
28800 0.0150468 0.00625347 
28900 0.0150766 0.00623184 
29000 0.0151319 0.00621035 
29100 0.0150218 0.00618901 
29200 0.0149364 0.00616781 
29300 0.0150616 0.00614676 
29400 0.0150952 0.00612586 
29500 0.0149204 0.00610509 
29600 0.0149624 0.00608447 
29700 0.0149209 0.00606398 
29800 0.0146686 0.00604363 
29900 0.0146565 0.00602342 
30000 0.0145668 0.00600334 
30100 0.014545 0.0059834 
30200 0.0147328 0.00596359 
30300 0.0146554 0.00594391 
30400 0.0146718 0.00592435 
30500 0.0147098 0.00590493 
30600 0.014807 0.00588563 
30700 0.0148153 0.00586646 
30800 0.0147009 0.00584742 
30900 0.0148718 0.00582849 
31000 0.014613 0.00580969 
31100 0.0145254 0.00579101 
31200 0.0147602 0.00577245 
31300 0.014666 0.00575401 
31400 0.0146507 0.00573569 
31500 0.0146715 0.00571748 
31600 0.0145848 0.00569939 
31700 0.014459 0.00568141 
31800 0.0143532 0.00566354 
31900 0.0143298 0.00564579 
32000 0.0146183 0.00562815 
32100 0.0145068 0.00561061 
32200 0.0146763 0.00559319 
32300 0.014584 0.00557587 
32400 0.0144107 0.00555867 
32500 0.0144012 0.00554156 
32600 0.0143489 0.00552456 
32700 0.0143831 0.00550767 
32800 0.0144003 0.00549088 
32900 0.0143966 0.00547419 
33000 0.014417 0.0054576 
33100 0.0146056 0.00544111 
33200 0.0146333 0.00542473 
33300 0.0146413 0.00540844 
33400 0.0144941 0.00539224 
33500 0.0143767 0.00537615 
33600 0.0143222 0.00536015 
33700 0.0142109 0.00534424 
33800 0.0142378 0.00532843 
33900 0.0139837 0.00531271 
34000 0.0140008 0.00529709 
34100 0.0139911 0.00528156 
34200 0.0139076 0.00526611 
34300 0.0137268 0.00525076 
34400 0.0139419 0.0052355 
34500 0.0138635 0.00522032 
34600 0.0139125 0.00520523 
34700 0.0137828 0.00519023 
34800 0.0136685 0.00517532 
34900 0.0136708 0.00515451 
35000 0.0136562 0.00509434 
35100 0.0136233 0.00510325 
35200 0.0136232 0.00513294 
35300 0.0134967 0.00513423 
35400 0.0134479 0.00512335 
35500 0.0134719 0.00512055 
35600 0.0133585 0.00506486 
35700 0.013319 0.00506822 
35800 0.0133245 0.00505033 
35900 0.0133438 0.00503327 
36000 0.0134632 0.00502315 
36100 0.013674 0.00500422 
36200 0.0138189 0.00495847 
36300 0.0140347 0.00495229 
36400 0.0141531 0.00495826 
36500 0.0142173 0.00491302 
36600 0.0142725 0.00495136 
36700 0.0143186 0.00499162 
36800 0.0142435 0.00501044 
36900 0.0142857 0.00499762 
37000 0.0142187 0.00498412 
37100 0.0141854 0.00497068 
37200 0.0142093 0.00495732 
37300 0.0142206 0.00494403 
37400 0.0142024 0.00493081 
37500 0.0141703 0.00491766 
37600 0.014139 0.00490458 
37700 0.0141327 0.00489158 
37800 0.0140816 0.00487864 
37900 0.0140494 0.00486576 
38000 0.0140134 0.00485346 
38100 0.0139558 0.00484072 
38200 0.01396 0.00482805 
38300 0.0139115 0.00481544 
38400 0.0138399 0.00480291 
38500 0.0137796 0.00479043 
38600 0.0137572 0.00477802 
38700 0.0136638 0.00476567 
38800 0.0136768 0.00475339 
38900 0.0137033 0.00474117 
39000 0.0136205 0.00472902 
39100 0.0136157 0.00471692 
39200 0.0135977 0.00470489 
39300 0.0136666 0.00469292 
39400 0.0136611 0.00468101 
39500 0.0136577 0.00466916 
39600 0.0135984 0.00465737 
39700 0.0134983 0.00464564 
39800 0.01341 0.00463396 
39900 0.0133333 0.00462235 
40000 0.0133315 0.00461079 
40100 0.0132664 0.0045993 
40200 0.0131662 0.00458785 
40300 0.013213 0.00457647 
40400 0.0131514 0.00456514 
40500 0.0132172 0.00455387 
40600 0.0131531 0.00454266 
40700 0.0131762 0.00453149 
40800 0.0130921 0.00452039 
40900 0.0131091 0.00450934 
41000 0.0130665 0.00449834 
41100 0.0129697 0.00448739 
41200 0.0128909 0.0044765 
41300 0.0128892 0.00446566 
41400 0.0129198 0.00445488 
41500 0.0128979 0.00444414 
41600 0.0128619 0.00443346 
41700 0.0128769 0.00442283 
41800 0.0129303 0.00441225 
41900 0.0129219 0.00440193 
42000 0.0130272 0.00438035 
42100 0.0130109 0.00435336 
42200 0.0130005 0.0043775 
42300 0.0130381 0.00433713 
42400 0.0130626 0.00432035 
42500 0.0130623 0.0043372 
42600 0.0130275 0.0043592 
42700 0.0129617 0.00433692 
42800 0.012908 0.0043752 
42900 0.0128686 0.00436931 
43000 0.0129032 0.00435829 
43100 0.0128772 0.00435857 
43200 0.0129974 0.00436696 
43300 0.013022 0.00435681 
43400 0.0130581 0.00435253 
43500 0.0129359 0.00434667 
43600 0.0128999 0.004316 
43700 0.0128821 0.00430655 
43800 0.0128046 0.00429047 
43900 0.0128224 0.00422788 
44000 0.0128786 0.00429966 
44100 0.0128202 0.00430707 
44200 0.0128074 0.00427658 
44300 0.0127655 0.00429785 
44400 0.0126863 0.00428794 
44500 0.0127187 0.00429076 
44600 0.0127143 0.00429537 
44700 0.0127152 0.00424503 
44800 0.0127241 0.00423276 
44900 0.0126913 0.00425984 
45000 0.0126481 0.00425002 
45100 0.0126356 0.00423301 
45200 0.0126193 0.00422045 
45300 0.0125657 0.00415457 
45400 0.0124558 0.00416375 
45500 0.0123694 0.00413945 
45600 0.0123337 0.00416172 
45700 0.0123579 0.00414246 
45800 0.0123199 0.00414329 
45900 0.012206 0.00412441 
46000 0.0121915 0.00414597 
46100 0.0121411 0.00412859 
46200 0.0121406 0.00411479 
46300 0.0120761 0.00414794 
46400 0.0119824 0.00415829 
46500 0.0120151 0.00418215 
46600 0.0120102 0.00416028 
46700 0.0119675 0.00415317 
46800 0.011874 0.00413761 
46900 0.0118289 0.00416735 
47000 0.0117788 0.00418046 
47100 0.0117201 0.00417128 
47200 0.0117245 0.00416452 
47300 0.0116567 0.00415572 
47400 0.0116719 0.00414695 
47500 0.0117779 0.00413822 
47600 0.0117659 0.00412953 
47700 0.0117522 0.00412087 
47800 0.0117679 0.00411225 
47900 0.0118478 0.00410366 
48000 0.0117937 0.00409511 
48100 0.0117309 0.0040866 
48200 0.0117898 0.00407812 
48300 0.0118259 0.00406968 
48400 0.0118291 0.00406127 
48500 0.0118605 0.0040529 
48600 0.011746 0.00404456 
48700 0.0116549 0.00403625 
48800 0.0116438 0.00402798 
48900 0.011678 0.00401975 
49000 0.0115945 0.00401154 
49100 0.0116246 0.00400337 
49200 0.0114995 0.00399524 
49300 0.0114799 0.00398713 
49400 0.0115152 0.00397906 
49500 0.0114317 0.00397102 
49600 0.0113823 0.00396302 
49700 0.0114649 0.00395504 
49800 0.0114798 0.0039471 
49900 0.0115303 0.00393919 
50000 0.0114509 0.00393131 
50100 0.011474 0.00392347 
50200 0.0113897 0.00391565 
50300 0.0113761 0.00390787 
50400 0.0114263 0.00390011 
50500 0.0113557 0.00389239 
50600 0.0113587 0.0038847 
50700 0.011334 0.00387704 
50800 0.0113635 0.0038694 
50900 0.011347 0.0038618 
51000 0.011311 0.00385423 
51100 0.0112634 0.00384669 
51200 0.0113182 0.00383917 
51300 0.0112379 0.00383169 
51400 0.0112198 0.00382424 
51500 0.0112301 0.00381681 
51600 0.0112162 0.00380941 
51700 0.0112228 0.00380205 
51800 0.0111285 0.00379471 
51900 0.0111339 0.00378739 
52000 0.0110673 0.00378011 
52100 0.0111327 0.00377286 
52200 0.0111385 0.00376563 
52300 0.0110958 0.00375843 
52400 0.0110902 0.00375126 
52500 0.0110535 0.00374411 
52600 0.0110222 0.00373699 
52700 0.0110509 0.0037299 
52800 0.0110712 0.00372284 
52900 0.0110584 0.0037158 
53000 0.0110696 0.00370879 
53100 0.0110649 0.00370181 
53200 0.0110601 0.00369485 
53300 0.0110613 0.00368792 
53400 0.0110315 0.00368101 
53500 0.0109723 0.00367413 
53600 0.0109285 0.00366727 
53700 0.0109229 0.00366045 
53800 0.010846 0.00365364 
53900 0.0107951 0.00364686 
54000 0.010786 0.00364011 
54100 0.0107997 0.00363338 
54200 0.010817 0.00362668 
54300 0.0107799 0.00362 
54400 0.0108197 0.00361334 
54500 0.0107483 0.00360671 
54600 0.0106948 0.00360011 
54700 0.0107085 0.00359353 
54800 0.0107026 0.00358697 
54900 0.0106607 0.00358044 
55000 0.0107574 0.00358201 
55100 0.0107624 0.00357096 
55200 0.0107778 0.00354912 
55300 0.0107399 0.0036093 
55400 0.0107122 0.00360278 
55500 0.0106969 0.00359629 
55600 0.0106784 0.00358982 
55700 0.0106899 0.00358338 
55800 0.010659 0.00357696 
55900 0.0107051 0.00357056 
56000 0.010664 0.00356418 
56100 0.0107169 0.00355783 
56200 0.0107021 0.0035515 
56300 0.010697 0.00354519 
56400 0.0107045 0.00353891 
56500 0.0106227 0.00353264 
56600 0.0106536 0.0035264 
56700 0.0105927 0.00352018 
56800 0.0105819 0.00351398 
56900 0.0105283 0.00350781 
57000 0.0105197 0.00350165 
57100 0.0105499 0.00349552 
57200 0.0104848 0.00348941 
57300 0.0105037 0.00348332 
57400 0.0105097 0.00347725 
57500 0.0105425 0.00347121 
57600 0.0104926 0.0034635 
57700 0.0104089 0.00345109 
57800 0.0104087 0.00343542 
57900 0.0103907 0.00341313 
58000 0.01039 0.00346279 
58100 0.0103732 0.00345683 
58200 0.0103388 0.00345089 
58300 0.0103054 0.00344497 
58400 0.010322 0.00343908 
58500 0.0103043 0.0034332 
58600 0.010336 0.00342734 
58700 0.0103187 0.0034215 
58800 0.0103019 0.00341568 
58900 0.0102691 0.00340988 
59000 0.0102984 0.0034041 
59100 0.0102674 0.00339834 
59200 0.0102504 0.0033926 
59300 0.0102488 0.00338688 
59400 0.0102169 0.00338118 
59500 0.0102155 0.0033755 
59600 0.0101835 0.00336983 
59700 0.0101516 0.00336419 
59800 0.0101947 0.00335856 
59900 0.0101191 0.00335296 
60000 0.0101181 0.00334737 
60100 0.0100235 0.0033418 
60200 0.0100705 0.00333625 
60300 0.00999129 0.00333071 
60400 0.0100535 0.0033252 
60500 0.0100816 0.0033197 
60600 0.0100368 0.00331423 
60700 0.0100498 0.00330877 
60800 0.0100341 0.00330332 
60900 0.0100462 0.0032979 
61000 0.0100569 0.00329249 
61100 0.0100287 0.00328711 
61200 0.00998628 0.00328173 
61300 0.00997053 0.00327638 
61400 0.00994147 0.00327104 
61500 0.00988282 0.00326573 
61600 0.00983719 0.00326042 
61700 0.00983667 0.00325514 
61800 0.00977585 0.00324987 
61900 0.0098213 0.00324462 
62000 0.00979114 0.00323939 
62100 0.00979097 0.00323417 
62200 0.00977792 0.00322897 
62300 0.00976518 0.00322379 
62400 0.00972374 0.00321863 
62500 0.00972375 0.00321348 
62600 0.00973869 0.00320834 
62700 0.00972651 0.00320323 
62800 0.00968505 0.00319812 
62900 0.0096766 0.00319304 
63000 0.00961716 0.00318797 
63100 0.00958625 0.00318292 
63200 0.00957183 0.00317788 
63300 0.00957309 0.00317286 
63400 0.00959196 0.00316786 
63500 0.00958066 0.00316287 
63600 0.00957096 0.0031579 
63700 0.00956867 0.00315294 
63800 0.00954266 0.003148 
63900 0.00954394 0.00314307 
64000 0.00953167 0.00313816 
64100 0.00951949 0.00313327 
64200 0.00950678 0.00312838 
64300 0.00953403 0.00312352 
64400 0.00949564 0.00311867 
64500 0.00947122 0.00311383 
64600 0.00946304 0.00310901 
64700 0.00945015 0.00310421 
64800 0.00947245 0.00309942 
64900 0.00941805 0.00309464 
65000 0.00940459 0.00308988 
65100 0.0094172 0.00308514 
65200 0.0094234 0.0030804 
65300 0.00938702 0.00307569 
65400 0.00939148 0.00307098 
65500 0.00940616 0.0030663 
65600 0.00948071 0.00306162 
65700 0.00945802 0.00305696 
65800 0.00942261 0.00305232 
65900 0.00943289 0.00304768 
66000 0.00941911 0.00304307 
66100 0.00929517 0.00303846 
66200 0.00924549 0.00303387 
66300 0.00921515 0.0030293 
66400 0.00921762 0.00302473 
66500 0.00918339 0.00302019 
66600 0.00920575 0.00301565 
66700 0.00918127 0.00301113 
66800 0.00915309 0.00300662 
66900 0.00914714 0.00300213 
67000 0.00913701 0.00299765 
67100 0.00915711 0.00299318 
67200 0.00913255 0.00298873 
67300 0.00911967 0.00298429 
67400 0.00909115 0.00297986 
67500 0.00905704 0.00297544 
67600 0.0090708 0.00297104 
67700 0.00904858 0.00296665 
67800 0.0090351 0.00296228 
67900 0.00906649 0.00295792 
68000 0.0090676 0.00295357 
68100 0.00902946 0.00294923 
68200 0.00903153 0.0029449 
68300 0.00899114 0.00294059 
68400 0.00895857 0.00293629 
68500 0.00894047 0.00293201 
68600 0.00892532 0.00292773 
68700 0.00893769 0.00292347 
68800 0.00890059 0.00291922 
68900 0.00888495 0.00291499 
69000 0.00886896 0.00291076 
69100 0.00888336 0.00290655 
69200 0.00883548 0.00290235 
69300 0.00882158 0.00289816 
69400 0.00886265 0.00289398 
69500 0.00883864 0.00288982 
69600 0.00879645 0.00288567 
69700 0.00878909 0.00288153 
69800 0.00875422 0.0028774 
69900 0.00876883 0.00287328 
70000 0.00876197 0.00286918 
70100 0.00875919 0.00286509 
70200 0.00881216 0.00286101 
70300 0.00880679 0.00285694 
70400 0.00881172 0.00285288 
70500 0.00885359 0.00284883 
70600 0.00885683 0.0028448 
70700 0.00884151 0.00284077 
70800 0.00888785 0.00283676 
70900 0.00894109 0.00283276 
71000 0.00892156 0.00282877 
71100 0.00891841 0.00282479 
71200 0.00887408 0.00282082 
71300 0.0088623 0.00281687 
71400 0.00882746 0.00281292 
71500 0.00879226 0.00280899 
71600 0.00883834 0.00280506 
71700 0.00884814 0.00280115 
71800 0.0088568 0.00279725 
71900 0.00884494 0.00279336 
72000 0.0088336 0.00278948 
72100 0.00885134 0.00278561 
72200 0.00882137 0.00278175 
72300 0.0088013 0.00277791 
72400 0.00879053 0.00277407 
72500 0.00877932 0.00277024 
72600 0.00878781 0.00276643 
72700 0.0087966 0.00276262 
72800 0.00874716 0.00275883 
72900 0.00871575 0.00275504 
73000 0.00871665 0.00275127 
73100 0.00869433 0.00274751 
73200 0.00868475 0.00274375 
73300 0.00867857 0.00274001 
73400 0.00867748 0.00273628 
73500 0.00864576 0.00273255 
73600 0.00863466 0.00272884 
73700 0.00862165 0.00272514 
73800 0.00856463 0.00272145 
73900 0.00856703 0.00271776 
74000 0.00856348 0.00271409 
74100 0.008572 0.00271043 
74200 0.00857797 0.00270678 
74300 0.00857836 0.00270313 
74400 0.00856458 0.0026995 
74500 0.00854067 0.00269588 
74600 0.00847066 0.00269226 
74700 0.00844792 0.00268866 
74800 0.00849496 0.00268506 
74900 0.00850534 0.00268148 
75000 0.00849421 0.0026779 
75100 0.00842009 0.00267434 
75200 0.00840949 0.00267078 
75300 0.00833836 0.00266723 
75400 0.00830213 0.0026637 
75500 0.00829133 0.00266017 
75600 0.0082682 0.00265665 
75700 0.00827039 0.00265314 
75800 0.00826095 0.00264964 
75900 0.00825064 0.00264615 
76000 0.0082785 0.00264267 
76100 0.00828039 0.0026392 
76200 0.00825755 0.00263573 
76300 0.00825916 0.00263228 
76400 0.00821989 0.00262883 
76500 0.00815614 0.0026254 
76600 0.00813379 0.00262197 
76700 0.00813299 0.00261855 
76800 0.00814622 0.00261514 
76900 0.00820366 0.00261174 
77000 0.00821791 0.00260835 
77100 0.00819258 0.00260497 
77200 0.00816644 0.00260159 
77300 0.00819208 0.00259823 
77400 0.00809237 0.00259487 
77500 0.00806691 0.00259152 
77600 0.00807498 0.00258818 
77700 0.00807419 0.00258485 
77800 0.00807838 0.00258153 
77900 0.00805057 0.00257821 
78000 0.00803644 0.00257491 
78100 0.00802251 0.00257161 
78200 0.00801974 0.00256832 
78300 0.00806592 0.00256504 
78400 0.00806466 0.00256177 
78500 0.00805204 0.00255851 
78600 0.00803885 0.00255525 
78700 0.00799888 0.00255201 
78800 0.00802223 0.00254877 
78900 0.00798403 0.00254554 
79000 0.00795272 0.00254231 
79100 0.00797353 0.0025391 
79200 0.00797685 0.0025359 
79300 0.00799624 0.0025327 
79400 0.00799741 0.00252951 
79500 0.00797736 0.00252633 
79600 0.00799233 0.00252315 
79700 0.00800009 0.00251999 
79800 0.00798054 0.00251683 
79900 0.00797183 0.00251368 
80000 0.00796839 0.00251054 
80100 0.00800082 0.0025074 
80200 0.00802347 0.00250428 
80300 0.00803703 0.00250116 
80400 0.00800676 0.00249805 
80500 0.00799483 0.00249494 
80600 0.00795476 0.00249185 
80700 0.00790744 0.00248876 
80800 0.00788086 0.00248568 
80900 0.00787312 0.00248261 
81000 0.00786374 0.00247954 
81100 0.00784653 0.00247649 
81200 0.0078283 0.00247344 
81300 0.00782064 0.00247039 
81400 0.00785159 0.00246736 
81500 0.00780981 0.00246433 
81600 0.00776842 0.00246131 
81700 0.00777296 0.0024583 
81800 0.0077345 0.00245529 
81900 0.00770314 0.0024523 
82000 0.00771045 0.0024493 
82100 0.00771109 0.00244632 
82200 0.00765724 0.00244335 
82300 0.00766096 0.00244038 
82400 0.00771413 0.00243741 
82500 0.00772664 0.00243446 
82600 0.00770046 0.00243151 
82700 0.00766989 0.00242857 
82800 0.00766288 0.00242564 
82900 0.00765955 0.00242271 
83000 0.00759837 0.0024198 
83100 0.00759192 0.00241688 
83200 0.0075823 0.00241398 
83300 0.00759485 0.00241108 
83400 0.0076418 0.00240819 
83500 0.0076758 0.00240531 
83600 0.00769668 0.00240243 
83700 0.00767484 0.00239956 
83800 0.00763874 0.00239669 
83900 0.00765123 0.00239384 
84000 0.00763734 0.00239099 
84100 0.00760264 0.00238815 
84200 0.00761935 0.00238531 
84300 0.00760262 0.00238248 
84400 0.00757389 0.00237966 
84500 0.00757935 0.00237684 
84600 0.00755272 0.00237403 
84700 0.00754931 0.00237123 
84800 0.00754254 0.00236843 
84900 0.00753328 0.00236564 
85000 0.00757032 0.00236286 
85100 0.0076114 0.00236008 
85200 0.00762893 0.00235731 
85300 0.00760194 0.00235455 
85400 0.00758493 0.00235179 
85500 0.00764593 0.00234904 
85600 0.0076343 0.0023463 
85700 0.00760735 0.00234356 
85800 0.00760613 0.00234083 
85900 0.00762892 0.0023381 
86000 0.0076472 0.00233538 
86100 0.00767615 0.00233267 
86200 0.00766929 0.00232997 
86300 0.00769362 0.00232727 
86400 0.00767739 0.00232457 
86500 0.00769912 0.00232189 
86600 0.00769262 0.0023192 
86700 0.00767682 0.00231653 
86800 0.00767566 0.00231386 
86900 0.00765242 0.0023112 
87000 0.00762938 0.00230854 
87100 0.00761296 0.00230589 
87200 0.00760459 0.00230325 
87300 0.00760442 0.00230061 
87400 0.00760373 0.00229798 
87500 0.0075954 0.00229535 
87600 0.00756402 0.00229273 
87700 0.00753907 0.00229012 
87800 0.00752216 0.00228751 
87900 0.00750528 0.0022849 
88000 0.00750591 0.00228231 
88100 0.00748027 0.00227972 
88200 0.00749852 0.00227713 
88300 0.007499 0.00227455 
88400 0.00748241 0.00227198 
88500 0.00743918 0.00226941 
88600 0.00744914 0.00226685 
88700 0.00744107 0.0022643 
88800 0.00744161 0.00226175 
88900 0.0074667 0.0022592 
89000 0.00744361 0.00225666 
89100 0.00746848 0.00225413 
89200 0.00744749 0.00225161 
89300 0.00740666 0.00224908 
89400 0.0073987 0.00224657 
89500 0.00736437 0.00224406 
89600 0.00737448 0.00224155 
89700 0.00732145 0.00223905 
89800 0.00734152 0.00223656 
89900 0.00733383 0.00223407 
90000 0.00733481 0.00223159 
90100 0.0072996 0.00222911 
90200 0.00730563 0.00222664 
90300 0.00731344 0.00222418 
90400 0.00731066 0.00222172 
90500 0.00729619 0.00221926 
90600 0.00727269 0.00221681 
90700 0.00731099 0.00221437 
90800 0.00728656 0.00221193 
90900 0.00725271 0.0022095 
91000 0.00727269 0.00220707 
91100 0.00724818 0.00220465 
91200 0.00725891 0.00220223 
91300 0.0072254 0.00219982 
91400 0.00719948 0.00219741 
91500 0.00718217 0.00219501 
91600 0.0071506 0.00219261 
91700 0.00713892 0.00219022 
91800 0.00713773 0.00218783 
91900 0.00712934 0.00218545 
92000 0.00715206 0.00218308 
92100 0.00709542 0.00218071 
92200 0.00710811 0.00217834 
92300 0.00708034 0.00217598 
92400 0.00708335 0.00217363 
92500 0.00704529 0.00217128 
92600 0.00703797 0.00216893 
92700 0.0070311 0.00216659 
92800 0.00704464 0.00216426 
92900 0.00705772 0.00216193 
93000 0.00704039 0.0021596 
93100 0.00704313 0.00215729 
93200 0.00701613 0.00215497 
93300 0.00699875 0.00215266 
93400 0.00702194 0.00215036 
93500 0.00700517 0.00214806 
93600 0.00701906 0.00214576 
93700 0.00703286 0.00214347 
93800 0.00700848 0.00214119 
93900 0.00702114 0.00213891 
94000 0.00696558 0.00213663 
94100 0.00696704 0.00213436 
94200 0.00696155 0.00213209 
94300 0.00698251 0.00212983 
94400 0.00700713 0.00212758 
94500 0.00699905 0.00212533 
94600 0.00702396 0.00212308 
94700 0.00702415 0.00212084 
94800 0.00705785 0.0021186 
94900 0.00701897 0.00211637 
95000 0.00702417 0.00211414 
95100 0.0070329 0.00211192 
95200 0.00704525 0.0021097 
95300 0.00705213 0.00210748 
95400 0.00703719 0.00210528 
95500 0.00702995 0.00210307 
95600 0.00702912 0.00210087 
95700 0.00699915 0.00209868 
95800 0.00698164 0.00209649 
95900 0.00695998 0.0020943 
96000 0.00692673 0.00209212 
96100 0.00692512 0.00208994 
96200 0.00688056 0.00208777 
96300 0.00688254 0.0020856 
96400 0.00686553 0.00208344 
96500 0.0068331 0.00208128 
96600 0.00685801 0.00207912 
96700 0.00682375 0.00207697 
96800 0.00675553 0.00207483 
96900 0.00673136 0.00207269 
97000 0.00678487 0.00207055 
97100 0.006753 0.00206842 
97200 0.00669319 0.00206629 
97300 0.00669602 0.00206417 
97400 0.00664374 0.00206205 
97500 0.00668568 0.00205993 
97600 0.00668095 0.00205782 
97700 0.00668441 0.00205572 
97800 0.00670053 0.00205361 
97900 0.00665977 0.00205152 
98000 0.00661641 0.00204942 
98100 0.00665869 0.00204733 
98200 0.00670465 0.00204525 
98300 0.00671442 0.00204317 
98400 0.00674182 0.00204109 
98500 0.00672198 0.0020424 
98600 0.00675675 0.00204106 
98700 0.00676315 0.00203944 
98800 0.00677744 0.00203053 
98900 0.00675787 0.00203832 
99000 0.00677814 0.00206411 
99100 0.00680988 0.00205873 
99200 0.00679413 0.00204697 
99300 0.00678893 0.00203353 
99400 0.00680582 0.00205713 
99500 0.0068092 0.00206998 
99600 0.00679871 0.00207274 
99700 0.00679233 0.00208519 
99800 0.00682283 0.00208854 
99900 0.00684295 0.00208645 
100000 0.0068385 0.00208436 
110000 0.00616224 0.00191723 
120000 0.00587136 0.00175746 
130000 0.00571388 0.00162227 
140000 0.0052082 0.00153718 
150000 0.00475839 0.00143471 
160000 0.00456197 0.00134504 
170000 0.00434797 0.00126592 
180000 0.0039994 0.00119559 
190000 0.00396195 0.00113267 
200000 0.00394839 0.00107603 
210000 0.00379933 0.0010248 
220000 0.00391089 0.000978214 
230000 0.00355597 0.000935683 
240000 0.00381686 0.000899325 
250000 0.00374712 0.000868457 
260000 0.00359281 0.000835055 
270000 0.00350995 0.000804127 
280000 0.00342245 0.000775409 
290000 0.00324902 0.000748671 
300000 0.00326224 0.000723715 
310000 0.00311302 0.000700369 
320000 0.00300266 0.000678483 
330000 0.00289251 0.000677084 
340000 0.00294359 0.000666912 
350000 0.0028931 0.000647858 
360000 0.00288474 0.000629862 
370000 0.00287201 0.000612838 
380000 0.00290642 0.000596711 
390000 0.00286157 0.000581411 
400000 0.00281579 0.000566876 
410000 0.00272112 0.000553049 
420000 0.00263278 0.000539882 
430000 0.00259679 0.000527326 
440000 0.0024341 0.00051174 
450000 0.00241291 0.000513519 
460000 0.00244543 0.000502382 
470000 0.00239253 0.000491693 
480000 0.00238626 0.000481449 
490000 0.00238271 0.000471624 
500000 0.00245245 0.000462192 
510000 0.00237411 0.000453129 
520000 0.0023061 0.000444415 
530000 0.00237304 0.00043603 
540000 0.00228852 0.000427955 
550000 0.00223078 0.000420174 
560000 0.00222804 0.000412671 
570000 0.00228697 0.000396702 
580000 0.00224856 0.000400057 
590000 0.00221719 0.000393277 
600000 0.00220469 0.000386722 
610000 0.00218853 0.000380382 
620000 0.00212442 0.000374247 
630000 0.00214767 0.000368307 
640000 0.00216509 0.000362552 
650000 0.00214702 0.000356974 
660000 0.00212265 0.000351565 
670000 0.00209341 0.000346318 
680000 0.00207695 0.000341225 
690000 0.00205116 0.00033628 
700000 0.00202278 0.000331476 
710000 0.00196895 0.000326807 
720000 0.00195647 0.000322268 
730000 0.00190969 0.000317854 
740000 0.00187144 0.000313558 
750000 0.00181527 0.000309378 
760000 0.00179279 0.000305307 
770000 0.00178057 0.000301342 
780000 0.00177115 0.000297479 
790000 0.00176367 0.000293713 
800000 0.0017185 0.000290042 
810000 0.00173943 0.000287213 
820000 0.00171045 0.000284422 
830000 0.00171025 0.000280995 
840000 0.00167614 0.00027765 
850000 0.00165369 0.000274383 
860000 0.00157814 0.000271193 
870000 0.00162072 0.000268076 
880000 0.00161259 0.000265029 
890000 0.00159474 0.000262052 
900000 0.00159136 0.00025914 
910000 0.00159537 0.000256292 
920000 0.00156646 0.000253506 
930000 0.00153469 0.00025078 
940000 0.00152549 0.000248113 
950000 0.00152103 0.000245501 
960000 0.00154976 0.000242944 
970000 0.00148597 0.000240439 
980000 0.00146993 0.000237986 
990000 0.00143734 0.000235582 
1000000 0.00144168 0.000233226 
1010000 0.00139586 0.000230917 
1020000 0.00139895 0.000228653 
1030000 0.00140085 0.000226433 
1040000 0.00140541 0.000224256 
1050000 0.00140777 0.00022212 
1060000 0.00143773 0.000220025 
