800
799 : 2 0 1 199
798 : 0 199
797 : 2 0 1 198
795 : 2 0 1 197
793 : 2 0 1 196
790 : 0 195
787 : 2 0 1 193
786 : 0 193
784 : 0 192
783 : 2 0 1 191
782 : 0 191
781 : 2 0 1 190
780 : 0 190
779 : 2 0 1 189
771 : 2 0 1 185
769 : 2 0 1 184
768 : 0 184
767 : 2 0 1 183
766 : 0 183
762 : 0 181
760 : 0 180
759 : 2 0 1 179
757 : 2 0 1 178
756 : 0 178
755 : 2 0 1 177
754 : 0 177
750 : 0 175
749 : 2 0 1 174
746 : 0 173
742 : 0 171
740 : 0 170
738 : 0 169
737 : 2 0 1 168
734 : 0 167
733 : 2 0 1 166
730 : 0 165
729 : 2 0 1 164
728 : 0 164
727 : 2 0 1 163
726 : 0 163
725 : 2 0 1 162
724 : 0 162
723 : 2 0 1 161
722 : 0 161
720 : 0 160
718 : 0 159
717 : 2 0 1 158
716 : 0 158
714 : 0 157
713 : 2 0 1 156
709 : 2 0 1 154
708 : 0 154
333 : 1 1 166
330 : 1 0 165
328 : 1 0 164
312 : 1 0 156
221 : 1 1 110
159 : 1 1 79
307 : 1 1 153
340 : 1 0 170
648 : 0 124
305 : 1 1 152
304 : 1 0 152
435 : 2 0 1 17
470 : 0 35
557 : 2 0 1 78
303 : 1 1 151
299 : 1 1 149
296 : 1 0 148
295 : 1 1 147
562 : 0 81
288 : 1 0 144
556 : 0 78
245 : 1 1 122
313 : 1 1 156
661 : 2 0 1 130
282 : 1 0 141
343 : 1 1 171
277 : 1 1 138
228 : 1 0 114
276 : 1 0 138
310 : 1 0 155
421 : 2 0 1 10
275 : 1 1 137
273 : 1 1 136
61 : 1 1 30
267 : 1 1 133
128 : 1 0 64
743 : 2 0 1 171
239 : 1 1 119
156 : 1 0 78
583 : 2 0 1 91
682 : 0 141
337 : 1 1 168
469 : 2 0 1 34
258 : 1 0 129
257 : 1 1 128
254 : 1 0 127
94 : 1 0 47
584 : 0 92
744 : 0 172
308 : 1 0 154
93 : 1 1 46
249 : 1 1 124
216 : 1 0 108
243 : 1 1 121
238 : 1 0 119
235 : 1 1 117
231 : 1 1 115
63 : 1 1 31
285 : 1 1 142
9 : 1 1 4
457 : 2 0 1 28
634 : 0 117
226 : 1 0 113
252 : 1 0 126
573 : 2 0 1 86
225 : 1 1 112
224 : 1 0 112
712 : 0 156
151 : 1 1 75
222 : 1 0 111
220 : 1 0 110
219 : 1 1 109
74 : 1 0 37
82 : 1 0 41
382 : 1 0 191
425 : 2 0 1 12
699 : 2 0 1 149
796 : 0 198
591 : 2 0 1 95
298 : 1 0 149
117 : 1 1 58
272 : 1 0 136
624 : 0 112
764 : 0 182
186 : 1 0 93
213 : 1 1 106
211 : 1 1 105
290 : 1 0 145
324 : 1 0 162
209 : 1 1 104
101 : 1 1 50
488 : 0 44
204 : 1 0 102
30 : 1 0 15
200 : 1 0 100
198 : 1 0 99
197 : 1 1 98
789 : 2 0 1 194
133 : 1 1 66
195 : 1 1 97
194 : 1 0 97
131 : 1 1 65
791 : 2 0 1 195
785 : 2 0 1 192
192 : 1 0 96
190 : 1 0 95
429 : 2 0 1 14
321 : 1 1 160
248 : 1 0 124
665 : 2 0 1 132
184 : 1 0 92
183 : 1 1 91
181 : 1 1 90
227 : 1 1 113
179 : 1 1 89
350 : 1 0 175
176 : 1 0 88
169 : 1 1 84
3 : 1 1 1
765 : 2 0 1 182
168 : 1 0 84
167 : 1 1 83
297 : 1 1 148
524 : 0 62
166 : 1 0 83
484 : 0 42
95 : 1 1 47
747 : 2 0 1 173
193 : 1 1 96
206 : 1 0 103
177 : 1 1 88
10 : 1 0 5
67 : 1 1 33
64 : 1 0 32
172 : 1 0 86
53 : 1 1 26
247 : 1 1 123
323 : 1 1 161
83 : 1 1 41
302 : 1 0 151
685 : 2 0 1 142
149 : 1 1 74
289 : 1 1 144
485 : 2 0 1 42
180 : 1 0 90
50 : 1 0 25
389 : 1 1 194
27 : 1 1 13
68 : 1 0 34
218 : 1 0 109
65 : 1 1 32
251 : 1 1 125
178 : 1 0 89
62 : 1 0 31
741 : 2 0 1 170
538 : 0 69
644 : 0 122
58 : 1 0 29
636 : 0 118
112 : 1 0 56
116 : 1 0 58
46 : 1 0 23
539 : 2 0 1 69
6 : 1 0 3
332 : 1 0 166
776 : 0 188
164 : 1 0 82
396 : 1 0 198
51 : 1 1 25
136 : 1 0 68
73 : 1 1 36
42 : 1 0 21
59 : 1 1 29
336 : 1 0 168
715 : 2 0 1 157
188 : 1 0 94
158 : 1 0 79
39 : 1 1 19
751 : 2 0 1 175
696 : 0 148
37 : 1 1 18
2 : 2 0 1 0
196 : 1 0 98
70 : 1 0 35
171 : 1 1 85
36 : 1 0 18
441 : 2 0 1 20
548 : 0 74
259 : 1 1 129
47 : 1 1 23
123 : 1 1 61
415 : 2 0 1 7
12 : 1 0 6
264 : 1 0 132
18 : 1 0 9
523 : 2 0 1 61
25 : 1 1 12
154 : 1 0 77
686 : 0 143
230 : 1 0 115
150 : 1 0 75
175 : 1 1 87
52 : 1 0 26
208 : 1 0 104
125 : 1 1 62
233 : 1 1 116
701 : 2 0 1 150
794 : 0 197
255 : 1 1 127
41 : 1 1 20
278 : 1 0 139
719 : 2 0 1 159
688 : 0 144
66 : 1 0 33
19 : 1 1 9
564 : 0 82
185 : 1 1 92
191 : 1 1 95
48 : 1 0 24
567 : 2 0 1 83
745 : 2 0 1 172
40 : 1 0 20
464 : 0 32
266 : 1 0 133
561 : 2 0 1 80
501 : 2 0 1 50
14 : 1 0 7
774 : 0 187
102 : 1 0 51
406 : 0 3
753 : 2 0 1 176
325 : 1 1 162
1 : 1 0 1
201 : 1 1 100
306 : 1 0 153
142 : 1 0 71
433 : 2 0 1 16
161 : 1 1 80
559 : 2 0 1 79
380 : 1 0 190
320 : 1 0 160
463 : 2 0 1 31
721 : 2 0 1 160
165 : 1 1 82
75 : 1 1 37
363 : 1 1 181
91 : 1 1 45
199 : 1 1 99
49 : 1 1 24
516 : 0 58
11 : 1 1 5
129 : 1 1 64
529 : 2 0 1 64
69 : 1 1 34
361 : 1 1 180
271 : 1 1 135
334 : 1 0 167
4 : 1 0 2
242 : 1 0 121
341 : 1 1 170
35 : 1 1 17
157 : 1 1 78
316 : 1 0 158
152 : 1 0 76
659 : 2 0 1 129
236 : 1 0 118
5 : 1 1 2
55 : 1 1 27
658 : 0 129
294 : 1 0 147
357 : 1 1 178
287 : 1 1 143
281 : 1 1 140
540 : 0 70
626 : 0 113
173 : 1 1 86
17 : 1 1 8
43 : 1 1 21
143 : 1 1 71
182 : 1 0 91
31 : 1 1 15
207 : 1 1 103
704 : 0 152
45 : 1 1 22
286 : 1 0 143
399 : 1 1 199
388 : 1 0 194
107 : 1 1 53
653 : 2 0 1 126
500 : 0 50
77 : 1 1 38
234 : 1 0 117
587 : 2 0 1 93
681 : 2 0 1 140
309 : 1 1 154
109 : 1 1 54
369 : 1 1 184
531 : 2 0 1 65
33 : 1 1 16
512 : 0 56
26 : 1 0 13
537 : 2 0 1 68
212 : 1 0 106
284 : 1 0 142
147 : 1 1 73
256 : 1 0 128
22 : 1 0 11
680 : 0 140
100 : 1 0 50
16 : 1 0 8
393 : 1 1 196
351 : 1 1 175
8 : 1 0 4
138 : 1 0 69
268 : 1 0 134
122 : 1 0 61
525 : 2 0 1 62
293 : 1 1 146
80 : 1 0 40
444 : 0 22
20 : 1 0 10
274 : 1 0 137
279 : 1 1 139
606 : 0 103
650 : 0 125
97 : 1 1 48
608 : 0 104
114 : 1 0 57
81 : 1 1 40
119 : 1 1 59
403 : 1 1 0
32 : 1 0 16
291 : 1 1 145
625 : 2 0 1 112
56 : 1 0 28
110 : 1 0 55
241 : 1 1 120
327 : 1 1 163
223 : 1 1 111
575 : 2 0 1 87
0 : 0 0
113 : 1 1 56
214 : 1 0 107
261 : 1 1 130
84 : 1 0 42
326 : 1 0 163
253 : 1 1 126
627 : 2 0 1 113
85 : 1 1 42
163 : 1 1 81
331 : 1 1 165
86 : 1 0 43
270 : 1 0 135
88 : 1 0 44
121 : 1 1 60
711 : 2 0 1 155
28 : 1 0 14
578 : 0 89
518 : 0 59
89 : 1 1 44
106 : 1 0 53
124 : 1 0 62
137 : 1 1 68
405 : 2 0 1 2
674 : 0 137
646 : 0 123
99 : 1 1 49
527 : 2 0 1 63
452 : 0 26
292 : 1 0 146
155 : 1 1 77
98 : 1 0 49
105 : 1 1 52
732 : 0 166
651 : 2 0 1 125
335 : 1 1 167
736 : 0 168
577 : 2 0 1 88
611 : 2 0 1 105
352 : 1 0 176
394 : 1 0 197
414 : 0 7
103 : 1 1 51
246 : 1 0 123
666 : 0 133
300 : 1 0 150
400 : 0 1
57 : 1 1 28
120 : 1 0 60
244 : 1 0 122
695 : 2 0 1 147
210 : 1 0 105
34 : 1 0 17
315 : 1 1 157
260 : 1 0 130
563 : 2 0 1 81
378 : 1 0 189
130 : 1 0 65
535 : 2 0 1 67
23 : 1 1 11
134 : 1 0 67
792 : 0 196
710 : 0 155
642 : 0 121
108 : 1 0 54
135 : 1 1 67
104 : 1 0 52
453 : 2 0 1 26
21 : 1 1 10
383 : 1 1 191
657 : 2 0 1 128
139 : 1 1 69
140 : 1 0 70
145 : 1 1 72
702 : 0 151
217 : 1 1 108
76 : 1 0 38
572 : 0 86
141 : 1 1 70
588 : 0 94
620 : 0 110
602 : 0 101
536 : 0 68
670 : 0 135
788 : 0 194
205 : 1 1 102
144 : 1 0 72
24 : 1 0 12
515 : 2 0 1 57
13 : 1 1 6
202 : 1 0 101
162 : 1 0 81
148 : 1 0 74
153 : 1 1 76
189 : 1 1 94
317 : 1 1 158
54 : 1 0 27
115 : 1 1 57
367 : 1 1 183
311 : 1 1 155
338 : 1 0 169
348 : 1 0 174
534 : 0 67
748 : 0 174
269 : 1 1 134
339 : 1 1 169
342 : 1 0 171
345 : 1 1 172
344 : 1 0 172
346 : 1 0 173
79 : 1 1 39
347 : 1 1 173
593 : 2 0 1 96
318 : 1 0 159
693 : 2 0 1 146
353 : 1 1 176
354 : 1 0 177
355 : 1 1 177
752 : 0 176
349 : 1 1 174
502 : 0 51
356 : 1 0 178
358 : 1 0 179
359 : 1 1 179
377 : 1 1 188
569 : 2 0 1 84
362 : 1 0 181
364 : 1 0 182
229 : 1 1 114
240 : 1 0 120
366 : 1 0 183
368 : 1 0 184
455 : 2 0 1 27
370 : 1 0 185
371 : 1 1 185
684 : 0 142
372 : 1 0 186
373 : 1 1 186
314 : 1 0 157
434 : 0 17
374 : 1 0 187
118 : 1 0 59
479 : 2 0 1 39
375 : 1 1 187
376 : 1 0 188
379 : 1 1 189
384 : 1 0 192
426 : 0 13
385 : 1 1 192
386 : 1 0 193
387 : 1 1 193
683 : 2 0 1 141
770 : 0 185
390 : 1 0 195
460 : 0 30
127 : 1 1 63
71 : 1 1 35
436 : 0 18
395 : 1 1 197
397 : 1 1 198
398 : 1 0 199
392 : 1 0 196
404 : 0 2
643 : 2 0 1 121
409 : 2 0 1 4
410 : 0 5
411 : 2 0 1 5
574 : 0 87
700 : 0 150
126 : 1 0 63
412 : 0 6
416 : 0 8
132 : 1 0 66
542 : 0 71
417 : 2 0 1 8
633 : 2 0 1 116
637 : 2 0 1 118
418 : 0 9
495 : 2 0 1 47
160 : 1 0 80
547 : 2 0 1 73
419 : 2 0 1 9
422 : 0 11
423 : 2 0 1 11
424 : 0 12
428 : 0 14
430 : 0 15
671 : 2 0 1 135
431 : 2 0 1 15
111 : 1 1 55
432 : 0 16
571 : 2 0 1 85
592 : 0 96
170 : 1 0 85
420 : 0 10
437 : 2 0 1 18
438 : 0 19
44 : 1 0 22
483 : 2 0 1 41
623 : 2 0 1 111
7 : 1 1 3
439 : 2 0 1 19
401 : 1 0 0
440 : 0 20
262 : 1 0 131
442 : 0 21
761 : 2 0 1 180
443 : 2 0 1 21
203 : 1 1 101
445 : 2 0 1 22
446 : 0 23
447 : 2 0 1 23
448 : 0 24
461 : 2 0 1 30
449 : 2 0 1 24
466 : 0 33
454 : 0 27
456 : 0 28
458 : 0 29
459 : 2 0 1 29
462 : 0 31
408 : 0 4
645 : 2 0 1 122
232 : 1 0 116
465 : 2 0 1 32
250 : 1 0 125
677 : 2 0 1 138
322 : 1 0 161
451 : 2 0 1 25
467 : 2 0 1 33
509 : 2 0 1 54
594 : 0 97
468 : 0 34
471 : 2 0 1 35
472 : 0 36
407 : 2 0 1 3
473 : 2 0 1 36
96 : 1 0 48
474 : 0 37
475 : 2 0 1 37
15 : 1 1 7
146 : 1 0 73
477 : 2 0 1 38
505 : 2 0 1 52
478 : 0 39
480 : 0 40
543 : 2 0 1 71
481 : 2 0 1 40
482 : 0 41
486 : 0 43
487 : 2 0 1 43
87 : 1 1 43
638 : 0 119
489 : 2 0 1 44
618 : 0 109
492 : 0 46
493 : 2 0 1 46
596 : 0 98
668 : 0 134
621 : 2 0 1 110
775 : 2 0 1 187
476 : 0 38
497 : 2 0 1 48
391 : 1 1 195
632 : 0 116
498 : 0 49
491 : 2 0 1 45
499 : 2 0 1 49
490 : 0 45
503 : 2 0 1 51
504 : 0 52
301 : 1 1 150
506 : 0 53
507 : 2 0 1 53
656 : 0 128
707 : 2 0 1 153
758 : 0 179
263 : 1 1 131
510 : 0 55
735 : 2 0 1 167
237 : 1 1 118
511 : 2 0 1 55
513 : 2 0 1 56
546 : 0 73
514 : 0 57
528 : 0 64
508 : 0 54
532 : 0 66
522 : 0 61
521 : 2 0 1 60
533 : 2 0 1 66
541 : 2 0 1 70
283 : 1 1 141
544 : 0 72
731 : 2 0 1 165
365 : 1 1 182
545 : 2 0 1 72
519 : 2 0 1 59
549 : 2 0 1 74
29 : 1 1 14
550 : 0 75
551 : 2 0 1 75
552 : 0 76
554 : 0 77
778 : 0 189
78 : 1 0 39
555 : 2 0 1 77
174 : 1 0 87
705 : 2 0 1 152
558 : 0 79
60 : 1 0 30
560 : 0 80
566 : 0 83
568 : 0 84
570 : 0 85
576 : 0 88
280 : 1 0 140
579 : 2 0 1 89
580 : 0 90
565 : 2 0 1 82
581 : 2 0 1 90
660 : 0 130
582 : 0 91
585 : 2 0 1 92
72 : 1 0 36
520 : 0 60
586 : 0 93
590 : 0 95
595 : 2 0 1 97
187 : 1 1 93
597 : 2 0 1 98
598 : 0 99
600 : 0 100
687 : 2 0 1 143
601 : 2 0 1 100
692 : 0 146
777 : 2 0 1 188
763 : 2 0 1 181
603 : 2 0 1 101
604 : 0 102
605 : 2 0 1 102
609 : 2 0 1 104
517 : 2 0 1 58
607 : 2 0 1 103
773 : 2 0 1 186
381 : 1 1 190
610 : 0 105
612 : 0 106
215 : 1 1 107
613 : 2 0 1 106
615 : 2 0 1 107
616 : 0 108
450 : 0 25
617 : 2 0 1 108
772 : 0 186
619 : 2 0 1 109
622 : 0 111
628 : 0 114
667 : 2 0 1 133
629 : 2 0 1 114
329 : 1 1 164
630 : 0 115
631 : 2 0 1 115
427 : 2 0 1 13
635 : 2 0 1 117
265 : 1 1 132
530 : 0 65
672 : 0 136
639 : 2 0 1 119
739 : 2 0 1 169
402 : 2 0 1 1
599 : 2 0 1 99
640 : 0 120
647 : 2 0 1 123
319 : 1 1 159
413 : 2 0 1 6
614 : 0 107
641 : 2 0 1 120
649 : 2 0 1 124
496 : 0 48
652 : 0 126
654 : 0 127
691 : 2 0 1 145
655 : 2 0 1 127
662 : 0 131
663 : 2 0 1 131
697 : 2 0 1 148
664 : 0 132
92 : 1 0 46
669 : 2 0 1 134
673 : 2 0 1 136
90 : 1 0 45
494 : 0 47
675 : 2 0 1 137
676 : 0 138
526 : 0 63
678 : 0 139
38 : 1 0 19
679 : 2 0 1 139
360 : 1 0 180
689 : 2 0 1 144
589 : 2 0 1 94
690 : 0 145
694 : 0 147
698 : 0 149
703 : 2 0 1 151
553 : 2 0 1 76
706 : 0 153
