800
2 0.01047 0.98953 
2 0.00000 1.00000 
2 0.99999 0.00001 
2 1.00000 0.00000 
2 0.00000 1.00000 
2 1.00000 0.00000 
2 0.00000 1.00000 
2 1.00000 0.00000 
2 0.00000 1.00000 
2 1.00000 0.00000 
2 0.00000 1.00000 
2 1.00000 0.00000 
2 0.00001 0.99999 
2 1.00000 0.00000 
2 0.00000 1.00000 
2 1.00000 0.00000 
2 0.00001 0.99999 
2 1.00000 0.00000 
2 0.00000 1.00000 
2 1.00000 0.00000 
2 0.00001 0.99999 
2 1.00000 0.00000 
2 0.00000 1.00000 
2 1.00000 0.00000 
2 0.00003 0.99997 
2 1.00000 0.00000 
2 0.00002 0.99998 
2 1.00000 0.00000 
2 0.00000 1.00000 
2 1.00000 0.00000 
2 0.00000 1.00000 
2 1.00000 0.00000 
2 0.00000 1.00000 
2 1.00000 0.00000 
2 0.00000 1.00000 
2 1.00000 0.00000 
2 0.00001 0.99999 
2 1.00000 0.00000 
2 0.00000 1.00000 
2 1.00000 0.00000 
2 0.00002 0.99998 
2 1.00000 0.00000 
2 0.00001 0.99999 
2 1.00000 0.00000 
2 0.00000 1.00000 
2 1.00000 0.00000 
2 0.00001 0.99999 
2 1.00000 0.00000 
2 0.00006 0.99994 
2 1.00000 0.00000 
2 0.00006 0.99994 
2 1.00000 0.00000 
2 0.00011 0.99989 
2 1.00000 0.00000 
2 0.00004 0.99996 
2 0.99999 0.00001 
2 0.00003 0.99997 
2 1.00000 0.00000 
2 0.00003 0.99997 
2 1.00000 0.00000 
2 0.00276 0.99724 
2 1.00000 0.00000 
2 0.00539 0.99461 
2 1.00000 0.00000 
2 0.04141 0.95859 
2 1.00000 0.00000 
2 0.80026 0.19974 
2 1.00000 0.00000 
2 0.99707 0.00293 
2 0.99766 0.00234 
2 0.99923 0.00077 
2 0.97663 0.02337 
2 0.99992 0.00008 
2 0.69972 0.30028 
2 0.99994 0.00006 
2 0.99966 0.00034 
2 0.99992 0.00008 
2 0.17336 0.82664 
2 0.99996 0.00004 
2 0.99755 0.00245 
2 0.99998 0.00002 
2 0.11802 0.88198 
2 0.99999 0.00001 
2 0.68477 0.31523 
2 0.99989 0.00011 
2 0.88273 0.11727 
2 0.99994 0.00006 
2 0.26476 0.73524 
2 0.99288 0.00712 
2 0.74221 0.25779 
2 0.99982 0.00018 
2 0.01836 0.98164 
2 1.00000 0.00000 
2 0.13952 0.86048 
2 1.00000 0.00000 
2 0.08944 0.91056 
2 0.99998 0.00002 
2 0.17511 0.82489 
2 0.99982 0.00018 
2 0.51362 0.48638 
2 0.99999 0.00001 
2 0.91667 0.08333 
2 1.00000 0.00000 
2 0.98541 0.01459 
2 1.00000 0.00000 
2 0.75321 0.24679 
2 0.99999 0.00001 
2 0.73063 0.26937 
2 1.00000 0.00000 
2 0.71473 0.28527 
2 1.00000 0.00000 
2 0.59880 0.40120 
2 0.99998 0.00002 
2 0.28991 0.71009 
2 0.99995 0.00005 
2 0.99525 0.00475 
2 1.00000 0.00000 
2 0.97383 0.02617 
2 1.00000 0.00000 
2 0.93441 0.06559 
2 1.00000 0.00000 
2 0.18375 0.81625 
2 1.00000 0.00000 
2 0.39795 0.60205 
2 1.00000 0.00000 
2 0.59149 0.40851 
2 1.00000 0.00000 
2 0.18789 0.81211 
2 1.00000 0.00000 
2 0.05203 0.94797 
2 1.00000 0.00000 
2 0.05535 0.94465 
2 1.00000 0.00000 
2 0.33467 0.66533 
2 1.00000 0.00000 
2 0.94645 0.05355 
2 1.00000 0.00000 
2 0.89606 0.10394 
2 0.99681 0.00319 
2 0.48522 0.51478 
2 0.99999 0.00001 
2 0.07683 0.92317 
2 1.00000 0.00000 
2 0.69305 0.30695 
2 1.00000 0.00000 
2 0.70569 0.29431 
2 0.99999 0.00001 
2 0.59629 0.40371 
2 1.00000 0.00000 
2 0.45259 0.54741 
2 0.99999 0.00001 
2 0.57846 0.42154 
2 0.99999 0.00001 
2 0.26276 0.73724 
2 1.00000 0.00000 
2 0.37246 0.62754 
2 1.00000 0.00000 
2 0.24837 0.75163 
2 1.00000 0.00000 
2 0.35137 0.64863 
2 1.00000 0.00000 
2 0.67096 0.32904 
2 1.00000 0.00000 
2 0.19899 0.80101 
2 1.00000 0.00000 
2 0.49594 0.50406 
2 1.00000 0.00000 
2 0.43948 0.56052 
2 1.00000 0.00000 
2 0.81016 0.18984 
2 1.00000 0.00000 
2 0.88640 0.11360 
2 1.00000 0.00000 
2 0.61925 0.38075 
2 0.99998 0.00002 
2 0.73085 0.26915 
2 1.00000 0.00000 
2 0.05068 0.94932 
2 1.00000 0.00000 
2 0.47144 0.52856 
2 0.99986 0.00014 
2 0.02250 0.97750 
2 0.99986 0.00014 
2 0.06231 0.93769 
2 0.99934 0.00066 
2 0.31505 0.68495 
2 0.99998 0.00002 
2 0.73638 0.26362 
2 0.99999 0.00001 
2 0.52166 0.47834 
2 1.00000 0.00000 
2 0.80627 0.19373 
2 1.00000 0.00000 
2 0.13969 0.86031 
2 0.99977 0.00023 
2 0.00076 0.99924 
2 0.99920 0.00080 
2 0.00266 0.99734 
2 0.99699 0.00301 
2 0.35564 0.64436 
2 0.54480 0.45520 
2 0.17805 0.82195 
2 0.00110 0.99890 
2 0.00007 0.99993 
2 0.00050 0.99950 
2 0.00000 1.00000 
2 0.00036 0.99964 
2 0.00000 1.00000 
2 0.00043 0.99957 
2 0.00000 1.00000 
2 0.00008 0.99992 
2 0.00000 1.00000 
2 0.00000 1.00000 
2 0.00000 1.00000 
2 0.00001 0.99999 
2 0.00008 0.99992 
2 0.00002 0.99998 
2 0.00000 1.00000 
2 0.00000 1.00000 
2 0.00000 1.00000 
2 0.00000 1.00000 
2 0.00000 1.00000 
2 0.00000 1.00000 
2 0.00000 1.00000 
2 0.00001 0.99999 
2 0.00000 1.00000 
2 0.00000 1.00000 
2 0.00000 1.00000 
2 0.00000 1.00000 
2 0.00000 1.00000 
2 0.00001 0.99999 
2 0.00000 1.00000 
2 0.00001 0.99999 
2 0.00000 1.00000 
2 0.00000 1.00000 
2 0.00000 1.00000 
2 0.00000 1.00000 
2 0.00000 1.00000 
2 0.00000 1.00000 
2 0.00000 1.00000 
2 0.00000 1.00000 
2 0.00000 1.00000 
2 0.00001 0.99999 
2 0.00000 1.00000 
2 0.00001 0.99999 
2 0.00000 1.00000 
2 0.00000 1.00000 
2 0.00000 1.00000 
2 0.00000 1.00000 
2 0.00000 1.00000 
2 0.00000 1.00000 
2 0.00000 1.00000 
2 0.00001 0.99999 
2 0.00000 1.00000 
2 0.00000 1.00000 
2 0.00000 1.00000 
2 0.00001 0.99999 
2 0.00000 1.00000 
2 0.00000 1.00000 
2 0.00000 1.00000 
2 0.00000 1.00000 
2 0.00000 1.00000 
2 0.00000 1.00000 
2 0.00000 1.00000 
2 0.00000 1.00000 
2 0.00000 1.00000 
2 0.00000 1.00000 
2 0.00000 1.00000 
2 0.00000 1.00000 
2 0.00000 1.00000 
2 0.00001 0.99999 
2 0.00000 1.00000 
2 0.00000 1.00000 
2 0.00000 1.00000 
2 0.00001 0.99999 
2 0.00000 1.00000 
2 0.00000 1.00000 
2 0.00000 1.00000 
2 0.00000 1.00000 
2 0.00000 1.00000 
2 0.00000 1.00000 
2 0.00000 1.00000 
2 0.00000 1.00000 
2 0.00000 1.00000 
2 0.00000 1.00000 
2 0.00000 1.00000 
2 0.00000 1.00000 
2 0.00000 1.00000 
2 0.00000 1.00000 
2 0.00000 1.00000 
2 0.00000 1.00000 
2 0.00000 1.00000 
2 0.00000 1.00000 
2 0.00000 1.00000 
2 0.00000 1.00000 
2 0.00000 1.00000 
2 0.00000 1.00000 
2 0.00000 1.00000 
2 0.00000 1.00000 
2 0.00000 1.00000 
2 0.00000 1.00000 
2 0.00000 1.00000 
2 0.00000 1.00000 
2 0.00000 1.00000 
2 0.00000 1.00000 
2 0.00000 1.00000 
2 0.00000 1.00000 
2 0.00000 1.00000 
2 0.00000 1.00000 
2 0.00000 1.00000 
2 0.00000 1.00000 
2 0.00000 1.00000 
2 0.00000 1.00000 
2 0.00000 1.00000 
2 0.00000 1.00000 
2 0.00000 1.00000 
2 0.00000 1.00000 
2 0.00000 1.00000 
2 0.00000 1.00000 
2 0.00000 1.00000 
2 0.00000 1.00000 
2 0.00000 1.00000 
2 0.00000 1.00000 
2 0.00000 1.00000 
2 0.00000 1.00000 
2 0.00000 1.00000 
2 0.00000 1.00000 
2 0.00000 1.00000 
2 0.00000 1.00000 
2 0.00000 1.00000 
2 0.00000 1.00000 
2 0.00000 1.00000 
2 0.00000 1.00000 
2 0.00000 1.00000 
2 0.00000 1.00000 
2 0.00000 1.00000 
2 0.00000 1.00000 
2 0.00000 1.00000 
2 0.00000 1.00000 
2 0.00000 1.00000 
2 0.00000 1.00000 
2 0.00000 1.00000 
2 0.00000 1.00000 
2 0.00000 1.00000 
2 0.00000 1.00000 
2 0.00000 1.00000 
2 0.00000 1.00000 
2 0.00000 1.00000 
2 0.00000 1.00000 
2 0.00000 1.00000 
2 0.00000 1.00000 
2 0.00000 1.00000 
2 0.00000 1.00000 
2 0.00000 1.00000 
2 0.00000 1.00000 
2 0.00000 1.00000 
2 0.00000 1.00000 
2 0.00000 1.00000 
2 0.00000 1.00000 
2 0.00000 1.00000 
2 0.00000 1.00000 
2 0.00000 1.00000 
2 0.00000 1.00000 
2 0.00000 1.00000 
2 0.00000 1.00000 
2 0.00000 1.00000 
2 0.00000 1.00000 
2 0.00000 1.00000 
2 0.00000 1.00000 
2 0.00000 1.00000 
2 0.00000 1.00000 
2 0.00000 1.00000 
2 0.00000 1.00000 
2 0.00000 1.00000 
2 0.00000 1.00000 
2 0.00000 1.00000 
2 0.00000 1.00000 
2 0.00000 1.00000 
2 0.00000 1.00000 
2 0.00000 1.00000 
2 0.00000 1.00000 
2 0.00000 1.00000 
2 0.00000 1.00000 
2 0.00000 1.00000 
2 0.00000 1.00000 
2 0.00000 1.00000 
2 0.00000 1.00000 
2 0.00000 1.00000 
2 0.00000 1.00000 
2 0.00000 1.00000 
2 0.00000 1.00000 
2 0.00000 1.00000 
2 0.00000 1.00000 
2 0.00000 1.00000 
2 0.00000 1.00000 
2 0.00000 1.00000 
2 0.00000 1.00000 
2 0.00000 1.00000 
2 0.00000 1.00000 
2 0.00000 1.00000 
2 0.21755 0.78245 
2 0.00000 1.00000 
2 1.00000 0.00000 
2 1.00000 0.00000 
2 0.34379 0.65621 
2 1.00000 0.00000 
2 0.24713 0.75287 
2 1.00000 0.00000 
2 0.31951 0.68049 
2 1.00000 0.00000 
2 0.00000 1.00000 
2 1.00000 0.00000 
2 0.07272 0.92728 
2 1.00000 0.00000 
2 0.05689 0.94311 
2 1.00000 0.00000 
2 0.10881 0.89119 
2 1.00000 0.00000 
2 0.93918 0.06082 
2 1.00000 0.00000 
2 0.60206 0.39794 
2 1.00000 0.00000 
2 0.06333 0.93667 
2 1.00000 0.00000 
2 0.07829 0.92171 
2 1.00000 0.00000 
2 0.00772 0.99228 
2 0.99999 0.00001 
2 0.88566 0.11434 
2 1.00000 0.00000 
2 0.64131 0.35869 
2 1.00000 0.00000 
2 0.20869 0.79131 
2 1.00000 0.00000 
2 0.00629 0.99371 
2 0.99999 0.00001 
2 0.31494 0.68506 
2 1.00000 0.00000 
2 0.11309 0.88691 
2 1.00000 0.00000 
2 0.04803 0.95197 
2 0.99994 0.00006 
2 0.00041 0.99959 
2 0.99990 0.00010 
2 0.84054 0.15946 
2 1.00000 0.00000 
2 0.12360 0.87640 
2 1.00000 0.00000 
2 0.30567 0.69433 
2 1.00000 0.00000 
2 0.06240 0.93760 
2 1.00000 0.00000 
2 0.82596 0.17404 
2 1.00000 0.00000 
2 0.53834 0.46166 
2 1.00000 0.00000 
2 0.76989 0.23011 
2 1.00000 0.00000 
2 0.96219 0.03781 
2 1.00000 0.00000 
2 0.29012 0.70988 
2 1.00000 0.00000 
2 0.39683 0.60317 
2 1.00000 0.00000 
2 0.81841 0.18159 
2 1.00000 0.00000 
2 0.76830 0.23170 
2 1.00000 0.00000 
2 0.99879 0.00121 
2 0.97001 0.02999 
2 0.99971 0.00029 
2 0.91208 0.08792 
2 0.99957 0.00043 
2 0.73466 0.26534 
2 0.99996 0.00004 
2 0.72079 0.27921 
2 0.99983 0.00017 
2 0.52632 0.47368 
2 1.00000 0.00000 
2 0.76469 0.23531 
2 1.00000 0.00000 
2 0.29353 0.70647 
2 1.00000 0.00000 
2 0.31256 0.68744 
2 0.99995 0.00005 
2 0.65329 0.34671 
2 0.99999 0.00001 
2 0.00883 0.99117 
2 0.99999 0.00001 
2 0.25317 0.74683 
2 0.99994 0.00006 
2 0.69263 0.30737 
2 1.00000 0.00000 
2 0.93961 0.06039 
2 0.99998 0.00002 
2 0.72627 0.27373 
2 1.00000 0.00000 
2 0.74423 0.25577 
2 0.98912 0.01088 
2 0.45773 0.54227 
2 1.00000 0.00000 
2 0.12710 0.87290 
2 1.00000 0.00000 
2 0.96707 0.03293 
2 0.99999 0.00001 
2 0.97520 0.02480 
2 1.00000 0.00000 
2 0.98975 0.01025 
2 0.99997 0.00003 
2 0.87646 0.12354 
2 1.00000 0.00000 
2 0.96779 0.03221 
2 1.00000 0.00000 
2 0.97796 0.02204 
2 0.99999 0.00001 
2 0.20507 0.79493 
2 1.00000 0.00000 
2 0.23341 0.76659 
2 0.99999 0.00001 
2 0.54243 0.45757 
2 1.00000 0.00000 
2 0.44375 0.55625 
2 1.00000 0.00000 
2 0.15881 0.84119 
2 0.99999 0.00001 
2 0.51288 0.48712 
2 1.00000 0.00000 
2 0.90946 0.09054 
2 1.00000 0.00000 
2 0.33135 0.66865 
2 1.00000 0.00000 
2 0.67399 0.32601 
2 1.00000 0.00000 
2 0.73034 0.26966 
2 1.00000 0.00000 
2 0.88118 0.11882 
2 1.00000 0.00000 
2 0.16919 0.83081 
2 1.00000 0.00000 
2 0.19894 0.80106 
2 1.00000 0.00000 
2 0.04107 0.95893 
2 1.00000 0.00000 
2 0.51193 0.48807 
2 1.00000 0.00000 
2 0.32736 0.67264 
2 1.00000 0.00000 
2 0.11043 0.88957 
2 0.99998 0.00002 
2 0.41211 0.58789 
2 1.00000 0.00000 
2 0.34761 0.65239 
2 0.99999 0.00001 
2 0.01265 0.98735 
2 1.00000 0.00000 
2 0.15018 0.84982 
2 1.00000 0.00000 
2 0.25896 0.74104 
2 1.00000 0.00000 
2 0.59810 0.40190 
2 0.99999 0.00001 
2 0.27551 0.72449 
2 1.00000 0.00000 
2 0.43656 0.56344 
2 0.99999 0.00001 
2 0.76916 0.23084 
2 1.00000 0.00000 
2 0.79965 0.20035 
2 0.99287 0.00713 
2 0.26546 0.73454 
2 1.00000 0.00000 
2 0.02106 0.97894 
2 0.99999 0.00001 
2 0.08554 0.91446 
2 1.00000 0.00000 
2 0.00191 0.99809 
2 0.99999 0.00001 
2 0.78445 0.21555 
2 1.00000 0.00000 
2 0.65874 0.34126 
2 1.00000 0.00000 
2 0.67433 0.32567 
2 1.00000 0.00000 
2 0.58880 0.41120 
2 1.00000 0.00000 
2 0.66956 0.33044 
2 0.99997 0.00003 
2 0.14103 0.85897 
2 1.00000 0.00000 
2 0.17264 0.82736 
2 0.99999 0.00001 
2 0.64258 0.35742 
2 0.99996 0.00004 
2 0.78420 0.21580 
2 0.99998 0.00002 
2 0.02751 0.97249 
2 0.99996 0.00004 
2 0.57753 0.42247 
2 0.99984 0.00016 
2 0.43554 0.56446 
2 0.99798 0.00202 
2 0.00079 0.99921 
2 0.52582 0.47418 
2 0.00000 1.00000 
2 0.34243 0.65757 
2 0.00017 0.99983 
2 0.75156 0.24844 
2 0.00000 1.00000 
2 0.32015 0.67985 
2 0.00001 0.99999 
2 0.52745 0.47255 
2 0.00000 1.00000 
2 0.00819 0.99181 
2 0.00000 1.00000 
2 0.51880 0.48120 
2 0.00000 1.00000 
2 0.00119 0.99881 
2 0.00028 0.99972 
2 0.64641 0.35359 
2 0.00000 1.00000 
2 0.46825 0.53175 
2 0.00000 1.00000 
2 0.47694 0.52306 
2 0.00000 1.00000 
2 0.01947 0.98053 
2 0.00001 0.99999 
2 0.32091 0.67909 
2 0.00000 1.00000 
2 0.01503 0.98497 
2 0.00001 0.99999 
2 0.60108 0.39892 
2 0.00000 1.00000 
2 0.91675 0.08325 
2 0.00000 1.00000 
2 0.13997 0.86003 
2 0.00000 1.00000 
2 0.70206 0.29794 
2 0.00000 1.00000 
2 0.34297 0.65703 
2 0.00000 1.00000 
2 0.47518 0.52482 
2 0.00000 1.00000 
2 0.03677 0.96323 
2 0.00000 1.00000 
2 0.21612 0.78388 
2 0.00000 1.00000 
2 0.21063 0.78937 
2 0.00000 1.00000 
2 0.00626 0.99374 
2 0.00002 0.99998 
2 0.05646 0.94354 
2 0.00000 1.00000 
2 0.28695 0.71305 
2 0.00000 1.00000 
2 0.12520 0.87480 
2 0.00000 1.00000 
2 0.67921 0.32079 
2 0.00000 1.00000 
2 0.79470 0.20530 
2 0.00000 1.00000 
2 0.01719 0.98281 
2 0.00000 1.00000 
2 0.22617 0.77383 
2 0.00000 1.00000 
2 0.07891 0.92109 
2 0.00000 1.00000 
2 0.74399 0.25601 
2 0.00000 1.00000 
2 0.73830 0.26170 
2 0.00000 1.00000 
2 0.38117 0.61883 
2 0.00000 1.00000 
2 0.05524 0.94476 
2 0.00000 1.00000 
2 0.66458 0.33542 
2 0.00000 1.00000 
2 0.04229 0.95771 
2 0.00000 1.00000 
2 0.14388 0.85612 
2 0.00000 1.00000 
2 0.55925 0.44075 
2 0.00000 1.00000 
2 0.60280 0.39720 
2 0.00000 1.00000 
2 0.55659 0.44341 
2 0.00000 1.00000 
2 0.00332 0.99668 
2 0.00000 1.00000 
2 0.01877 0.98123 
2 0.00000 1.00000 
2 0.00003 0.99997 
2 0.00000 1.00000 
2 0.61621 0.38379 
2 0.00000 1.00000 
2 0.14118 0.85882 
2 0.00000 1.00000 
2 0.14247 0.85753 
2 0.00000 1.00000 
2 0.78630 0.21370 
2 0.00000 1.00000 
2 0.12383 0.87617 
2 0.00000 1.00000 
2 0.93131 0.06869 
2 0.00000 1.00000 
2 0.92836 0.07164 
2 0.00000 1.00000 
2 0.31367 0.68633 
2 0.00000 1.00000 
2 0.66026 0.33974 
2 0.00000 1.00000 
2 0.00097 0.99903 
2 0.00012 0.99988 
2 0.01296 0.98704 
2 0.00007 0.99993 
2 0.23571 0.76429 
2 0.00000 1.00000 
2 0.12692 0.87308 
2 0.00000 1.00000 
2 0.74176 0.25824 
2 0.00000 1.00000 
2 0.14974 0.85026 
2 0.00000 1.00000 
2 0.31801 0.68199 
2 0.00000 1.00000 
2 0.01910 0.98090 
2 0.00000 1.00000 
2 0.01227 0.98773 
2 0.00001 0.99999 
2 0.62793 0.37207 
2 0.00000 1.00000 
2 0.22266 0.77734 
2 0.00000 1.00000 
2 0.57624 0.42376 
2 0.00000 1.00000 
2 0.43656 0.56344 
2 0.00000 1.00000 
2 0.02299 0.97701 
2 0.00000 1.00000 
2 0.17936 0.82064 
2 0.00000 1.00000 
2 0.78515 0.21485 
2 0.00000 1.00000 
2 0.66380 0.33620 
2 0.00000 1.00000 
2 0.04788 0.95212 
2 0.00000 1.00000 
2 0.34851 0.65149 
2 0.00000 1.00000 
2 0.02027 0.97973 
2 0.00000 1.00000 
2 0.16619 0.83381 
2 0.00000 1.00000 
2 0.02525 0.97475 
2 0.00000 1.00000 
2 0.00117 0.99883 
2 0.00007 0.99993 
2 0.71688 0.28312 
2 0.00000 1.00000 
2 0.51609 0.48391 
2 0.00000 1.00000 
2 0.00061 0.99939 
2 0.00000 1.00000 
2 0.63474 0.36526 
2 0.00000 1.00000 
2 0.02180 0.97820 
2 0.00000 1.00000 
2 0.04614 0.95386 
2 0.00000 1.00000 
2 0.45246 0.54754 
2 0.00000 1.00000 
2 0.01864 0.98136 
2 0.00000 1.00000 
2 0.13379 0.86621 
2 0.00000 1.00000 
2 0.01223 0.98777 
2 0.00000 1.00000 
2 0.95966 0.04034 
2 0.00000 1.00000 
2 0.05625 0.94375 
2 0.00000 1.00000 
2 0.46232 0.53768 
2 0.00000 1.00000 
2 0.82025 0.17975 
2 0.00000 1.00000 
2 0.16254 0.83746 
2 0.00000 1.00000 
2 0.01562 0.98438 
2 0.00000 1.00000 
2 0.11802 0.88198 
2 0.00000 1.00000 
2 0.04300 0.95700 
2 0.00000 1.00000 
2 0.09431 0.90569 
2 0.00000 1.00000 
2 0.34700 0.65300 
2 0.00000 1.00000 
2 0.75806 0.24194 
2 0.00000 1.00000 
2 0.80357 0.19643 
2 0.00000 1.00000 
