0 0 0 
1 0 0 
2 0 0.284193 
3 0 0.213144 
4 5.81003 0.720589 
5 5.57683 1.61171 
6 4.78014 1.56976 
7 4.44996 1.37354 
8 3.95552 1.25912 
9 4.88444 1.1332 
10 6.8637 1.03019 
11 6.72997 0.944336 
12 7.69868 0.987391 
13 7.26154 0.928457 
14 7.76263 0.86656 
15 7.5146 0.874856 
16 7.19185 0.92689 
17 6.94198 0.922011 
18 6.63014 0.873484 
19 6.40644 0.831183 
20 7.12974 0.854021 
21 7.05785 0.850181 
22 7.19628 0.935283 
23 7.01606 0.908728 
24 7.17155 0.872379 
25 6.97991 0.859712 
26 6.77799 0.830536 
27 6.71264 0.80356 
28 6.70207 0.79912 
29 6.51047 0.776784 
30 6.30813 0.756031 
31 6.15017 0.738642 
32 6.23719 0.722137 
33 6.07453 0.70253 
34 6.23687 0.683297 
35 6.08047 0.664314 
36 6.183 0.739531 
37 6.06915 0.728045 
38 5.97573 0.720567 
39 5.91483 0.737428 
40 5.93228 0.719576 
41 5.99281 0.704505 
42 6.04607 0.702287 
43 5.91022 0.689924 
44 5.79506 0.684314 
45 5.7126 0.689692 
46 5.83601 0.675115 
47 5.78809 0.665304 
48 5.69406 0.652099 
49 5.58068 0.64988 
50 5.60289 0.648554 
51 5.61434 0.636081 
52 5.51336 0.623822 
53 5.42576 0.627278 
54 5.39664 0.63184 
55 5.3513 0.628532 
56 5.34248 0.63153 
57 5.3097 0.618086 
58 5.25862 0.60761 
59 5.1737 0.608157 
60 5.13566 0.605812 
61 5.09335 0.597918 
62 5.04199 0.59988 
63 5.00461 0.594842 
64 5.0002 0.592635 
65 4.96479 0.58364 
66 4.99046 0.576558 
67 4.93243 0.578202 
68 4.93397 0.57714 
69 4.86432 0.568447 
70 4.8263 0.567813 
71 4.79525 0.577889 
72 4.7916 0.569973 
73 4.81461 0.562271 
74 4.81239 0.559307 
75 4.83136 0.551344 
76 4.82888 0.550128 
77 4.81148 0.543122 
78 4.79824 0.538678 
79 4.81444 0.536623 
80 4.79964 0.533472 
81 4.74883 0.527196 
82 4.71658 0.521908 
83 4.69238 0.516332 
84 4.67455 0.510869 
85 4.67157 0.51095 
86 4.62714 0.511266 
87 4.58806 0.506581 
88 4.56223 0.500995 
89 4.52154 0.495809 
90 4.47256 0.495323 
91 4.43792 0.508125 
92 4.43304 0.503181 
93 4.3898 0.502209 
94 4.35138 0.498563 
95 4.30801 0.49339 
96 4.31054 0.490053 
97 4.28741 0.488565 
98 4.29613 0.48363 
99 4.26324 0.483458 
100 4.22795 0.482112 
101 4.20152 0.480966 
102 4.17101 0.477746 
103 4.142 0.476196 
104 4.13445 0.476383 
105 4.11817 0.475218 
106 4.08332 0.47629 
107 4.05378 0.472367 
108 4.09699 0.47782 
109 4.07101 0.473476 
110 4.03412 0.469592 
111 4.0046 0.468711 
112 3.97536 0.466582 
113 3.96212 0.464698 
114 3.93656 0.462992 
115 3.90736 0.461069 
116 3.88672 0.457848 
117 3.858 0.456019 
118 3.83452 0.461632 
119 3.81706 0.457785 
120 3.79521 0.457983 
121 3.77302 0.461729 
122 3.74207 0.457975 
123 3.71885 0.45525 
124 3.72044 0.45168 
125 3.70072 0.448637 
126 3.70138 0.445115 
127 3.67455 0.444892 
128 3.64696 0.441749 
129 3.65725 0.438351 
130 3.62933 0.437882 
131 3.60673 0.434633 
132 3.61402 0.433141 
133 3.61484 0.429764 
134 3.60709 0.426946 
135 3.58623 0.425812 
136 3.56158 0.42345 
137 3.54598 0.420382 
138 3.52748 0.417358 
139 3.50389 0.414958 
140 3.48302 0.413317 
141 3.47549 0.411399 
142 3.46586 0.419096 
143 3.45139 0.418394 
144 3.42846 0.416946 
145 3.41689 0.414378 
146 3.39579 0.413241 
147 3.38926 0.414963 
148 3.37859 0.413798 
149 3.37903 0.411069 
150 3.35702 0.40998 
151 3.33581 0.407565 
152 3.32621 0.405698 
153 3.34762 0.405309 
154 3.32627 0.406142 
155 3.33798 0.404236 
156 3.32111 0.408536 
157 3.30402 0.407252 
158 3.3112 0.405133 
159 3.31506 0.408987 
160 3.32552 0.40797 
161 3.30984 0.41214 
162 3.31132 0.410394 
163 3.30391 0.408297 
164 3.29519 0.405484 
165 3.29592 0.403597 
166 3.2845 0.401559 
167 3.26917 0.400273 
168 3.25143 0.398591 
169 3.25266 0.404041 
170 3.24102 0.401654 
171 3.22898 0.399319 
172 3.21908 0.398035 
173 3.20523 0.395837 
174 3.18996 0.395473 
175 3.1848 0.409863 
176 3.1781 0.407547 
177 3.16189 0.407538 
178 3.15066 0.40642 
179 3.1417 0.405519 
180 3.12605 0.404052 
181 3.11047 0.401851 
182 3.09568 0.401176 
183 3.08395 0.398996 
184 3.072 0.396822 
185 3.07218 0.395907 
186 3.07409 0.395002 
187 3.05785 0.397815 
188 3.05678 0.39666 
189 3.06301 0.397224 
190 3.04816 0.399018 
191 3.03456 0.397858 
192 3.02355 0.396027 
193 3.01045 0.395904 
194 2.99545 0.394793 
195 2.98197 0.39368 
196 2.96999 0.392252 
197 2.96142 0.391792 
198 2.95758 0.389947 
199 2.94689 0.388588 
200 2.94844 0.386831 
201 2.94178 0.385068 
202 2.93346 0.385955 
203 2.94747 0.384063 
204 2.93956 0.38304 
205 2.92953 0.381755 
206 2.92263 0.379869 
207 2.92181 0.378516 
208 2.9134 0.377547 
209 2.91588 0.37575 
210 2.90203 0.37421 
211 2.89961 0.374501 
212 2.90045 0.37317 
213 2.89801 0.372308 
214 2.88984 0.371055 
215 2.88186 0.371089 
216 2.86884 0.369378 
217 2.8562 0.368906 
218 2.84745 0.367631 
219 2.84939 0.366383 
220 2.84005 0.36485 
221 2.84064 0.364372 
222 2.82894 0.36649 
223 2.81746 0.365735 
224 2.80676 0.364109 
225 2.79972 0.362425 
226 2.79031 0.361029 
227 2.77883 0.359765 
228 2.76872 0.358304 
229 2.75747 0.357731 
230 2.74557 0.356183 
231 2.75417 0.354493 
232 2.74564 0.353224 
233 2.74003 0.352763 
234 2.73079 0.351323 
235 2.73334 0.352783 
236 2.73891 0.35193 
237 2.73386 0.350478 
238 2.72414 0.349706 
239 2.71366 0.348544 
240 2.7049 0.347894 
241 2.69374 0.346917 
242 2.6828 0.345489 
243 2.67238 0.34948 
244 2.66483 0.350289 
245 2.65602 0.34891 
246 2.6552 0.348236 
247 2.64858 0.347703 
248 2.63741 0.346772 
249 2.62989 0.346154 
250 2.62924 0.346027 
251 2.617 0.344654 
252 2.6081 0.343687 
253 2.60352 0.342477 
254 2.5931 0.341487 
255 2.58392 0.340351 
256 2.57412 0.339142 
257 2.56871 0.338115 
258 2.56084 0.336811 
259 2.55147 0.335516 
260 2.54462 0.33423 
261 2.53631 0.332984 
262 2.52757 0.332739 
263 2.51876 0.331479 
264 2.50993 0.330228 
265 2.50009 0.330991 
266 2.49008 0.329752 
267 2.48039 0.328521 
268 2.47292 0.329339 
269 2.46549 0.329184 
270 2.46236 0.328062 
271 2.45354 0.328214 
272 2.44525 0.327186 
273 2.43655 0.326124 
274 2.4329 0.325372 
275 2.42838 0.32536 
276 2.41993 0.324487 
277 2.41071 0.32332 
278 2.40439 0.322161 
279 2.39524 0.321655 
280 2.38933 0.323048 
281 2.38471 0.322319 
282 2.37639 0.320805 
283 2.3694 0.323627 
284 2.36486 0.323104 
285 2.35833 0.322038 
286 2.35479 0.3209 
287 2.34826 0.320293 
288 2.3386 0.319459 
289 2.3392 0.319224 
290 2.33321 0.320241 
291 2.32638 0.319221 
292 2.31864 0.318225 
293 2.31092 0.317492 
294 2.30462 0.316816 
295 2.29753 0.315684 
296 2.2911 0.314261 
297 2.28618 0.313759 
298 2.28482 0.312796 
299 2.27693 0.312063 
300 2.27364 0.311026 
301 2.26756 0.310435 
302 2.26261 0.310437 
303 2.25704 0.309415 
304 2.25018 0.309279 
305 2.24485 0.308859 
306 2.24054 0.307709 
307 2.23255 0.307008 
308 2.22681 0.306015 
309 2.22089 0.306901 
310 2.21374 0.30694 
311 2.20825 0.307635 
312 2.20277 0.307702 
313 2.19891 0.307014 
314 2.19182 0.306128 
315 2.1857 0.305068 
316 2.18465 0.303843 
317 2.18022 0.303499 
318 2.17408 0.302445 
319 2.16988 0.302038 
320 2.16475 0.301695 
321 2.15976 0.301546 
322 2.15404 0.300612 
323 2.14726 0.299684 
324 2.14545 0.298762 
325 2.13887 0.298006 
326 2.13518 0.2982 
327 2.129 0.297291 
328 2.12472 0.296387 
329 2.1192 0.295585 
330 2.11389 0.295244 
331 2.10752 0.294368 
332 2.10477 0.293492 
333 2.09904 0.293023 
334 2.09456 0.293005 
335 2.08946 0.292227 
336 2.08389 0.292385 
337 2.08042 0.291119 
338 2.07428 0.290222 
339 2.06818 0.289369 
340 2.06347 0.289033 
341 2.05744 0.288188 
342 2.05336 0.287607 
343 2.04767 0.287317 
344 2.04192 0.287296 
345 2.0361 0.28686 
346 2.03285 0.287481 
347 2.02646 0.286655 
348 2.02395 0.286037 
349 2.01937 0.284937 
350 2.01397 0.285082 
351 2.00825 0.284272 
352 2.00252 0.283467 
353 1.99685 0.282967 
354 1.99392 0.282738 
355 1.98997 0.281993 
356 1.98963 0.281203 
357 1.98425 0.280601 
358 1.98068 0.280517 
359 1.97511 0.279745 
360 1.97105 0.279275 
361 1.96577 0.281305 
362 1.96175 0.28053 
363 1.96005 0.279743 
364 1.95573 0.278976 
365 1.95038 0.278189 
366 1.94681 0.277358 
367 1.94152 0.277092 
368 1.93596 0.276287 
369 1.93139 0.275581 
370 1.92732 0.275007 
371 1.92237 0.274268 
372 1.91919 0.274724 
373 1.91466 0.273868 
374 1.91218 0.273138 
375 1.90683 0.272916 
376 1.90272 0.272558 
377 1.89823 0.271611 
378 1.89702 0.271208 
379 1.89481 0.270494 
380 1.89172 0.270067 
381 1.88803 0.269927 
382 1.88283 0.269182 
383 1.87792 0.268982 
384 1.87566 0.268283 
385 1.87111 0.26826 
386 1.87238 0.267812 
387 1.86758 0.268228 
388 1.86485 0.267629 
389 1.86038 0.267836 
390 1.85543 0.268157 
391 1.8512 0.267473 
392 1.84961 0.266817 
393 1.85361 0.268772 
394 1.85086 0.268266 
395 1.84647 0.267582 
396 1.8422 0.267095 
397 1.8376 0.267298 
398 1.8361 0.267383 
399 1.83182 0.266929 
400 1.82862 0.266226 
401 1.82378 0.26575 
402 1.81934 0.265192 
403 1.81547 0.265356 
404 1.81478 0.265633 
405 1.81039 0.265659 
406 1.80594 0.265244 
407 1.80213 0.264547 
408 1.79775 0.263653 
409 1.79327 0.26308 
410 1.78969 0.26298 
411 1.78498 0.262588 
412 1.78134 0.261952 
413 1.78003 0.261319 
414 1.77608 0.261849 
415 1.77297 0.261357 
416 1.77048 0.261025 
417 1.76844 0.260409 
418 1.76422 0.26034 
419 1.75985 0.259691 
420 1.75762 0.259078 
421 1.75518 0.258998 
422 1.75264 0.258509 
423 1.74821 0.258637 
424 1.74442 0.25814 
425 1.74053 0.257671 
426 1.73738 0.257067 
427 1.73385 0.256477 
428 1.72968 0.256264 
429 1.72537 0.25752 
430 1.7216 0.257108 
431 1.71868 0.256513 
432 1.71613 0.25592 
433 1.71479 0.255949 
434 1.71122 0.256643 
435 1.70919 0.256055 
436 1.70692 0.256328 
437 1.70922 0.255743 
438 1.70703 0.25516 
439 1.70411 0.25536 
440 1.70047 0.254781 
441 1.69947 0.254501 
442 1.69785 0.25394 
443 1.69428 0.253368 
444 1.69107 0.253025 
445 1.68927 0.252876 
446 1.68533 0.252305 
447 1.68243 0.251805 
448 1.68064 0.25122 
449 1.67817 0.250662 
450 1.67413 0.250309 
451 1.67225 0.249789 
452 1.66808 0.249205 
453 1.6644 0.248511 
454 1.66139 0.248721 
455 1.65775 0.248176 
456 1.65412 0.248403 
457 1.65109 0.247898 
458 1.64888 0.247505 
459 1.64563 0.247242 
460 1.6424 0.246705 
461 1.63857 0.246878 
462 1.63748 0.246313 
463 1.63406 0.246044 
464 1.63 0.245511 
465 1.62639 0.245139 
466 1.62291 0.244614 
467 1.62193 0.243951 
468 1.61847 0.243515 
469 1.61452 0.244319 
470 1.61068 0.243832 
471 1.60773 0.243314 
472 1.60439 0.242989 
473 1.60236 0.242476 
474 1.6009 0.243196 
475 1.5998 0.242686 
476 1.59652 0.242686 
477 1.59667 0.242179 
478 1.59372 0.241673 
479 1.5904 0.241441 
480 1.58881 0.241775 
481 1.58699 0.241384 
482 1.58345 0.240956 
483 1.58237 0.240754 
484 1.58089 0.240383 
485 1.57772 0.239888 
486 1.57787 0.240312 
487 1.57636 0.239819 
488 1.57461 0.239343 
489 1.57248 0.238854 
490 1.56881 0.238333 
491 1.56608 0.237849 
492 1.56384 0.237357 
493 1.56279 0.236877 
494 1.56003 0.236398 
495 1.55689 0.236025 
496 1.55518 0.235535 
497 1.55163 0.236647 
498 1.54849 0.236595 
499 1.55689 0.236076 
500 1.55378 0.235751 
501 1.55358 0.235298 
502 1.55049 0.234956 
503 1.55043 0.23553 
504 1.54736 0.235322 
505 1.54431 0.234844 
506 1.54437 0.23438 
507 1.54296 0.233919 
508 1.54016 0.233647 
509 1.53714 0.23355 
510 1.53507 0.233093 
511 1.53433 0.233425 
512 1.53439 0.233027 
513 1.53198 0.232576 
514 1.52949 0.232154 
515 1.52927 0.23176 
516 1.53019 0.231491 
517 1.52718 0.231344 
518 1.52493 0.230904 
519 1.52343 0.230507 
520 1.52206 0.230064 
521 1.51928 0.230277 
522 1.51738 0.229865 
523 1.51476 0.229426 
524 1.51188 0.229 
525 1.509 0.228564 
526 1.5062 0.227733 
527 1.50335 0.227348 
528 1.50082 0.226965 
529 1.4976 0.226543 
530 1.49818 0.226363 
531 1.49652 0.226046 
532 1.49492 0.225566 
533 1.49212 0.225256 
534 1.49036 0.224924 
535 1.48785 0.224504 
536 1.48701 0.224379 
537 1.48664 0.224019 
538 1.48389 0.223603 
539 1.48192 0.223212 
540 1.48325 0.222881 
541 1.48052 0.222464 
542 1.47821 0.222054 
543 1.47705 0.221646 
544 1.47422 0.221345 
545 1.47228 0.220933 
546 1.47069 0.220446 
547 1.46829 0.220394 
548 1.46561 0.220106 
549 1.46431 0.220517 
550 1.46193 0.220562 
551 1.4597 0.220301 
552 1.45691 0.219902 
553 1.45511 0.219505 
554 1.45324 0.21918 
555 1.45206 0.218785 
556 1.44943 0.218401 
557 1.44735 0.218621 
558 1.44618 0.218324 
559 1.4436 0.21793 
560 1.44124 0.217542 
561 1.43879 0.217155 
562 1.43624 0.217108 
563 1.43369 0.217226 
564 1.43122 0.216659 
565 1.42893 0.216262 
566 1.4267 0.216475 
567 1.42564 0.216455 
568 1.42447 0.216088 
569 1.42195 0.215803 
570 1.41982 0.215426 
571 1.41774 0.21505 
572 1.41579 0.214676 
573 1.41333 0.214613 
574 1.41088 0.214239 
575 1.40813 0.213882 
576 1.40654 0.213639 
577 1.40553 0.213269 
578 1.40423 0.213334 
579 1.40186 0.213054 
580 1.39956 0.212741 
581 1.3975 0.212375 
582 1.39554 0.212011 
583 1.39315 0.211655 
584 1.39176 0.211362 
585 1.38932 0.210982 
586 1.38906 0.210697 
587 1.3884 0.210494 
588 1.38622 0.210272 
589 1.38392 0.209916 
590 1.38189 0.209566 
591 1.37961 0.209212 
592 1.37702 0.208776 
593 1.37458 0.2087 
594 1.37194 0.208688 
595 1.36931 0.208338 
596 1.36784 0.207989 
597 1.36673 0.207758 
598 1.36403 0.207411 
599 1.36227 0.207066 
600 1.36065 0.206667 
601 1.35841 0.206323 
602 1.35618 0.205981 
603 1.35371 0.205785 
604 1.35108 0.205635 
605 1.34861 0.205175 
606 1.34593 0.204837 
607 1.34402 0.2045 
608 1.3418 0.204164 
609 1.33964 0.204005 
610 1.33792 0.204126 
611 1.33583 0.204069 
612 1.33768 0.203603 
613 1.3355 0.203272 
614 1.33333 0.203048 
615 1.33302 0.20267 
616 1.33075 0.202342 
617 1.32884 0.20227 
618 1.32711 0.202406 
619 1.32589 0.202077 
620 1.32376 0.201784 
621 1.32166 0.201644 
622 1.3207 0.20132 
623 1.3185 0.201193 
624 1.31712 0.200871 
625 1.3153 0.200513 
626 1.31313 0.200192 
627 1.31126 0.199873 
628 1.3099 0.199733 
629 1.3079 0.199416 
630 1.30604 0.1991 
631 1.30426 0.198785 
632 1.3022 0.198471 
633 1.30055 0.198468 
634 1.2988 0.198614 
635 1.29808 0.198571 
636 1.2967 0.198259 
637 1.29508 0.19795 
638 1.29368 0.19764 
639 1.29173 0.197549 
640 1.29003 0.197394 
641 1.28804 0.197086 
642 1.28696 0.197151 
643 1.28533 0.196862 
644 1.28468 0.19692 
645 1.28308 0.196615 
646 1.28124 0.196311 
647 1.27954 0.196008 
648 1.27716 0.195949 
649 1.27556 0.195851 
650 1.27458 0.195563 
651 1.27217 0.195367 
652 1.27022 0.195142 
653 1.26824 0.194844 
654 1.2675 0.194542 
655 1.26585 0.19416 
656 1.26438 0.193869 
657 1.26252 0.193896 
658 1.26017 0.193565 
659 1.25811 0.193329 
660 1.25606 0.193143 
661 1.2552 0.193259 
662 1.25545 0.192795 
663 1.25394 0.192475 
664 1.25257 0.192996 
665 1.25076 0.192995 
666 1.24902 0.192743 
667 1.24726 0.192637 
668 1.24531 0.192441 
669 1.24355 0.192132 
670 1.242 0.191845 
671 1.24073 0.191604 
672 1.23889 0.191703 
673 1.23721 0.191585 
674 1.23609 0.191301 
675 1.23639 0.191431 
676 1.23471 0.191148 
677 1.23311 0.190866 
678 1.23148 0.190585 
679 1.23122 0.190656 
680 1.22986 0.190664 
681 1.22797 0.190867 
682 1.22695 0.190545 
683 1.2256 0.190302 
684 1.22563 0.190115 
685 1.22405 0.189825 
686 1.22251 0.189595 
687 1.22102 0.189381 
688 1.21927 0.189434 
689 1.21808 0.189106 
690 1.21896 0.188833 
691 1.21719 0.18856 
692 1.21732 0.188257 
693 1.21543 0.18777 
694 1.21379 0.187461 
695 1.21216 0.187094 
696 1.2105 0.186658 
697 1.20908 0.186376 
698 1.20874 0.186282 
699 1.20767 0.186453 
700 1.20612 0.186187 
701 1.20469 0.186479 
702 1.20348 0.186282 
703 1.20235 0.186262 
704 1.20074 0.185947 
705 1.19895 0.185583 
706 1.19825 0.185298 
707 1.19674 0.184787 
708 1.19677 0.184526 
709 1.19523 0.184522 
710 1.19404 0.184262 
711 1.19252 0.183939 
712 1.19246 0.183817 
713 1.19129 0.183311 
714 1.19133 0.183054 
715 1.19051 0.183069 
716 1.18887 0.183258 
717 1.18716 0.183399 
718 1.18582 0.18385 
719 1.18462 0.184139 
720 1.18317 0.183874 
721 1.18156 0.183798 
722 1.18099 0.183445 
723 1.17888 0.183139 
724 1.17726 0.18291 
725 1.17621 0.182943 
726 1.17466 0.183256 
727 1.17305 0.183333 
728 1.17168 0.182935 
729 1.17039 0.18274 
730 1.16967 0.182521 
731 1.16799 0.182352 
732 1.16653 0.182766 
733 1.16452 0.182544 
734 1.16346 0.182727 
735 1.16217 0.183144 
736 1.16072 0.182811 
737 1.15991 0.182563 
738 1.15982 0.182754 
739 1.15886 0.182507 
740 1.15719 0.182261 
741 1.15581 0.181966 
742 1.15645 0.181719 
743 1.15586 0.181475 
744 1.15497 0.181285 
745 1.15377 0.181192 
746 1.15231 0.180946 
747 1.15152 0.180643 
748 1.15 0.180397 
749 1.14892 0.180201 
750 1.14735 0.180286 
751 1.14551 0.180185 
752 1.14414 0.180061 
753 1.14257 0.179822 
754 1.14145 0.179624 
755 1.14009 0.179387 
756 1.13861 0.179144 
757 1.1372 0.178942 
758 1.13552 0.178699 
759 1.13403 0.178464 
760 1.13261 0.178229 
761 1.13114 0.178345 
762 1.12956 0.177981 
763 1.13062 0.17845 
764 1.12885 0.178613 
765 1.1279 0.178669 
766 1.12643 0.178445 
767 1.12498 0.178715 
768 1.12444 0.178487 
769 1.1233 0.178392 
770 1.12194 0.178192 
771 1.1208 0.178051 
772 1.12025 0.177821 
773 1.11867 0.177591 
774 1.11732 0.177362 
775 1.11673 0.177133 
776 1.11547 0.177031 
777 1.11443 0.176779 
778 1.11297 0.176552 
779 1.11387 0.176503 
780 1.11285 0.176341 
781 1.11173 0.176118 
782 1.11071 0.175895 
783 1.10905 0.176004 
784 1.10908 0.176103 
785 1.10765 0.175853 
786 1.10755 0.17563 
787 1.10754 0.175354 
788 1.10613 0.175132 
789 1.10499 0.17489 
790 1.10432 0.174648 
791 1.10292 0.174428 
792 1.10154 0.174298 
793 1.09994 0.174209 
794 1.09929 0.174255 
795 1.09872 0.174099 
796 1.09795 0.174019 
797 1.0965 0.173886 
798 1.09518 0.173668 
799 1.09373 0.173561 
800 1.09225 0.173365 
801 1.09141 0.173666 
802 1.09047 0.173403 
803 1.08994 0.173187 
804 1.08861 0.17296 
805 1.0873 0.172721 
806 1.08601 0.17243 
807 1.08513 0.172252 
808 1.08397 0.172105 
809 1.08275 0.17187 
810 1.08204 0.171658 
811 1.08074 0.172221 
812 1.07943 0.172046 
813 1.07816 0.172109 
814 1.07707 0.171898 
815 1.07523 0.171676 
816 1.07381 0.171424 
817 1.07274 0.171214 
818 1.07151 0.171341 
819 1.07096 0.171229 
820 1.06965 0.171129 
821 1.06835 0.170934 
822 1.06688 0.170726 
823 1.06592 0.170732 
824 1.06498 0.170575 
825 1.06385 0.170366 
826 1.06231 0.170158 
827 1.06086 0.170499 
828 1.05929 0.170293 
829 1.05808 0.170087 
830 1.05706 0.170073 
831 1.05558 0.169816 
832 1.05524 0.169608 
833 1.05397 0.16954 
834 1.05248 0.169395 
835 1.05128 0.169219 
836 1.05027 0.169016 
837 1.04877 0.168884 
838 1.04771 0.168708 
839 1.04671 0.168539 
840 1.04557 0.168298 
841 1.04454 0.168148 
842 1.04335 0.168066 
843 1.04168 0.167896 
844 1.04033 0.167987 
845 1.03942 0.16803 
846 1.03835 0.167853 
847 1.03749 0.167655 
848 1.03603 0.167457 
849 1.03578 0.167307 
850 1.03459 0.167258 
851 1.03338 0.167062 
852 1.03458 0.166895 
853 1.03345 0.1667 
854 1.03207 0.166502 
855 1.03191 0.166661 
856 1.03174 0.166428 
857 1.03116 0.166501 
858 1.0299 0.16668 
859 1.02958 0.166519 
860 1.02799 0.166363 
861 1.02679 0.166309 
862 1.02621 0.166086 
863 1.02505 0.165677 
864 1.02576 0.165445 
865 1.02548 0.165215 
866 1.024 0.164996 
867 1.02291 0.164806 
868 1.02173 0.164605 
869 1.02045 0.164416 
870 1.01976 0.164384 
871 1.01859 0.164222 
872 1.01793 0.164081 
873 1.01717 0.163799 
874 1.01651 0.163647 
875 1.01585 0.163512 
876 1.01469 0.163583 
877 1.01354 0.163397 
878 1.01247 0.163266 
879 1.01095 0.16308 
880 1.00948 0.162875 
881 1.00813 0.162754 
882 1.00699 0.16254 
883 1.00576 0.162428 
884 1.00478 0.162232 
885 1.00451 0.162048 
886 1.00325 0.161899 
887 1.00414 0.161484 
888 1.00297 0.161215 
889 1.00168 0.161276 
890 1.00058 0.161147 
891 0.999593 0.161348 
892 0.998934 0.161186 
893 0.998878 0.16103 
894 0.998272 0.160846 
895 0.996852 0.160793 
896 0.995768 0.160611 
897 0.995057 0.160385 
898 0.993909 0.160029 
899 0.99381 0.159812 
900 0.992463 0.159635 
901 0.991546 0.159898 
902 0.990577 0.1596 
903 0.989481 0.159595 
904 0.988808 0.159371 
905 0.988059 0.15944 
906 0.986575 0.159513 
907 0.985928 0.159364 
908 0.985228 0.159189 
909 0.984086 0.159014 
910 0.983442 0.158836 
911 0.982607 0.158682 
912 0.981587 0.158596 
913 0.981084 0.158457 
914 0.980274 0.158348 
915 0.979446 0.158184 
916 0.978621 0.158167 
917 0.978093 0.157994 
918 0.977279 0.157823 
919 0.976217 0.157659 
920 0.975649 0.157487 
921 0.974338 0.157317 
922 0.973282 0.157145 
923 0.97272 0.156975 
924 0.971669 0.156809 
925 0.970619 0.156895 
926 0.969809 0.156744 
927 0.968889 0.156578 
928 0.968246 0.156598 
929 0.967683 0.156429 
930 0.966693 0.156307 
931 0.965401 0.156128 
932 0.964366 0.15595 
933 0.963915 0.155508 
934 0.963185 0.155338 
935 0.962211 0.155196 
936 0.961135 0.155035 
937 0.960376 0.15499 
938 0.960078 0.154909 
939 0.960097 0.154794 
940 0.959034 0.154638 
941 0.958861 0.154457 
942 0.958347 0.154316 
943 0.957604 0.154181 
944 0.956591 0.154073 
945 0.95558 0.154206 
946 0.954901 0.15397 
947 0.954798 0.153808 
948 0.953902 0.153553 
949 0.952666 0.153391 
950 0.951571 0.15339 
951 0.951059 0.153238 
952 0.949957 0.15315 
953 0.949247 0.153294 
954 0.948675 0.153262 
955 0.947683 0.153107 
956 0.946881 0.153249 
957 0.946136 0.153089 
958 0.945149 0.15291 
959 0.94418 0.152825 
960 0.943184 0.152666 
961 0.942203 0.15257 
962 0.942056 0.152438 
963 0.941079 0.152279 
964 0.939867 0.152245 
965 0.939843 0.152087 
966 0.939072 0.151878 
967 0.938135 0.151704 
968 0.937167 0.151547 
969 0.93629 0.151402 
970 0.935562 0.15122 
971 0.935568 0.151064 
972 0.934607 0.15098 
973 0.934024 0.150832 
974 0.932918 0.150691 
975 0.932558 0.150623 
976 0.9315 0.150466 
977 0.930632 0.150331 
978 0.929682 0.150515 
979 0.928826 0.150447 
980 0.927966 0.150294 
981 0.927214 0.150152 
982 0.926271 0.150251 
983 0.925768 0.150281 
984 0.924477 0.150163 
985 0.922957 0.150003 
986 0.922578 0.149873 
987 0.921644 0.149727 
988 0.921199 0.149549 
989 0.919953 0.149353 
990 0.919396 0.149115 
991 0.918218 0.148964 
992 0.916894 0.148823 
993 0.915995 0.148924 
994 0.91577 0.148993 
995 0.915434 0.148839 
996 0.914614 0.148764 
997 0.913694 0.148639 
998 0.913061 0.148487 
999 0.91222 0.148473 
1000 0.911878 0.148198 
1100 0.849121 0.139448 
1200 0.792388 0.131359 
1300 0.741287 0.122369 
1400 0.69483 0.116381 
1500 0.661477 0.111914 
1600 0.630019 0.106394 
1700 0.605832 0.10191 
1800 0.573937 0.0975955 
1900 0.547 0.0943528 
2000 0.525578 0.0913498 
2100 0.506093 0.0878443 
2200 0.486238 0.0851044 
2300 0.469407 0.0823722 
2400 0.452161 0.0808067 
2500 0.434857 0.0782535 
2600 0.417649 0.0767257 
2700 0.406841 0.0755163 
2800 0.394777 0.0734122 
2900 0.381796 0.0717335 
3000 0.371047 0.0698028 
3100 0.359757 0.0690808 
3200 0.349083 0.0675369 
3300 0.33799 0.0661041 
3400 0.328209 0.0646169 
3500 0.320807 0.0630601 
3600 0.3133 0.0614453 
3700 0.306291 0.0608638 
3800 0.299606 0.0606655 
3900 0.292338 0.0591634 
4000 0.286447 0.0597058 
4100 0.280092 0.059027 
4200 0.274453 0.0588516 
4300 0.269981 0.058819 
4400 0.265385 0.0582035 
4500 0.260713 0.0582325 
4600 0.255463 0.0573871 
4700 0.250574 0.0566797 
4800 0.246566 0.0558015 
4900 0.242302 0.0553477 
5000 0.238324 0.0543918 
5100 0.234779 0.05369 
5200 0.229936 0.052862 
5300 0.225732 0.0522297 
5400 0.221389 0.0517874 
5500 0.218143 0.051722 
5600 0.21537 0.0514332 
5700 0.212594 0.0512353 
5800 0.208974 0.0504596 
5900 0.205764 0.0499474 
6000 0.202635 0.0493462 
6100 0.199544 0.0483306 
6200 0.196956 0.0473385 
6300 0.194515 0.0466688 
6400 0.19159 0.0458232 
6500 0.189145 0.0455462 
6600 0.186843 0.0454311 
6700 0.184892 0.0447995 
6800 0.182889 0.0443332 
6900 0.180578 0.0436045 
7000 0.178326 0.0431891 
7100 0.176967 0.042629 
7200 0.174583 0.0420758 
7300 0.172756 0.0415718 
7400 0.170973 0.0412947 
7500 0.16905 0.0409364 
7600 0.167573 0.0406921 
7700 0.165309 0.0404621 
7800 0.163128 0.0400667 
7900 0.161105 0.0394506 
8000 0.15928 0.0391071 
8100 0.15778 0.03892 
8200 0.156991 0.0383634 
8300 0.155955 0.0378982 
8400 0.154961 0.037722 
8500 0.1533 0.0370566 
8600 0.151846 0.0369177 
8700 0.15048 0.0368068 
8800 0.148866 0.0366308 
8900 0.1471 0.0367016 
9000 0.145999 0.0366522 
9100 0.144342 0.0365009 
9200 0.143024 0.0361957 
9300 0.14164 0.0355026 
9400 0.140607 0.0352691 
9500 0.139869 0.0348725 
9600 0.138641 0.0345102 
9700 0.137511 0.0343255 
9800 0.136301 0.0342616 
9900 0.135055 0.0338653 
10000 0.133809 0.0337176 
10100 0.132906 0.0336042 
10200 0.131956 0.0334851 
10300 0.130263 0.0332498 
10400 0.128998 0.0330463 
10500 0.127756 0.0329742 
10600 0.126656 0.032628 
10700 0.125739 0.0328881 
10800 0.124736 0.0326962 
10900 0.123908 0.0325193 
11000 0.122735 0.0323193 
11100 0.121654 0.0320772 
11200 0.120537 0.0318515 
11300 0.119728 0.0317915 
11400 0.118907 0.031689 
11500 0.117835 0.0318159 
11600 0.117057 0.031623 
11700 0.116391 0.0310923 
11800 0.115783 0.0307162 
11900 0.114878 0.0306451 
12000 0.114184 0.0305086 
12100 0.113408 0.0300531 
12200 0.112375 0.0299028 
12300 0.111526 0.0294371 
12400 0.110656 0.0292939 
12500 0.110085 0.0292143 
12600 0.109139 0.0291339 
12700 0.108027 0.0291365 
12800 0.106973 0.0291493 
12900 0.106662 0.029089 
13000 0.10605 0.0291726 
13100 0.105856 0.029002 
13200 0.105361 0.0289962 
13300 0.105266 0.028869 
13400 0.104892 0.0286069 
13500 0.104286 0.0283008 
13600 0.103629 0.0282323 
13700 0.103376 0.0282142 
13800 0.102667 0.0278959 
13900 0.101706 0.0276158 
14000 0.101283 0.0274452 
14100 0.100717 0.0276369 
14200 0.100237 0.027665 
14300 0.0995898 0.02765 
14400 0.0989805 0.0275474 
14500 0.0981184 0.0273307 
14600 0.0974755 0.0270598 
14700 0.0967986 0.0268542 
14800 0.0962156 0.0265252 
14900 0.0954833 0.0264912 
15000 0.0948669 0.0262582 
15100 0.0945738 0.0261767 
15200 0.0939887 0.0261125 
15300 0.0930097 0.0259722 
15400 0.0926146 0.0257531 
15500 0.0922079 0.0256021 
15600 0.0915684 0.02541 
15700 0.0910464 0.0252112 
15800 0.0905875 0.025174 
15900 0.0899606 0.0251582 
16000 0.0894097 0.0250314 
16100 0.0888953 0.0249274 
16200 0.0882375 0.0246995 
16300 0.0876032 0.024597 
16400 0.0872565 0.0245791 
16500 0.0868394 0.0245204 
16600 0.0863559 0.0243909 
16700 0.086199 0.0242924 
16800 0.0858352 0.0241383 
16900 0.0851986 0.0240231 
17000 0.0847255 0.0238083 
17100 0.0843352 0.0236337 
17200 0.0838381 0.0235926 
17300 0.0835167 0.0233233 
17400 0.0832434 0.0232292 
17500 0.0827451 0.0230753 
17600 0.0825417 0.0230373 
17700 0.0820593 0.0229809 
17800 0.0816059 0.0230512 
17900 0.0812318 0.0231668 
18000 0.0809886 0.0231785 
18100 0.0809067 0.0231657 
18200 0.0804428 0.023106 
18300 0.0798124 0.0231388 
18400 0.0793531 0.0231279 
18500 0.0791575 0.0231194 
18600 0.0790383 0.0229117 
18700 0.0788446 0.0227361 
18800 0.0787023 0.0225733 
18900 0.0786071 0.0225514 
19000 0.0780918 0.0224713 
19100 0.0776366 0.0224456 
19200 0.0772753 0.0223413 
19300 0.0767959 0.0222584 
19400 0.0765996 0.022294 
19500 0.0762246 0.0222176 
19600 0.0759964 0.0221415 
19700 0.0757596 0.022011 
19800 0.0752871 0.0221356 
19900 0.0751622 0.0221395 
20000 0.0749194 0.0219453 
20100 0.0745789 0.0217585 
20200 0.0744595 0.0217475 
20300 0.074002 0.0216264 
20400 0.0735619 0.0216119 
20500 0.0733151 0.0216273 
20600 0.0730417 0.0217122 
20700 0.0726482 0.0216299 
20800 0.0721369 0.0214487 
20900 0.0717562 0.021469 
21000 0.0715136 0.0213676 
21100 0.0711861 0.0213386 
21200 0.0708926 0.0213114 
21300 0.0704549 0.021231 
21400 0.0702392 0.0210677 
21500 0.0698303 0.0209683 
21600 0.0697568 0.0208408 
21700 0.0692874 0.0207022 
21800 0.068986 0.0206788 
21900 0.0687365 0.0205784 
22000 0.0684848 0.0205655 
22100 0.0683853 0.0204362 
22200 0.0681552 0.020348 
22300 0.0679527 0.0201994 
22400 0.0677146 0.0201138 
22500 0.0673735 0.0200142 
22600 0.0671016 0.0199852 
22700 0.0668685 0.0198146 
22800 0.0666547 0.0198296 
22900 0.0666884 0.0198559 
23000 0.0666669 0.0198757 
23100 0.0665148 0.0197514 
23200 0.066293 0.0195775 
23300 0.0659737 0.0194901 
23400 0.0656906 0.0194713 
23500 0.0653276 0.0194336 
23600 0.0651731 0.0193755 
23700 0.0650116 0.0193134 
23800 0.0648389 0.019303 
23900 0.0646299 0.0192923 
24000 0.0646267 0.0191562 
24100 0.0643334 0.0191456 
24200 0.0642287 0.0191521 
24300 0.0639514 0.0191385 
24400 0.0636213 0.0190803 
24500 0.0633275 0.0189407 
24600 0.062939 0.018794 
24700 0.0626617 0.0186552 
24800 0.0624247 0.0185683 
24900 0.0621608 0.0184958 
25000 0.0619597 0.0184821 
25100 0.0615883 0.0184045 
25200 0.0610697 0.0183557 
25300 0.0610196 0.0183522 
25400 0.0608642 0.0183079 
25500 0.060777 0.018244 
25600 0.0604965 0.0182655 
25700 0.060466 0.0182531 
25800 0.0603745 0.0181534 
25900 0.0603559 0.0180189 
26000 0.0601495 0.0179322 
26100 0.0601613 0.0178915 
26200 0.0601368 0.0178843 
26300 0.060129 0.0177848 
26400 0.0599735 0.0176303 
26500 0.0599079 0.0174979 
26600 0.0598479 0.0175973 
26700 0.059576 0.017607 
26800 0.0593467 0.0177457 
26900 0.0592487 0.017744 
27000 0.0590165 0.0177463 
27100 0.0586497 0.0177691 
27200 0.0583536 0.0178145 
27300 0.0579703 0.0178444 
27400 0.0575317 0.0177709 
27500 0.0572523 0.017771 
27600 0.0570381 0.0177232 
27700 0.0566848 0.017697 
27800 0.056568 0.017626 
27900 0.0563014 0.0175782 
28000 0.0560261 0.0175087 
28100 0.0558832 0.017459 
28200 0.0555677 0.0173931 
28300 0.0553602 0.0173206 
28400 0.0550929 0.0171829 
28500 0.0549727 0.0171178 
28600 0.0547839 0.0170298 
28700 0.0545466 0.0169387 
28800 0.0543367 0.0168761 
28900 0.0541821 0.0169111 
29000 0.054022 0.0168353 
29100 0.0539473 0.0167938 
29200 0.0539237 0.0167747 
29300 0.053846 0.016798 
29400 0.0538233 0.0167333 
29500 0.0535261 0.0166758 
29600 0.0534175 0.016502 
29700 0.0532755 0.0163437 
29800 0.0532182 0.0164105 
29900 0.053179 0.0164873 
30000 0.0530994 0.0165158 
30100 0.0529386 0.0165813 
30200 0.0528663 0.0165428 
30300 0.0526901 0.016507 
30400 0.0525127 0.0164666 
30500 0.052209 0.0164084 
30600 0.0520395 0.0163858 
30700 0.0518425 0.0163686 
30800 0.0517564 0.0162783 
30900 0.0515422 0.0162367 
31000 0.0514216 0.0161683 
31100 0.0511339 0.0161707 
31200 0.0509169 0.0160655 
31300 0.0507273 0.0159946 
31400 0.0506103 0.0158581 
31500 0.0504424 0.0157986 
31600 0.0502504 0.0156529 
31700 0.0501653 0.015569 
31800 0.050068 0.0155102 
31900 0.0499089 0.0153844 
32000 0.0498199 0.0152253 
32100 0.0496934 0.0151051 
32200 0.0496632 0.0150075 
32300 0.0494719 0.0149325 
32400 0.0493728 0.0148461 
32500 0.0492281 0.0148071 
32600 0.0491082 0.0148826 
32700 0.0489895 0.0148976 
32800 0.0491015 0.0149727 
32900 0.0491335 0.0150688 
33000 0.049036 0.0151228 
33100 0.0488653 0.0151595 
33200 0.048913 0.0151752 
33300 0.0487875 0.0152106 
33400 0.0486095 0.0151994 
33500 0.0482832 0.0151967 
33600 0.0481946 0.0151394 
33700 0.0482383 0.0150835 
33800 0.0482169 0.0151047 
33900 0.0481142 0.0150492 
34000 0.0480427 0.0150722 
34100 0.0480839 0.014983 
34200 0.0481312 0.0149522 
34300 0.0480734 0.01485 
34400 0.048102 0.0147932 
34500 0.0480289 0.0148208 
34600 0.047868 0.0147496 
34700 0.0477187 0.0147013 
34800 0.0475709 0.0146699 
34900 0.0474468 0.0147272 
35000 0.0472507 0.0147033 
35100 0.0470302 0.0146674 
35200 0.047 0.0146304 
35300 0.0468144 0.014586 
35400 0.0465689 0.0145811 
35500 0.0463944 0.0144881 
35600 0.0461922 0.0143551 
35700 0.0460693 0.0143713 
35800 0.0458819 0.0143387 
35900 0.0457039 0.0142991 
36000 0.0455508 0.0143876 
36100 0.0454168 0.0143495 
36200 0.045308 0.0143679 
36300 0.0450972 0.0143254 
36400 0.0449715 0.0143017 
36500 0.0450034 0.0142476 
36600 0.0449479 0.0142189 
36700 0.044803 0.0141586 
36800 0.0447019 0.014107 
36900 0.0446929 0.0140918 
37000 0.0445669 0.0140852 
37100 0.044674 0.0139913 
37200 0.0446228 0.0139376 
37300 0.0444853 0.0139688 
37400 0.0445481 0.0139912 
37500 0.0444802 0.013953 
37600 0.0444346 0.0139449 
37700 0.0443744 0.0140357 
37800 0.044321 0.0140771 
37900 0.0443238 0.0141187 
38000 0.0442349 0.0140972 
38100 0.0440856 0.0140698 
38200 0.0440393 0.0140121 
38300 0.0439267 0.0140087 
38400 0.0439395 0.0140366 
38500 0.043834 0.0140295 
38600 0.0437367 0.0140659 
38700 0.0436532 0.0140454 
38800 0.0435129 0.0140366 
38900 0.0434061 0.0140466 
39000 0.0432906 0.0140131 
39100 0.0430555 0.0140128 
39200 0.0428572 0.013987 
39300 0.0428128 0.0139637 
39400 0.0426241 0.0138841 
39500 0.0424339 0.0139013 
39600 0.0423417 0.0138789 
39700 0.0422948 0.0138709 
39800 0.0421554 0.0138903 
39900 0.0419598 0.0138578 
40000 0.0417645 0.0138549 
40100 0.0415431 0.0138839 
40200 0.0414541 0.0138649 
40300 0.0414442 0.0138318 
40400 0.0414799 0.0138012 
40500 0.0413717 0.01375 
40600 0.0412486 0.0137076 
40700 0.0412172 0.0136406 
40800 0.0411754 0.0135954 
40900 0.041095 0.013555 
41000 0.0410412 0.0135582 
41100 0.0409874 0.0134919 
41200 0.0409518 0.0134532 
41300 0.0409235 0.0134145 
41400 0.0408118 0.0133722 
41500 0.0408424 0.0132793 
41600 0.0408013 0.0131874 
41700 0.0408215 0.0130956 
41800 0.040782 0.0130883 
41900 0.040694 0.0130198 
42000 0.0406412 0.0130063 
42100 0.0404967 0.0129976 
42200 0.0404142 0.0129365 
42300 0.040368 0.0128691 
42400 0.0403359 0.0128602 
42500 0.0402293 0.0128035 
42600 0.0401095 0.0127422 
42700 0.039891 0.0127491 
42800 0.0397276 0.0127629 
42900 0.0394698 0.0128012 
43000 0.0393494 0.012781 
43100 0.0391862 0.0127759 
43200 0.0390332 0.0127686 
43300 0.0388605 0.0127918 
43400 0.0386219 0.0128044 
43500 0.0385821 0.0127875 
43600 0.0384147 0.0127859 
43700 0.0384345 0.0127894 
43800 0.03837 0.0128195 
43900 0.0384642 0.0128169 
44000 0.0385714 0.012822 
44100 0.0386333 0.0127671 
44200 0.0385893 0.0127527 
44300 0.0385859 0.0127089 
44400 0.0384632 0.0126808 
44500 0.0385596 0.0127028 
44600 0.0386237 0.0126809 
44700 0.038492 0.01268 
44800 0.0383337 0.0126766 
44900 0.0383267 0.0127029 
45000 0.0382726 0.0126556 
45100 0.0382085 0.0126111 
45200 0.0381552 0.0125713 
45300 0.0379905 0.0126297 
45400 0.0378848 0.0126594 
45500 0.0378117 0.0126729 
45600 0.0377736 0.0126394 
45700 0.0377405 0.0126227 
45800 0.0377193 0.0126184 
45900 0.0376917 0.0125601 
46000 0.0376518 0.0125068 
46100 0.0376869 0.0124107 
46200 0.0375943 0.0123327 
46300 0.0375164 0.0122528 
46400 0.0374643 0.0121908 
46500 0.0373659 0.0121824 
46600 0.0372684 0.0121454 
46700 0.0372407 0.0121239 
46800 0.0371781 0.0121251 
46900 0.0370419 0.0120752 
47000 0.0368795 0.0120563 
47100 0.0368654 0.0119982 
47200 0.036786 0.0119692 
47300 0.0368456 0.0119472 
47400 0.0368628 0.0119354 
47500 0.0369499 0.0119232 
47600 0.0370008 0.0118861 
47700 0.0369218 0.0118665 
47800 0.0368784 0.0118815 
47900 0.0368037 0.0119062 
48000 0.0366901 0.0118752 
48100 0.0366265 0.0118952 
48200 0.03644 0.011869 
48300 0.0363104 0.011852 
48400 0.0362565 0.0118372 
48500 0.036291 0.0118385 
48600 0.0361836 0.0118422 
48700 0.0361392 0.0118091 
48800 0.0361343 0.0118173 
48900 0.0359462 0.0118273 
49000 0.0358209 0.0118482 
49100 0.0359058 0.0118209 
49200 0.0358716 0.0118435 
49300 0.0358604 0.0118514 
49400 0.0358564 0.0117971 
49500 0.0359176 0.0117425 
49600 0.035832 0.0116872 
49700 0.0357447 0.0116643 
49800 0.0357 0.0116849 
49900 0.0356883 0.0116654 
50000 0.0356992 0.0116971 
50100 0.0356017 0.0117026 
50200 0.0355905 0.0116832 
50300 0.0354927 0.011712 
50400 0.0353835 0.0116235 
50500 0.0352694 0.0116012 
50600 0.0352023 0.0115754 
50700 0.0350935 0.0115704 
50800 0.034978 0.0114948 
50900 0.0349731 0.0114711 
51000 0.0348277 0.0114129 
51100 0.0346653 0.0114106 
51200 0.0345184 0.0114418 
51300 0.0343358 0.011472 
51400 0.0343072 0.0114272 
51500 0.034319 0.0114131 
51600 0.0341965 0.0113549 
51700 0.0341407 0.0113257 
51800 0.0340889 0.0113133 
51900 0.034072 0.0113165 
52000 0.0340767 0.0113402 
52100 0.0339538 0.0113265 
52200 0.0338668 0.0113607 
52300 0.0337732 0.0113037 
52400 0.0336989 0.0112856 
52500 0.0336517 0.0111973 
52600 0.033594 0.0111832 
52700 0.0335278 0.0111639 
52800 0.0335313 0.0111212 
52900 0.0334252 0.0110673 
53000 0.0334389 0.0110137 
53100 0.0333406 0.0110188 
53200 0.0333655 0.0109629 
53300 0.0333666 0.0109229 
53400 0.0332782 0.0109346 
53500 0.0331964 0.0109212 
53600 0.0330356 0.0109418 
53700 0.0329432 0.0109589 
53800 0.0328637 0.0110441 
53900 0.0327891 0.0110905 
54000 0.032721 0.011114 
54100 0.0327502 0.0111241 
54200 0.0326861 0.0111223 
54300 0.0326673 0.0111512 
54400 0.0326064 0.0111351 
54500 0.0325227 0.0111497 
54600 0.0325181 0.0111464 
54700 0.0324645 0.0111286 
54800 0.0324621 0.0111296 
54900 0.0323638 0.0111166 
55000 0.0322681 0.0110738 
55100 0.0322669 0.0110636 
55200 0.0322379 0.0110115 
55300 0.032183 0.0109677 
55400 0.032191 0.0109379 
55500 0.0321883 0.0109442 
55600 0.0321102 0.0109078 
55700 0.0319923 0.0108906 
55800 0.0318902 0.0108016 
55900 0.0317285 0.0108036 
56000 0.0316555 0.0108 
56100 0.0315809 0.0107749 
56200 0.0315769 0.0107515 
56300 0.0315866 0.010688 
56400 0.0315959 0.0106228 
56500 0.0316111 0.0105843 
56600 0.0316143 0.0104837 
56700 0.0316013 0.0103757 
56800 0.031614 0.0103668 
56900 0.0315873 0.0103728 
57000 0.0316957 0.0103446 
57100 0.031744 0.010313 
57200 0.0317665 0.0103377 
57300 0.0318337 0.010378 
57400 0.0317909 0.0104063 
57500 0.031796 0.0104289 
57600 0.0317608 0.0104822 
57700 0.0316819 0.0105285 
57800 0.031623 0.0105326 
57900 0.0315887 0.0104884 
58000 0.0314646 0.0104946 
58100 0.031293 0.0105001 
58200 0.0311334 0.0105058 
58300 0.0310082 0.010532 
58400 0.0309203 0.0105798 
58500 0.0306843 0.010569 
58600 0.0305472 0.0106058 
58700 0.0304979 0.0106244 
58800 0.0305033 0.0106098 
58900 0.0305203 0.0106137 
59000 0.0304807 0.0106064 
59100 0.0303895 0.0105748 
59200 0.0303669 0.0105327 
59300 0.0303757 0.0104914 
59400 0.0304065 0.010468 
59500 0.0303448 0.010408 
59600 0.0303125 0.0103621 
59700 0.0303551 0.010328 
59800 0.0303421 0.0102956 
59900 0.0302472 0.0102836 
60000 0.0301109 0.0102363 
60100 0.0300706 0.0102223 
60200 0.03007 0.0101947 
60300 0.0299476 0.0101887 
60400 0.0299296 0.0101832 
60500 0.0298303 0.0101564 
60600 0.0297361 0.0101212 
60700 0.0296797 0.0100983 
60800 0.0296214 0.0100793 
60900 0.02957 0.010083 
61000 0.0295306 0.010074 
61100 0.0294539 0.0100869 
61200 0.0293478 0.0100693 
61300 0.0292976 0.0100755 
61400 0.02939 0.0100482 
61500 0.0293485 0.010007 
61600 0.0293333 0.00999406 
61700 0.0293353 0.00996418 
61800 0.0292769 0.00995604 
61900 0.029306 0.00992943 
62000 0.0292705 0.00989364 
62100 0.0292167 0.00989569 
62200 0.0292702 0.00989882 
62300 0.0292286 0.00988406 
62400 0.0292461 0.00987028 
62500 0.0291759 0.00982686 
62600 0.0291822 0.00980106 
62700 0.0292242 0.00978271 
62800 0.0293095 0.0097753 
62900 0.0293195 0.00974083 
63000 0.0292803 0.009716 
63100 0.0292138 0.00977151 
63200 0.0292178 0.00978118 
63300 0.0291653 0.00978789 
63400 0.0291712 0.00975718 
63500 0.0291301 0.00976101 
63600 0.0290734 0.00974233 
63700 0.0290459 0.0097366 
63800 0.028997 0.00971449 
63900 0.0289721 0.00967653 
64000 0.0289953 0.00963307 
64100 0.0289732 0.00961413 
64200 0.0289324 0.00959772 
64300 0.02897 0.0096098 
64400 0.0289676 0.00961049 
64500 0.0289386 0.00961491 
64600 0.0289331 0.00955182 
64700 0.0289054 0.00954659 
64800 0.0289026 0.00953112 
64900 0.0288694 0.00942996 
65000 0.028849 0.00943584 
65100 0.0288156 0.00941426 
65200 0.0288024 0.00938513 
65300 0.028762 0.00933538 
65400 0.0287007 0.00932529 
65500 0.028658 0.00933619 
65600 0.0286306 0.00934322 
65700 0.0286438 0.00931844 
65800 0.0286183 0.00934619 
65900 0.0285785 0.00935664 
66000 0.028617 0.00935961 
66100 0.0285772 0.00937965 
66200 0.0285173 0.00944473 
66300 0.0284757 0.00946227 
66400 0.0283596 0.00951912 
66500 0.0282799 0.00952035 
66600 0.0281662 0.00954596 
66700 0.0280448 0.00959514 
66800 0.0279794 0.00960788 
66900 0.0279252 0.00964417 
67000 0.0278238 0.00965603 
67100 0.02781 0.00967095 
67200 0.0277165 0.00970219 
67300 0.0276288 0.00970525 
67400 0.0275958 0.00970233 
67500 0.027512 0.00967972 
67600 0.0274237 0.0096749 
67700 0.0273791 0.00966675 
67800 0.0272964 0.00965843 
67900 0.0273067 0.0096449 
68000 0.0272932 0.00962604 
68100 0.0273178 0.00960153 
68200 0.027266 0.0095892 
68300 0.0273331 0.00959116 
68400 0.0272805 0.00958542 
68500 0.0273065 0.00955092 
68600 0.0273563 0.0095355 
68700 0.0273353 0.00947637 
68800 0.0273356 0.0094344 
68900 0.0273604 0.00941016 
69000 0.0273459 0.00937986 
69100 0.0273797 0.00936483 
69200 0.02729 0.00932868 
69300 0.027208 0.00927028 
69400 0.0271709 0.009203 
69500 0.0271416 0.00917014 
69600 0.0271132 0.00915085 
69700 0.0270677 0.00910832 
69800 0.027051 0.00907209 
69900 0.0270128 0.00907981 
70000 0.0269826 0.00907578 
70100 0.0268984 0.00910682 
70200 0.0268367 0.00913526 
70300 0.0267768 0.00913363 
70400 0.0267502 0.00912004 
70500 0.0266562 0.00917625 
70600 0.0265677 0.00917812 
70700 0.02655 0.00918569 
70800 0.0265475 0.00921968 
70900 0.0264688 0.00922972 
71000 0.0264284 0.00923615 
71100 0.0264358 0.00924346 
71200 0.0264584 0.00925287 
71300 0.026473 0.0092509 
71400 0.026468 0.00926721 
71500 0.0265227 0.00924186 
71600 0.026559 0.00920893 
71700 0.0265163 0.0091802 
71800 0.0265435 0.00915188 
71900 0.0265443 0.00912503 
72000 0.0265107 0.00908443 
72100 0.0264716 0.00907072 
72200 0.0264704 0.0090586 
72300 0.0264535 0.00903683 
72400 0.0264025 0.00901602 
72500 0.0263762 0.00896904 
72600 0.0263017 0.0089493 
72700 0.0262866 0.00891897 
72800 0.0262087 0.00892566 
72900 0.026218 0.00886444 
73000 0.0261738 0.00887679 
73100 0.0261363 0.00887891 
73200 0.0260841 0.00886818 
73300 0.0260582 0.00887282 
73400 0.0260577 0.00890472 
73500 0.0260928 0.00888828 
73600 0.0260554 0.00886805 
73700 0.0260405 0.00884398 
73800 0.0260011 0.00880964 
73900 0.0260032 0.00878408 
74000 0.0259746 0.00877987 
74100 0.0259477 0.00874876 
74200 0.0259252 0.00873012 
74300 0.0258867 0.00870874 
74400 0.0258282 0.00864956 
74500 0.0258011 0.00866298 
74600 0.0256871 0.00863476 
74700 0.0255821 0.00863426 
74800 0.025495 0.00865192 
74900 0.0254671 0.00866906 
75000 0.0254093 0.00863704 
75100 0.0253492 0.00863822 
75200 0.0253235 0.00864333 
75300 0.0253481 0.00865782 
75400 0.0252507 0.00859081 
75500 0.0252222 0.00858068 
75600 0.0251999 0.00856825 
75700 0.0251959 0.00854433 
75800 0.0251928 0.00851597 
75900 0.0251914 0.00848529 
76000 0.0251946 0.00848025 
76100 0.0251776 0.0084319 
76200 0.0251398 0.00839706 
76300 0.0251421 0.00832872 
76400 0.025126 0.0083227 
76500 0.0250828 0.00834236 
76600 0.0250837 0.00835085 
76700 0.0251297 0.00836946 
76800 0.0250902 0.00837849 
76900 0.0250973 0.00839732 
77000 0.0251241 0.00841201 
77100 0.0251228 0.00839145 
77200 0.0250732 0.00837236 
77300 0.0250656 0.00833212 
77400 0.0250395 0.00833641 
77500 0.0250433 0.0083241 
77600 0.0249758 0.00837675 
77700 0.0249845 0.00838947 
77800 0.024967 0.00841105 
77900 0.0249675 0.00841187 
78000 0.024945 0.00840627 
78100 0.0249145 0.00843201 
78200 0.0248766 0.00841682 
78300 0.0247922 0.00841197 
78400 0.0247204 0.00841414 
78500 0.0246352 0.00840103 
78600 0.024589 0.00840491 
78700 0.0245276 0.00842063 
78800 0.0245293 0.00843166 
78900 0.0244993 0.00842254 
79000 0.0244899 0.00844097 
79100 0.0244557 0.00843562 
79200 0.0244287 0.00842854 
79300 0.0243957 0.0084712 
79400 0.0243231 0.00846601 
79500 0.0243509 0.0084616 
79600 0.0243162 0.00847699 
79700 0.0243237 0.00849193 
79800 0.0242985 0.00848357 
79900 0.0242834 0.00846785 
80000 0.0242657 0.00847735 
80100 0.0242459 0.00846603 
80200 0.0241722 0.00847972 
80300 0.0241197 0.00849077 
80400 0.0240625 0.0084868 
80500 0.0240071 0.00848221 
80600 0.0239193 0.00848054 
80700 0.0238689 0.00844886 
80800 0.0238279 0.00842841 
80900 0.0237795 0.00841781 
81000 0.0237683 0.0084014 
81100 0.02373 0.00839686 
81200 0.0236589 0.00838187 
81300 0.0236421 0.00837381 
81400 0.0236776 0.008372 
81500 0.0236398 0.00837119 
81600 0.0235989 0.00836603 
81700 0.0235572 0.00835273 
81800 0.0235339 0.00833936 
81900 0.0235484 0.00831139 
82000 0.0235434 0.00828987 
82100 0.0235475 0.00827339 
82200 0.0235046 0.00823934 
82300 0.0235129 0.00819645 
82400 0.0234715 0.00817316 
82500 0.0234609 0.00815604 
82600 0.0234436 0.00813966 
82700 0.0234475 0.00811401 
82800 0.0234563 0.00808746 
82900 0.0234294 0.00805097 
83000 0.0233795 0.00805069 
83100 0.0233263 0.00804268 
83200 0.0232904 0.00806332 
83300 0.0232507 0.00803396 
83400 0.0231496 0.00804781 
83500 0.023117 0.00806654 
83600 0.0231242 0.00805947 
83700 0.0230852 0.00804656 
83800 0.0230636 0.00802918 
83900 0.0230089 0.00803886 
84000 0.0229589 0.00806096 
84100 0.0229371 0.00805868 
84200 0.0229497 0.00807457 
84300 0.0229335 0.00808518 
84400 0.0228992 0.00806285 
84500 0.0228436 0.00803698 
84600 0.0227991 0.00801358 
84700 0.0228328 0.00798296 
84800 0.0227751 0.00799871 
84900 0.0227565 0.00797305 
85000 0.0227148 0.0079509 
85100 0.0227503 0.00792325 
85200 0.0227426 0.00791583 
85300 0.022732 0.00790292 
85400 0.0227335 0.00788751 
85500 0.0227758 0.00786674 
85600 0.0228632 0.00784876 
85700 0.022836 0.00780682 
85800 0.0228322 0.00784986 
85900 0.0228925 0.00780338 
86000 0.0229048 0.00780668 
86100 0.0229378 0.00780447 
86200 0.0229155 0.00778015 
86300 0.0229031 0.00777738 
86400 0.0229025 0.00775785 
86500 0.0228971 0.00773183 
86600 0.0229016 0.00771387 
86700 0.0228994 0.00770177 
86800 0.0228878 0.00770649 
86900 0.0228532 0.00772714 
87000 0.0228458 0.00772593 
87100 0.0228593 0.00774394 
87200 0.0228491 0.0077816 
87300 0.0228149 0.00779967 
87400 0.0227817 0.0077615 
87500 0.0227451 0.00775553 
87600 0.0227373 0.00774153 
87700 0.0227525 0.00772074 
87800 0.0227303 0.0077339 
87900 0.0227165 0.00771125 
88000 0.0227272 0.00767106 
88100 0.02276 0.0076562 
88200 0.0227372 0.0076379 
88300 0.0227194 0.0076147 
88400 0.0226705 0.00757439 
88500 0.0226332 0.00755091 
88600 0.0225971 0.00750985 
88700 0.0225635 0.00749741 
88800 0.0225085 0.00746264 
88900 0.0224445 0.00745141 
89000 0.0224398 0.00743824 
89100 0.0223809 0.00744601 
89200 0.022359 0.00743757 
89300 0.022333 0.00744024 
89400 0.0222504 0.00746539 
89500 0.0222263 0.00746518 
89600 0.022201 0.00745449 
89700 0.0221964 0.00747026 
89800 0.0222115 0.00748549 
89900 0.0221844 0.00751249 
90000 0.0221557 0.00750462 
90100 0.0220912 0.00750051 
90200 0.0220424 0.00750718 
90300 0.0220106 0.00750642 
90400 0.0219921 0.00750837 
90500 0.0219502 0.00751301 
90600 0.0219367 0.0074949 
90700 0.0219492 0.00748923 
90800 0.021889 0.00750535 
90900 0.0219053 0.00748087 
91000 0.0218416 0.00746262 
91100 0.0218131 0.00744739 
91200 0.0217597 0.00744365 
91300 0.0217362 0.00740934 
91400 0.0217591 0.00738032 
91500 0.0217448 0.00734819 
91600 0.0217404 0.00733324 
91700 0.0217246 0.00733726 
91800 0.0216881 0.00733218 
91900 0.0217005 0.00734884 
92000 0.0215892 0.00735921 
92100 0.021522 0.00736795 
92200 0.0215522 0.00736915 
92300 0.0215038 0.00737561 
92400 0.0214958 0.00738872 
92500 0.0215032 0.00739351 
92600 0.0214744 0.00739366 
92700 0.021463 0.00735869 
92800 0.0214052 0.00737548 
92900 0.0213903 0.00737975 
93000 0.0213851 0.00737375 
93100 0.0213706 0.00740186 
93200 0.0213922 0.00742932 
93300 0.0213519 0.00744694 
93400 0.0212786 0.00745845 
93500 0.021241 0.00743919 
93600 0.0212268 0.00744469 
93700 0.0212018 0.00744653 
93800 0.0212271 0.00746487 
93900 0.0211719 0.00746258 
94000 0.0211414 0.00744304 
94100 0.021149 0.00743671 
94200 0.0211069 0.0074362 
94300 0.021133 0.00744406 
94400 0.0211501 0.00743776 
94500 0.0211086 0.00742284 
94600 0.021075 0.00743014 
94700 0.0211011 0.00744169 
94800 0.0211149 0.00744602 
94900 0.0210611 0.00743081 
95000 0.0210746 0.00744783 
95100 0.0210665 0.00743101 
95200 0.0210335 0.00741034 
95300 0.0210081 0.00739012 
95400 0.0209778 0.00735607 
95500 0.0209325 0.00733304 
95600 0.0209118 0.00731143 
95700 0.0208963 0.0073239 
95800 0.0208672 0.00732752 
95900 0.0208462 0.00732415 
96000 0.0208512 0.00734178 
96100 0.0208018 0.00734498 
96200 0.0207318 0.00735852 
96300 0.0207453 0.00736953 
96400 0.0207627 0.0073433 
96500 0.0207713 0.00734027 
96600 0.0207573 0.00733892 
96700 0.0206914 0.00733407 
96800 0.020655 0.00734699 
96900 0.0206295 0.0073124 
97000 0.0205983 0.00729646 
97100 0.0205998 0.00724571 
97200 0.0205669 0.00725967 
97300 0.0205313 0.00724555 
97400 0.0205187 0.00723713 
97500 0.0204733 0.00723061 
97600 0.0204685 0.00720683 
97700 0.0204863 0.00720752 
97800 0.0204582 0.00721888 
97900 0.0204569 0.00719681 
98000 0.0204787 0.00716609 
98100 0.0204523 0.00713955 
98200 0.0204508 0.00713412 
98300 0.0204511 0.007142 
98400 0.0204458 0.00714183 
98500 0.0204437 0.00714354 
98600 0.0204178 0.00714747 
98700 0.0203963 0.00717588 
98800 0.0203166 0.00722709 
98900 0.020337 0.00726984 
99000 0.0203018 0.00728766 
99100 0.0202802 0.00731495 
99200 0.0202808 0.0073047 
99300 0.0202394 0.00733417 
99400 0.0202328 0.00736957 
99500 0.0202278 0.0074059 
99600 0.0202298 0.00742822 
99700 0.0202524 0.00745072 
99800 0.0202393 0.0074577 
99900 0.020228 0.00744917 
100000 0.0202623 0.00741274 
110000 0.0187541 0.00694606 
120000 0.0178041 0.006237 
130000 0.0163344 0.00622035 
140000 0.0155182 0.00572959 
