80
79 : 2 0 1 24
35 : 2 1 1 11
26 : 2 1 0 12
2 : 2 1 0 3
29 : 2 2 0 8
22 : 2 1 0 10
15 : 2 2 0 25
19 : 2 2 0 14
11 : 2 2 0 13
33 : 2 1 1 7
17 : 2 2 0 2
48 : 2 0 2 1
16 : 2 1 0 17
64 : 2 0 1 0
75 : 2 0 1 10
25 : 2 2 0 4
7 : 2 2 0 11
37 : 2 1 1 13
72 : 2 0 1 17
24 : 2 1 0 18
58 : 2 0 2 22
73 : 2 0 1 6
4 : 2 1 0 15
27 : 2 2 0 28
31 : 2 2 0 16
45 : 2 1 1 28
62 : 2 0 2 8
0 : 2 1 0 0
32 : 2 1 1 1
1 : 2 2 0 1
18 : 2 1 0 6
20 : 2 1 0 30
9 : 2 2 0 19
12 : 2 1 0 29
50 : 2 0 2 31
28 : 2 1 0 20
6 : 2 1 0 23
78 : 2 0 1 20
13 : 2 2 0 21
5 : 2 2 0 31
10 : 2 1 0 5
30 : 2 1 0 24
36 : 2 1 1 19
39 : 2 1 1 25
49 : 2 0 2 7
40 : 2 1 1 2
46 : 2 1 1 8
41 : 2 1 1 14
42 : 2 1 1 22
57 : 2 0 2 14
43 : 2 1 1 26
44 : 2 1 1 4
34 : 2 1 1 31
74 : 2 0 1 30
23 : 2 2 0 26
51 : 2 0 2 11
63 : 2 0 2 16
52 : 2 0 2 19
53 : 2 0 2 13
68 : 2 0 1 27
47 : 2 1 1 16
54 : 2 0 2 21
55 : 2 0 2 25
69 : 2 0 1 5
56 : 2 0 2 2
59 : 2 0 2 26
60 : 2 0 2 4
21 : 2 2 0 22
66 : 2 0 1 15
3 : 2 2 0 7
65 : 2 0 1 3
14 : 2 1 0 9
67 : 2 0 1 23
70 : 2 0 1 29
61 : 2 0 2 28
8 : 2 1 0 27
38 : 2 1 1 21
71 : 2 0 1 9
76 : 2 0 1 18
77 : 2 0 1 12
