80
6 0.00000 0.40031 0.00000 0.59969 0.00000 0.00000 
6 1.00000 0.00000 0.00000 0.00000 0.00000 0.00000 
5 0.28694 0.55805 0.00300 0.14901 0.00300 
4 0.00000 0.00000 0.00000 1.00000 
3 0.02340 0.95319 0.02340 
2 0.00000 1.00000 
2 0.00505 0.99495 
3 0.00000 1.00000 0.00000 
2 0.00278 0.99722 
2 0.00000 1.00000 
4 0.03850 0.00375 0.00386 0.95389 
3 0.43770 0.56230 0.00000 
2 0.05600 0.94400 
2 0.00324 0.99676 
3 0.01541 0.96917 0.01541 
2 0.00000 1.00000 
2 0.00750 0.99250 
5 0.07210 0.73981 0.00000 0.18809 0.00000 
4 0.00000 0.00000 0.00000 1.00000 
3 0.00000 1.00000 0.00000 
2 0.02277 0.97723 
2 0.00000 1.00000 
3 0.00000 1.00000 0.00000 
2 0.00000 1.00000 
2 0.00000 1.00000 
4 0.36232 0.00000 0.00000 0.63768 
3 0.07736 0.09418 0.82847 
2 0.47482 0.52518 
2 0.11604 0.88396 
3 0.00000 1.00000 0.00000 
2 0.00000 1.00000 
2 0.00000 1.00000 
6 0.56415 0.30137 0.13448 0.00000 0.00000 0.00000 
4 0.43227 0.00000 0.00000 0.56773 
2 0.00000 1.00000 
3 0.00000 0.00000 1.00000 
2 0.00000 1.00000 
3 0.00000 0.00000 1.00000 
2 0.00000 1.00000 
2 0.00000 1.00000 
5 0.31035 0.68965 0.00000 0.00000 0.00000 
3 0.00000 0.00000 1.00000 
2 0.00000 1.00000 
2 0.00000 1.00000 
4 0.47778 0.00517 0.00000 0.51705 
2 0.00000 1.00000 
3 0.00000 0.00000 1.00000 
2 0.00000 1.00000 
6 1.00000 0.00000 0.00000 0.00000 0.00000 0.00000 
4 0.00000 1.00000 0.00000 0.00000 
2 0.00000 1.00000 
3 0.00000 0.00000 1.00000 
2 0.00000 1.00000 
3 0.01650 0.00000 0.98350 
2 0.00000 1.00000 
2 0.00000 1.00000 
5 0.32972 0.10262 0.28387 0.00000 0.28380 
3 0.00000 0.00000 1.00000 
2 0.00000 1.00000 
2 0.00000 1.00000 
4 0.00000 1.00000 0.00000 0.00000 
2 0.00000 1.00000 
3 0.00000 0.00000 1.00000 
2 0.00000 1.00000 
6 0.00000 0.39996 0.60004 0.00000 0.00000 0.00000 
5 0.33242 0.53311 0.08920 0.00000 0.04527 
3 0.01065 0.00000 0.98935 
2 0.00514 0.99486 
2 0.00193 0.99807 
4 0.08250 0.86844 0.00256 0.04651 
2 0.01450 0.98550 
3 0.04578 0.00000 0.95422 
2 0.00512 0.99488 
4 0.00005 0.99990 0.00000 0.00005 
2 0.00002 0.99998 
3 0.00000 0.00000 1.00000 
2 0.00000 1.00000 
3 0.00000 0.00000 1.00000 
2 0.00000 1.00000 
2 0.00624 0.99376 
