0 4.6e-09 0 
1 4.6e-09 0 
2 0.456944 0 
3 0.685417 0.196587 
4 0.566905 0.217252 
5 0.86131 0.191037 
6 0.741812 0.207178 
7 0.649085 0.202833 
8 0.622437 0.180296 
9 0.599863 0.178248 
10 0.606137 0.223882 
11 0.614775 0.215315 
12 0.552383 0.205892 
13 0.53206 0.192945 
14 0.56972 0.180082 
15 0.596756 0.168251 
16 0.58448 0.164967 
17 0.570432 0.160749 
18 0.678594 0.153076 
19 0.641913 0.147425 
20 0.637251 0.149084 
21 0.59858 0.143429 
22 0.588944 0.134113 
23 0.570497 0.130822 
24 0.567886 0.125682 
25 0.548946 0.121543 
26 0.536282 0.117041 
27 0.523951 0.114237 
28 0.511494 0.119735 
29 0.489315 0.115744 
30 0.490448 0.113164 
31 0.476304 0.109628 
32 0.461871 0.106306 
33 0.448286 0.103668 
34 0.448696 0.102523 
35 0.441617 0.0998839 
36 0.43697 0.0971172 
37 0.428361 0.0942901 
38 0.420977 0.0995879 
39 0.405311 0.096048 
40 0.405723 0.0936541 
41 0.402298 0.0900998 
42 0.393878 0.0873247 
43 0.384922 0.0873145 
44 0.375927 0.087021 
45 0.374173 0.0856116 
46 0.367555 0.082506 
47 0.366631 0.0807871 
48 0.358085 0.0791384 
49 0.350923 0.0775556 
50 0.344043 0.0760449 
51 0.340494 0.0745825 
52 0.334069 0.0742277 
53 0.327883 0.0728531 
54 0.321921 0.0748123 
55 0.314831 0.0779578 
56 0.31446 0.0766646 
57 0.304242 0.0770751 
58 0.299086 0.0757687 
59 0.301844 0.0745059 
60 0.29382 0.0754791 
61 0.289081 0.0742617 
62 0.284492 0.0759319 
63 0.280047 0.0747455 
64 0.27971 0.0735955 
65 0.275472 0.0724804 
66 0.271361 0.0713986 
67 0.26737 0.0706571 
68 0.263495 0.071418 
69 0.256833 0.0745606 
70 0.2562 0.0735104 
71 0.252642 0.0753638 
72 0.249181 0.0743315 
73 0.247973 0.0738458 
74 0.244667 0.0739851 
75 0.240581 0.0766242 
76 0.237457 0.0742086 
77 0.23471 0.074042 
78 0.231739 0.0764902 
79 0.228753 0.0770228 
80 0.225929 0.074787 
81 0.22078 0.0729341 
82 0.214043 0.0733909 
83 0.213011 0.0734535 
84 0.208013 0.0725893 
85 0.205595 0.0720783 
86 0.208135 0.0704614 
87 0.205769 0.0696607 
88 0.203457 0.0707843 
89 0.19896 0.0693567 
90 0.201676 0.0685945 
91 0.199484 0.0678489 
92 0.200421 0.069734 
93 0.198289 0.067855 
94 0.198353 0.0671407 
95 0.195866 0.0664413 
96 0.193847 0.0679355 
97 0.191869 0.0683626 
98 0.189931 0.0676721 
99 0.186288 0.0669954 
100 0.18502 0.0674229 
101 0.184736 0.0668265 
102 0.184101 0.0695804 
103 0.182131 0.0684511 
104 0.181496 0.0683109 
105 0.179761 0.0702573 
106 0.178058 0.0696007 
107 0.176842 0.068548 
108 0.174907 0.0674139 
109 0.172993 0.0671398 
110 0.172054 0.0655055 
111 0.172116 0.0647377 
112 0.170593 0.0662743 
113 0.169096 0.0653727 
114 0.16856 0.06779 
115 0.167535 0.0672056 
116 0.165467 0.0673404 
117 0.163661 0.0688616 
118 0.161639 0.0687462 
119 0.1602 0.0683325 
120 0.158876 0.067347 
121 0.157214 0.0682989 
122 0.157967 0.0660171 
123 0.156693 0.0649318 
124 0.155505 0.0663671 
125 0.162049 0.0658404 
126 0.163119 0.065322 
127 0.161651 0.0648116 
128 0.160179 0.0643092 
129 0.160357 0.0640931 
130 0.163532 0.0619527 
131 0.165851 0.0614834 
132 0.163111 0.0607109 
133 0.160044 0.0624124 
134 0.165548 0.0624306 
135 0.167211 0.0618215 
136 0.165543 0.0600116 
137 0.162578 0.0595025 
138 0.161542 0.060287 
139 0.157861 0.0598564 
140 0.155519 0.059721 
141 0.156966 0.0616967 
142 0.155634 0.0608089 
143 0.155701 0.0597002 
144 0.155099 0.05966 
145 0.153906 0.0629698 
146 0.153363 0.0625415 
147 0.152396 0.0614904 
148 0.153102 0.0635374 
149 0.152613 0.0638993 
150 0.151448 0.0635647 
151 0.152103 0.0627802 
152 0.151601 0.0643976 
153 0.152242 0.0637303 
154 0.153125 0.0657625 
155 0.153145 0.0642687 
156 0.151856 0.0660217 
157 0.151823 0.0638648 
158 0.151252 0.0647261 
159 0.150968 0.0661969 
160 0.14972 0.0672317 
161 0.148486 0.067983 
162 0.147455 0.067566 
163 0.146556 0.0680269 
164 0.146907 0.0687607 
165 0.146314 0.0686869 
166 0.145438 0.068831 
167 0.144572 0.0684213 
168 0.142468 0.0680164 
169 0.142075 0.0683216 
170 0.14117 0.0679221 
171 0.138568 0.0675272 
172 0.137767 0.0671736 
173 0.136964 0.0665581 
174 0.136891 0.0652337 
175 0.135678 0.0661465 
176 0.132702 0.0665811 
177 0.132589 0.0666918 
178 0.131848 0.0663193 
179 0.131147 0.0661518 
180 0.130162 0.0658715 
181 0.130365 0.0650594 
182 0.12909 0.0636101 
183 0.128545 0.0640933 
184 0.127141 0.0643347 
185 0.125716 0.0640181 
186 0.125043 0.0644509 
187 0.124378 0.0647246 
188 0.122308 0.0643822 
189 0.121232 0.0646166 
190 0.120597 0.0642783 
191 0.121463 0.0647623 
192 0.120834 0.0639577 
193 0.119776 0.0646875 
194 0.119162 0.0651667 
195 0.118877 0.0653596 
196 0.119185 0.0650845 
197 0.119013 0.0647558 
198 0.118415 0.0648878 
199 0.119058 0.0645634 
200 0.122304 0.0642502 
201 0.124629 0.0639321 
202 0.124015 0.0636172 
203 0.123596 0.0633054 
204 0.124803 0.0629965 
205 0.125181 0.0626907 
206 0.124576 0.0624445 
207 0.124303 0.0621443 
208 0.123709 0.061847 
209 0.12312 0.0615525 
210 0.122536 0.0612607 
211 0.121958 0.060699 
212 0.121385 0.0597327 
213 0.120818 0.0583206 
214 0.120256 0.0580494 
215 0.119522 0.0577806 
216 0.118972 0.0564051 
217 0.118426 0.0561463 
218 0.117782 0.0544043 
219 0.117247 0.054157 
220 0.116717 0.0525187 
221 0.116128 0.0520299 
222 0.115607 0.0517965 
223 0.115091 0.0515653 
224 0.11458 0.0507168 
225 0.114073 0.0504924 
226 0.11315 0.0500967 
227 0.112653 0.0498769 
228 0.112161 0.0496591 
229 0.111674 0.0508601 
230 0.11119 0.0521396 
231 0.110026 0.0519149 
232 0.109554 0.0528528 
233 0.109085 0.052627 
234 0.108621 0.0547743 
235 0.108161 0.0545422 
236 0.107705 0.054312 
237 0.107034 0.0540838 
238 0.106586 0.054774 
239 0.105328 0.0545458 
240 0.104891 0.0542622 
241 0.104458 0.053657 
242 0.103906 0.0534362 
243 0.10348 0.0552226 
244 0.103057 0.0549153 
245 0.102714 0.0555528 
246 0.102285 0.0552686 
247 0.101668 0.054885 
248 0.101377 0.0537947 
249 0.100506 0.0534698 
250 0.0993924 0.0539706 
251 0.0991336 0.0524665 
252 0.0978594 0.05381 
253 0.09756 0.0533536 
254 0.0973407 0.0547402 
255 0.0973382 0.0542223 
256 0.0959495 0.0539678 
257 0.0956984 0.0549021 
258 0.0954476 0.054573 
259 0.0952617 0.0541856 
260 0.0951242 0.0537447 
261 0.0948558 0.0533028 
262 0.0933358 0.0527468 
263 0.0933054 0.0522333 
264 0.0933277 0.0539822 
265 0.0934008 0.0534511 
266 0.0919101 0.0523431 
267 0.0917721 0.0516984 
268 0.0906078 0.0500888 
269 0.0901824 0.048083 
270 0.089752 0.0498237 
271 0.0896163 0.0495037 
272 0.090389 0.0514251 
273 0.0902441 0.0510605 
274 0.0897516 0.050524 
275 0.0906361 0.0497468 
276 0.0909509 0.0513303 
277 0.090513 0.0509929 
278 0.089997 0.0505528 
279 0.0904111 0.0496815 
280 0.0900851 0.0510197 
281 0.0901249 0.0520017 
282 0.0902701 0.0513454 
283 0.0910269 0.0507619 
284 0.0904739 0.0499638 
285 0.0901576 0.0513225 
286 0.0898434 0.0508278 
287 0.0891576 0.0499252 
288 0.0885187 0.0489649 
289 0.0879831 0.0490223 
290 0.0874446 0.0492944 
291 0.0869033 0.0492991 
292 0.0863594 0.0507221 
293 0.0870671 0.0502506 
294 0.0876712 0.0493499 
295 0.087144 0.048766 
296 0.0876046 0.0477176 
297 0.0870482 0.048994 
298 0.0873864 0.0498238 
299 0.0868725 0.0507717 
300 0.0870201 0.0497031 
301 0.087161 0.0506794 
302 0.0865847 0.0498743 
303 0.0869764 0.0492301 
304 0.0864897 0.0490722 
305 0.0857587 0.0483845 
306 0.085831 0.0474508 
307 0.085347 0.0483724 
308 0.0855384 0.0475627 
309 0.0849941 0.0483181 
310 0.0843145 0.0482103 
311 0.084354 0.0495421 
312 0.0843629 0.0502249 
313 0.0837795 0.0507143 
314 0.0837117 0.0505294 
315 0.0831111 0.0500022 
316 0.0828489 0.0498445 
317 0.0828355 0.04875 
318 0.0822464 0.0499159 
319 0.0815717 0.0497599 
320 0.0808573 0.0501232 
321 0.0808411 0.0503769 
322 0.0807378 0.0502209 
323 0.0803052 0.0503349 
324 0.0795938 0.0501801 
325 0.0792874 0.0498678 
326 0.0790449 0.0497993 
327 0.0788039 0.0493096 
328 0.0785644 0.0491597 
329 0.0783644 0.0489567 
330 0.0776976 0.0489774 
331 0.0771237 0.0497792 
332 0.0767307 0.0488836 
333 0.0766391 0.0482831 
334 0.0759145 0.0479592 
335 0.0759126 0.0481326 
336 0.0758218 0.0496659 
337 0.0754403 0.050909 
338 0.075141 0.0500896 
339 0.0746253 0.0511614 
340 0.0737836 0.0504418 
341 0.0742055 0.0496569 
342 0.0738439 0.0493377 
343 0.0740425 0.0484937 
344 0.0733947 0.0483531 
345 0.0733752 0.0494516 
346 0.0729282 0.0496083 
347 0.0728396 0.0496432 
348 0.0733316 0.0494553 
349 0.0731061 0.0487427 
350 0.0740451 0.0487719 
351 0.0747294 0.0480163 
352 0.0740989 0.0479329 
353 0.0731522 0.0477975 
354 0.0734208 0.0476629 
355 0.0738764 0.0468697 
356 0.0724828 0.0467384 
357 0.0732768 0.0459437 
358 0.0726313 0.0458157 
359 0.0733615 0.0459364 
360 0.0733452 0.0458092 
361 0.0737197 0.0456826 
362 0.0740159 0.0458508 
363 0.0746782 0.0457248 
364 0.0745949 0.0455996 
365 0.0743525 0.0459967 
366 0.0751059 0.0458714 
367 0.0753643 0.0452594 
368 0.075939 0.0451367 
369 0.0757851 0.0450147 
370 0.0763201 0.0448934 
371 0.0761521 0.0447147 
372 0.0758269 0.0447212 
373 0.0752175 0.0448804 
374 0.0747372 0.0460529 
375 0.0756127 0.0460047 
376 0.0748106 0.0459454 
377 0.0754928 0.0458711 
378 0.0756591 0.0456281 
379 0.076124 0.0456221 
380 0.0767176 0.0452284 
381 0.0770272 0.0448133 
382 0.0768261 0.0448333 
383 0.0769461 0.0448235 
384 0.0769008 0.0458958 
385 0.0767016 0.0459037 
386 0.0768414 0.0457851 
387 0.0762081 0.0456671 
388 0.0760952 0.0456147 
389 0.0751862 0.0452853 
390 0.0749939 0.0449515 
391 0.0751581 0.0445875 
392 0.0759454 0.04459 
393 0.0758127 0.0444768 
394 0.0756208 0.044176 
395 0.0762034 0.0438725 
396 0.076329 0.0438557 
397 0.0766493 0.0438296 
398 0.0764973 0.0448351 
399 0.0766479 0.0445615 
400 0.0763251 0.0440697 
401 0.0761204 0.0440728 
402 0.0761515 0.0449551 
403 0.0756922 0.0448438 
404 0.0749968 0.0447331 
405 0.07436 0.044594 
406 0.0748311 0.0453308 
407 0.0751489 0.0459109 
408 0.0752979 0.0458806 
409 0.0758834 0.0457687 
410 0.0758347 0.0456574 
411 0.076202 0.0462559 
412 0.0760175 0.0460926 
413 0.0758909 0.0460649 
414 0.075854 0.0459539 
415 0.075722 0.0452959 
416 0.0756627 0.0453262 
417 0.0754817 0.0453503 
418 0.0751936 0.0451785 
419 0.0750145 0.0449985 
420 0.0748363 0.0448104 
421 0.0745163 0.0446043 
422 0.0743401 0.0443887 
423 0.0741648 0.0450592 
424 0.0739903 0.0442898 
425 0.0738166 0.0440896 
426 0.0734459 0.0439863 
427 0.073497 0.0438836 
428 0.0735382 0.0436673 
429 0.0731518 0.0434319 
430 0.0726579 0.0435572 
431 0.0719791 0.0439936 
432 0.0723849 0.043892 
433 0.0717002 0.0441553 
434 0.0720496 0.0441919 
435 0.0718844 0.0440905 
436 0.0717199 0.0442232 
437 0.0718434 0.0443656 
438 0.0713679 0.0444793 
439 0.0712057 0.0443782 
440 0.0713197 0.0442776 
441 0.0711583 0.0441774 
442 0.0709977 0.0434746 
443 0.070482 0.0433767 
444 0.0703236 0.043275 
445 0.0701659 0.0431779 
446 0.0702665 0.0428361 
447 0.0701097 0.0427405 
448 0.0700215 0.0422177 
449 0.0698659 0.0415855 
450 0.069711 0.0414933 
451 0.0695568 0.0418725 
452 0.0689567 0.0412974 
453 0.0688048 0.0405809 
454 0.0686536 0.0404917 
455 0.068503 0.0398867 
456 0.0683532 0.0397995 
457 0.0682039 0.0402779 
458 0.0675147 0.0401902 
459 0.0673679 0.0394444 
460 0.0672218 0.0388053 
461 0.0670763 0.0387213 
462 0.0664133 0.0386377 
463 0.0664932 0.0394975 
464 0.0670457 0.0394126 
465 0.0669018 0.038941 
466 0.0667586 0.0391698 
467 0.0666159 0.0390861 
468 0.0664739 0.0390028 
469 0.0669088 0.0396874 
470 0.0667667 0.0390188 
471 0.0666253 0.0395531 
472 0.0664844 0.0394695 
473 0.0663441 0.0393862 
474 0.0662045 0.0389092 
475 0.0660654 0.0388274 
476 0.0659269 0.0390051 
477 0.065789 0.0401575 
478 0.0663013 0.0396283 
479 0.0661632 0.0395457 
480 0.0660257 0.0394635 
481 0.0658887 0.0393817 
482 0.0663197 0.0393001 
483 0.0661827 0.0387029 
484 0.0660463 0.0390303 
485 0.0659104 0.03895 
486 0.0656936 0.03887 
487 0.0661903 0.0390191 
488 0.066055 0.0386725 
489 0.065827 0.0385936 
490 0.0654457 0.0383807 
491 0.0653127 0.0390993 
492 0.0658823 0.0397901 
493 0.0657489 0.0397095 
494 0.0656161 0.0396293 
495 0.066003 0.0387784 
496 0.0662251 0.0385879 
497 0.0660921 0.0393795 
498 0.0662754 0.0401279 
499 0.0661428 0.0400477 
500 0.0660108 0.0406934 
501 0.0658793 0.0406123 
502 0.0657483 0.0405316 
503 0.0655014 0.0403981 
504 0.0651203 0.0403181 
505 0.0654962 0.0402384 
506 0.0651142 0.0395523 
507 0.0654641 0.0387526 
508 0.0650816 0.0386765 
509 0.064601 0.0386007 
510 0.0644745 0.0385251 
511 0.0648731 0.0376169 
512 0.0647467 0.0375171 
513 0.0646207 0.0374442 
514 0.0641457 0.0382969 
515 0.0644888 0.0381075 
516 0.064364 0.0380338 
517 0.0646051 0.0373377 
518 0.0647467 0.0372657 
519 0.0647683 0.0382468 
520 0.0646439 0.0381734 
521 0.0645201 0.0381003 
522 0.0643249 0.0380275 
523 0.064058 0.0378294 
524 0.0635864 0.0377574 
525 0.0637341 0.0374278 
526 0.0637684 0.0373568 
527 0.0631232 0.037286 
528 0.0630039 0.0382681 
529 0.062885 0.0381959 
530 0.063444 0.038124 
531 0.0627993 0.0377412 
532 0.0626915 0.0376704 
533 0.0625741 0.0375999 
534 0.0618169 0.0375296 
535 0.0617016 0.0384546 
536 0.0615867 0.0380245 
537 0.0614722 0.0379539 
538 0.0621274 0.0380987 
539 0.0620124 0.0380467 
540 0.0618978 0.0379764 
541 0.0617836 0.0374228 
542 0.0616698 0.0369422 
543 0.0615564 0.0368534 
544 0.0614435 0.0378182 
545 0.0619908 0.0386855 
546 0.0618774 0.0381843 
547 0.0623084 0.038999 
548 0.0618139 0.0386978 
549 0.0617016 0.0394008 
550 0.0615896 0.0397116 
551 0.061478 0.0394064 
552 0.061911 0.0395768 
553 0.0617992 0.0391614 
554 0.0616879 0.0390245 
555 0.0615769 0.0386996 
556 0.0618723 0.0394042 
557 0.0617614 0.0393336 
558 0.061651 0.0388685 
559 0.0615409 0.0382894 
560 0.0614312 0.0376126 
561 0.0613219 0.0381946 
562 0.0612129 0.0378141 
563 0.0611044 0.0384421 
564 0.0609963 0.0389516 
565 0.0608885 0.0394887 
566 0.0607811 0.0390692 
567 0.0604711 0.0394918 
568 0.0599736 0.0394223 
569 0.0593562 0.0398617 
570 0.0592522 0.0397169 
571 0.0585449 0.0394407 
572 0.0584427 0.039056 
573 0.0583409 0.0387343 
574 0.0589542 0.039068 
575 0.0588518 0.0386506 
576 0.0593788 0.0383029 
577 0.059276 0.037801 
578 0.0591736 0.0377358 
579 0.0589878 0.0371549 
580 0.0588862 0.037091 
581 0.0585919 0.0374299 
582 0.0587838 0.0367738 
583 0.0581805 0.0376034 
584 0.058285 0.0383418 
585 0.057597 0.0379913 
586 0.0574072 0.0379265 
587 0.0571141 0.0374576 
588 0.056357 0.037394 
589 0.0562622 0.0367443 
590 0.0558911 0.0361792 
591 0.0557967 0.0354502 
592 0.0557026 0.036162 
593 0.0559692 0.0361011 
594 0.0561634 0.036778 
595 0.0562743 0.0367163 
596 0.0562847 0.037284 
597 0.0561906 0.0372216 
598 0.0559941 0.0366059 
599 0.0560041 0.0359211 
600 0.0558556 0.0365506 
601 0.0557628 0.0364899 
602 0.0558279 0.0364294 
603 0.0559419 0.03699 
604 0.0557388 0.0363511 
605 0.0555417 0.0368419 
606 0.0554502 0.0367812 
607 0.0555659 0.0362445 
608 0.0554746 0.0368372 
609 0.0555937 0.0362018 
610 0.0562328 0.0361425 
611 0.0561409 0.0367339 
612 0.0561619 0.0372203 
613 0.0560704 0.0371597 
614 0.056637 0.0365268 
615 0.0565451 0.0358201 
616 0.0565695 0.0362337 
617 0.0564795 0.0365682 
618 0.0563883 0.0357937 
619 0.0562973 0.0360407 
620 0.0567078 0.0361862 
621 0.0566166 0.0362099 
622 0.0560999 0.0361518 
623 0.0566703 0.0363561 
624 0.057156 0.0370546 
625 0.0576556 0.0376835 
626 0.0575636 0.0382415 
627 0.0575851 0.0387252 
628 0.0578013 0.0381977 
629 0.0577078 0.0381371 
630 0.0581087 0.0386208 
631 0.0584151 0.0385597 
632 0.0582122 0.0384987 
633 0.0579276 0.038438 
634 0.0575725 0.0383775 
635 0.0572229 0.0378535 
636 0.0571331 0.037253 
637 0.0570435 0.0371946 
638 0.0565748 0.037223 
639 0.0564864 0.0377744 
640 0.0567286 0.037176 
641 0.0571278 0.0371181 
642 0.057039 0.0376683 
643 0.0572192 0.0376098 
644 0.0571305 0.0380895 
645 0.0572417 0.0379376 
646 0.0572718 0.0380918 
647 0.0571667 0.038033 
648 0.0570786 0.0384365 
649 0.057112 0.0384796 
650 0.0570471 0.0384204 
651 0.0569596 0.0383615 
652 0.0564982 0.0386829 
653 0.0568914 0.0389139 
654 0.0571996 0.0390394 
655 0.0571124 0.0389799 
656 0.0570255 0.0389205 
657 0.0569388 0.0389704 
658 0.0568524 0.0389112 
659 0.0567794 0.0388523 
660 0.0569805 0.0389105 
661 0.0567594 0.0388517 
662 0.0563921 0.0388486 
663 0.0559281 0.0387901 
664 0.055844 0.0387318 
665 0.0557601 0.0386736 
666 0.0556851 0.0386157 
667 0.0556018 0.0385578 
668 0.0554546 0.0385002 
669 0.0553755 0.0384428 
670 0.0552929 0.0383855 
671 0.0556826 0.0383283 
672 0.0555998 0.0382714 
673 0.0551422 0.0382146 
674 0.0550605 0.038158 
675 0.0545326 0.0381015 
676 0.054452 0.0380453 
677 0.0543717 0.0379891 
678 0.0542916 0.0379332 
679 0.0547419 0.0378774 
680 0.0546615 0.0377175 
681 0.0550469 0.0374377 
682 0.0549663 0.0373829 
683 0.0547089 0.0373282 
684 0.0550198 0.0372737 
685 0.0552411 0.0372194 
686 0.0551607 0.0371652 
687 0.0550805 0.0371112 
688 0.0551839 0.0370573 
689 0.0550677 0.0370036 
690 0.0548018 0.0369501 
691 0.0547226 0.0368967 
692 0.0543945 0.0370717 
693 0.0539869 0.0367661 
694 0.0535481 0.0369271 
695 0.0534712 0.0370552 
696 0.0533945 0.0370021 
697 0.0530239 0.036949 
698 0.0525014 0.0368962 
699 0.052818 0.036978 
700 0.0522196 0.037018 
701 0.0521452 0.0369653 
702 0.0517761 0.0369727 
703 0.0517025 0.0369201 
704 0.0514584 0.0368908 
705 0.0510404 0.0368385 
706 0.0505614 0.0367864 
707 0.0511811 0.0367344 
708 0.051497 0.0366826 
709 0.0513824 0.036631 
710 0.0515188 0.0365794 
711 0.0520649 0.0365281 
712 0.0516982 0.0364768 
713 0.0516258 0.0364257 
714 0.0511864 0.0363748 
715 0.0515637 0.036324 
716 0.0514918 0.0362733 
717 0.0513442 0.0362228 
718 0.0515409 0.0361724 
719 0.0516371 0.0361222 
720 0.0519491 0.0360721 
721 0.0518251 0.0360221 
722 0.0519344 0.0359723 
723 0.0524015 0.0359226 
724 0.052794 0.0358731 
725 0.0527213 0.0358237 
726 0.0529559 0.0357744 
727 0.0532665 0.0357252 
728 0.0534861 0.0356762 
729 0.0534545 0.0356274 
730 0.0535667 0.0355786 
731 0.0535343 0.03553 
732 0.0532592 0.0354816 
733 0.0532374 0.0354332 
734 0.0532046 0.035385 
735 0.0534393 0.0353369 
736 0.0532907 0.035289 
737 0.0532185 0.0352412 
738 0.0531836 0.0351935 
739 0.0531117 0.0351459 
740 0.0532278 0.0350985 
741 0.0531244 0.0350512 
742 0.0531701 0.035004 
743 0.0531892 0.034957 
744 0.0530828 0.03491 
745 0.0531304 0.0348632 
746 0.0530993 0.0348166 
747 0.0530283 0.03477 
748 0.0529575 0.0347236 
749 0.0526839 0.0346773 
750 0.0525729 0.0346311 
751 0.052503 0.0346144 
752 0.0524332 0.0345424 
753 0.0520691 0.0345243 
754 0.0516289 0.0344506 
755 0.0515606 0.0343455 
756 0.0517276 0.0343001 
757 0.051585 0.0342224 
758 0.0512724 0.0342189 
759 0.0515737 0.0341989 
760 0.051254 0.0340735 
761 0.0515741 0.0340288 
762 0.0511479 0.0339234 
763 0.0510809 0.0339202 
764 0.0513355 0.0338087 
765 0.0512685 0.0336913 
766 0.0516665 0.0336473 
767 0.0512403 0.0336035 
768 0.0508307 0.0335906 
769 0.0507646 0.0335469 
770 0.0506988 0.0335283 
771 0.0501534 0.0334849 
772 0.0505567 0.0333942 
773 0.050155 0.0331656 
774 0.0500903 0.0329631 
775 0.0504807 0.0328858 
776 0.0500847 0.0325743 
777 0.0500203 0.0322918 
778 0.0503964 0.0322551 
779 0.0506732 0.0322137 
780 0.0500493 0.0321725 
781 0.0499853 0.0321313 
782 0.0501577 0.0320903 
783 0.0494688 0.0320494 
784 0.0494452 0.0317018 
785 0.0494777 0.0316615 
786 0.0487308 0.0316212 
787 0.0486068 0.0315811 
788 0.0486976 0.0315411 
789 0.0485925 0.0311368 
790 0.0489514 0.0310974 
791 0.0488896 0.0306412 
792 0.0489315 0.0306026 
793 0.0487944 0.0300989 
794 0.0484767 0.0300611 
795 0.0480382 0.0295131 
796 0.0479779 0.0294761 
797 0.048165 0.0291074 
798 0.0481047 0.0286787 
799 0.0478234 0.0286429 
800 0.0477637 0.0280562 
801 0.0477041 0.0280212 
802 0.0472445 0.0279863 
803 0.0467311 0.0279515 
804 0.046961 0.0279168 
805 0.0468556 0.0278821 
806 0.0472052 0.0278476 
807 0.0475361 0.0278131 
808 0.0477475 0.0277787 
809 0.0480587 0.027303 
810 0.0479994 0.0272693 
811 0.0473243 0.0272357 
812 0.0475184 0.0272022 
813 0.0469534 0.0271688 
814 0.0472642 0.0268878 
815 0.0475206 0.0274564 
816 0.0476353 0.0274228 
817 0.0473672 0.0279481 
818 0.0469474 0.0279139 
819 0.0471654 0.0278799 
820 0.046731 0.0273605 
821 0.0466742 0.0273272 
822 0.0466174 0.027294 
823 0.0462739 0.0272609 
824 0.0462178 0.0272278 
825 0.0464185 0.0271949 
826 0.0462487 0.027162 
827 0.0462903 0.0266008 
828 0.0462344 0.0263876 
829 0.0463356 0.0263558 
830 0.0462798 0.0269114 
831 0.0467301 0.0268791 
832 0.0464133 0.0273546 
833 0.0468423 0.0273218 
834 0.0467862 0.0278293 
835 0.046482 0.027796 
836 0.0466567 0.0282264 
837 0.0463378 0.0281927 
838 0.0462825 0.0281591 
839 0.0463994 0.0281256 
840 0.0463443 0.0280921 
841 0.046776 0.0280588 
842 0.0466591 0.0280255 
843 0.0465206 0.0279923 
844 0.0469042 0.0279592 
845 0.0466267 0.0283416 
846 0.0469892 0.0283082 
847 0.0467242 0.0282748 
848 0.0466692 0.0282415 
849 0.0463889 0.0282082 
850 0.0460936 0.0281751 
851 0.0457021 0.028142 
852 0.0463013 0.028109 
853 0.046145 0.0280761 
854 0.0457574 0.0280433 
855 0.0452621 0.0280105 
856 0.0459467 0.0279778 
857 0.0454584 0.0279452 
858 0.0454055 0.0279127 
859 0.0453527 0.0278802 
860 0.0460185 0.0278479 
861 0.0465689 0.0282953 
862 0.046515 0.0282625 
863 0.0469352 0.0286635 
864 0.0466938 0.0286304 
865 0.0463272 0.0285973 
866 0.0458618 0.0284958 
867 0.0456902 0.0283295 
868 0.0463037 0.0282969 
869 0.0461148 0.0282643 
870 0.046615 0.0282319 
871 0.0464096 0.0285824 
872 0.0460587 0.0285497 
873 0.046006 0.0290002 
874 0.0455599 0.0288117 
875 0.0450327 0.0287788 
876 0.0449814 0.028746 
877 0.0449301 0.0287133 
878 0.0455887 0.0286806 
879 0.0453704 0.028648 
880 0.0456383 0.0286155 
881 0.0454322 0.028583 
882 0.0453807 0.0285507 
883 0.0448673 0.0288466 
884 0.0451143 0.028814 
885 0.0457503 0.0292327 
886 0.0462838 0.0291997 
887 0.0458705 0.0291668 
888 0.0458189 0.029134 
889 0.0463323 0.0291013 
890 0.0462803 0.0288949 
891 0.0466792 0.0291341 
892 0.0463805 0.028875 
893 0.0467581 0.0292922 
894 0.0467059 0.0292594 
895 0.0466537 0.0292268 
896 0.0466017 0.0294042 
897 0.0465498 0.0291263 
898 0.0467939 0.029234 
899 0.0467419 0.0292015 
900 0.04669 0.0295836 
901 0.0465288 0.0295508 
902 0.046748 0.0292543 
903 0.0469409 0.0292219 
904 0.0470844 0.0291896 
905 0.046937 0.0295332 
906 0.0471289 0.0295568 
907 0.0471615 0.0298239 
908 0.0470288 0.0297911 
909 0.0469771 0.0297583 
910 0.0469255 0.0294881 
911 0.0468741 0.0294558 
912 0.0467245 0.0294235 
913 0.0466734 0.0293913 
914 0.0466224 0.0293592 
915 0.0465715 0.0290405 
916 0.0465207 0.0290088 
917 0.04647 0.0293084 
918 0.0464195 0.0295638 
919 0.046369 0.0295316 
920 0.0463187 0.0294996 
921 0.0462684 0.0294676 
922 0.0462183 0.0294356 
923 0.0460548 0.0294038 
924 0.0458759 0.029372 
925 0.0456824 0.0293403 
926 0.0456332 0.0293086 
927 0.045584 0.029277 
928 0.0455349 0.0292455 
929 0.045486 0.0294507 
930 0.0454371 0.0294191 
931 0.0453883 0.0293875 
932 0.0452584 0.029356 
933 0.0454861 0.0295075 
934 0.0456688 0.0295984 
935 0.0458046 0.0295668 
936 0.0455979 0.0295352 
937 0.0455493 0.0295037 
938 0.0452804 0.0294216 
939 0.044958 0.0292642 
940 0.0449103 0.0292331 
941 0.0447866 0.0292021 
942 0.0447391 0.0291711 
943 0.0446918 0.0291402 
944 0.0443117 0.0291094 
945 0.0438594 0.0290786 
946 0.0439153 0.0290479 
947 0.0437767 0.0290173 
948 0.0436225 0.0289867 
949 0.0436205 0.0289562 
950 0.0435747 0.0289257 
951 0.0435289 0.0288954 
952 0.0430812 0.028865 
953 0.0430361 0.0286496 
954 0.0432059 0.0286196 
955 0.0431607 0.0285897 
956 0.0431156 0.0285598 
957 0.0430706 0.02853 
958 0.0430256 0.0285002 
959 0.0429808 0.0284705 
960 0.0429361 0.0284409 
961 0.0428915 0.0286467 
962 0.0428469 0.0284311 
963 0.0428025 0.0284016 
964 0.0427581 0.0283722 
965 0.0422805 0.0285791 
966 0.0422368 0.0285495 
967 0.0417253 0.0283327 
968 0.0416822 0.0283035 
969 0.0417421 0.0280372 
970 0.0421941 0.0280083 
971 0.0421507 0.0279795 
972 0.0421073 0.0282315 
973 0.0419697 0.0282025 
974 0.0418174 0.0281736 
975 0.0417745 0.0281447 
976 0.0419485 0.0281159 
977 0.0419056 0.0280871 
978 0.0420353 0.0280584 
979 0.0419925 0.0280298 
980 0.0418786 0.0280012 
981 0.0422915 0.0279727 
982 0.0422485 0.0279443 
983 0.0422056 0.0279159 
984 0.0423152 0.0278875 
985 0.0423757 0.0278593 
986 0.0423327 0.027831 
987 0.0427086 0.0278029 
988 0.0426383 0.0277747 
989 0.0425952 0.0279807 
990 0.0425522 0.0279524 
991 0.0425093 0.0281113 
992 0.0425478 0.028083 
993 0.0424921 0.0281889 
994 0.0424494 0.0282333 
995 0.0424067 0.0282049 
996 0.0423642 0.0281766 
997 0.0423218 0.0281484 
998 0.0426587 0.0281202 
999 0.042616 0.0280921 
1000 0.0429156 0.028064 
1100 0.0398723 0.0220472 
1200 0.0392073 0.0259402 
1300 0.0370369 0.0233278 
1400 0.0361536 0.0207099 
1500 0.0311947 0.0220282 
1600 0.0321441 0.0176871 
1700 0.0310922 0.0181813 
1800 0.0299271 0.0203399 
1900 0.0295843 0.0192482 
2000 0.02869 0.0164573 
2100 0.0277682 0.0168554 
2200 0.0263311 0.0162716 
2300 0.0253893 0.0148713 
2400 0.0241762 0.0136405 
2500 0.024189 0.0130344 
2600 0.0232526 0.0134518 
2700 0.0225115 0.0125177 
2800 0.0218233 0.015061 
2900 0.0210753 0.0136593 
3000 0.0203895 0.0163915 
3100 0.019732 0.0167958 
3200 0.0191155 0.0162711 
3300 0.0186445 0.0157782 
3400 0.0171451 0.0153143 
3500 0.0178257 0.0148768 
3600 0.0174825 0.0144142 
3700 0.0164021 0.0127599 
3800 0.0158658 0.0130131 
3900 0.0154849 0.0109223 
4000 0.0164157 0.0112242 
4100 0.0160738 0.0115454 
4200 0.0147457 0.0113028 
4300 0.0156973 0.0112523 
4400 0.0153906 0.011023 
4500 0.0150037 0.0107555 
4600 0.014627 0.00919074 
4700 0.0145503 0.00936583 
4800 0.0143034 0.0114616 
4900 0.0140255 0.012175 
5000 0.0137259 0.0121891 
5100 0.0134579 0.0119501 
5200 0.0127392 0.0117204 
5300 0.013143 0.0114993 
5400 0.0128996 0.0110723 
5500 0.0126651 0.0102875 
5600 0.012439 0.00919564 
5700 0.0122208 0.00928244 
5800 0.0120102 0.00841561 
5900 0.0118066 0.0082551 
6000 0.0116099 0.00831869 
6100 0.0113106 0.00884026 
6200 0.0112708 0.00861919 
6300 0.0111551 0.0089591 
6400 0.0109808 0.00795194 
6500 0.0108066 0.00764293 
6600 0.0106264 0.00841968 
6700 0.0106706 0.00895117 
6800 0.010449 0.00949476 
6900 0.0106141 0.0103529 
7000 0.0109028 0.0102631 
7100 0.0104918 0.0101186 
7200 0.0102475 0.00951554 
7300 0.0101501 0.00867756 
7400 0.0103933 0.00816435 
7500 0.0101885 0.00842223 
7600 0.00908317 0.00835116 
7700 0.00936023 0.00808345 
7800 0.00941646 0.00729398 
7900 0.00989454 0.0071609 
8000 0.00982326 0.00736901 
8100 0.00907639 0.00743568 
8200 0.00979561 0.00717072 
8300 0.00972975 0.00705496 
8400 0.00954958 0.00708506 
8500 0.00957532 0.00762541 
8600 0.00937801 0.00753526 
8700 0.00941599 0.00771712 
8800 0.009309 0.00804757 
8900 0.00917187 0.00880073 
9000 0.00849228 0.00882885 
9100 0.00888717 0.00849153 
9200 0.00890907 0.00791294 
9300 0.00942354 0.00719824 
9400 0.00934756 0.007383 
9500 0.00903234 0.00734933 
9600 0.00921374 0.00690753 
9700 0.00884476 0.00621507 
9800 0.00849373 0.00643785 
9900 0.00850199 0.00670306 
10000 0.00893594 0.00608016 
10100 0.00873502 0.00641717 
10200 0.00890214 0.00659584 
10300 0.00873576 0.0066122 
10400 0.00833541 0.00679414 
10500 0.00803405 0.00681433 
10600 0.00817741 0.00677209 
10700 0.00810158 0.00720114 
10800 0.00781164 0.00763682 
10900 0.00710175 0.00781568 
11000 0.00732515 0.00741456 
11100 0.00742455 0.00692565 
11200 0.00771236 0.00639649 
11300 0.00756094 0.00626789 
11400 0.0074903 0.00610983 
11500 0.00762474 0.00560904 
11600 0.00758521 0.00614654 
11700 0.00760367 0.00626109 
11800 0.00730477 0.00636259 
11900 0.00760936 0.0061128 
12000 0.00764539 0.0057505 
12100 0.00779228 0.00543905 
12200 0.00772842 0.00547853 
12300 0.00766559 0.00569771 
12400 0.00760378 0.00624147 
12500 0.00754295 0.00684072 
12600 0.00737231 0.00720499 
12700 0.00679514 0.00713576 
12800 0.00734101 0.00702438 
12900 0.00729985 0.00666584 
13000 0.00716968 0.00596493 
13100 0.0071352 0.00567722 
13200 0.00670342 0.00550922 
13300 0.00660393 0.00518935 
13400 0.00641398 0.00525336 
13500 0.00643777 0.00548908 
13600 0.00632076 0.00545659 
13700 0.00658255 0.00532856 
13800 0.00674037 0.00532371 
13900 0.00707874 0.00513721 
14000 0.00708177 0.00541503 
14100 0.00699535 0.00563442 
14200 0.00704312 0.00576517 
14300 0.00700066 0.00557079 
14400 0.00684689 0.00550354 
14500 0.00697815 0.00556335 
14600 0.00689487 0.00624371 
14700 0.00661539 0.00634008 
14800 0.00608851 0.00640722 
14900 0.00659473 0.0059823 
15000 0.00666117 0.00564633 
15100 0.00672067 0.00520921 
15200 0.00666077 0.00536974 
15300 0.00637011 0.00548034 
15400 0.00638001 0.00544659 
15500 0.00668064 0.00534169 
15600 0.00660805 0.00504766 
15700 0.00679357 0.00458263 
15800 0.0064235 0.00431303 
15900 0.00705472 0.0043013 
16000 0.0073867 0.00421254 
16100 0.00721629 0.00463704 
16200 0.00745007 0.0049723 
16300 0.00741526 0.00514638 
16400 0.00742331 0.00503684 
16500 0.00746201 0.00547452 
16600 0.00741515 0.00563672 
16700 0.00719821 0.00605434 
16800 0.00659211 0.00602531 
16900 0.00645484 0.00597178 
17000 0.00674091 0.00578187 
17100 0.00674814 0.00541287 
17200 0.00671963 0.00494675 
17300 0.00664029 0.00480634 
17400 0.00654268 0.00450035 
17500 0.00648932 0.00441019 
17600 0.00638263 0.004758 
17700 0.00636813 0.00484159 
17800 0.00626635 0.00495652 
17900 0.00691774 0.00496962 
18000 0.00707545 0.00492585 
18100 0.00703636 0.004317 
18200 0.0069977 0.0042405 
18300 0.00695946 0.00435783 
18400 0.00692164 0.00495909 
18500 0.00688423 0.00531175 
18600 0.00684722 0.00582661 
18700 0.00653732 0.00580374 
18800 0.00587929 0.00576159 
18900 0.00609852 0.00563536 
19000 0.00627196 0.00541637 
19100 0.00637305 0.00494364 
19200 0.0061368 0.00449894 
19300 0.00596815 0.00438084 
19400 0.00601291 0.00445039 
19500 0.00592261 0.00444449 
19600 0.00571162 0.00449756 
19700 0.00615951 0.00437676 
19800 0.00648198 0.00433111 
19900 0.00658127 0.00430395 
20000 0.00654837 0.0040647 
20100 0.00651579 0.00411891 
20200 0.00648353 0.00455886 
20300 0.0064516 0.00519412 
20400 0.00641997 0.00561856 
20500 0.00617253 0.00564678 
20600 0.00575926 0.00562717 
20700 0.0058596 0.00559999 
20800 0.00611958 0.00557172 
20900 0.00613213 0.00541161 
21000 0.00595315 0.00504817 
21100 0.00614178 0.00454074 
21200 0.00621811 0.00392413 
21300 0.00619445 0.00353335 
21400 0.00617687 0.00386638 
21500 0.00593076 0.00405079 
21600 0.00570581 0.00397264 
21700 0.00556021 0.00413819 
21800 0.00599647 0.00424829 
21900 0.00613619 0.00423864 
22000 0.00614041 0.00412877 
22100 0.00611263 0.00398674 
22200 0.00608509 0.0041851 
22300 0.00605781 0.00444462 
22400 0.00603076 0.00466079 
22500 0.00600396 0.00503917 
22600 0.0059774 0.00532712 
22700 0.00594629 0.00546499 
22800 0.00564254 0.00547132 
22900 0.00514194 0.00545079 
23000 0.005061 0.00535344 
23100 0.00545139 0.00511336 
23200 0.00549377 0.00480309 
23300 0.00529761 0.00466413 
23400 0.00530127 0.0047341 
23500 0.00530411 0.00465715 
23600 0.0052068 0.00450778 
23700 0.00523583 0.00430709 
23800 0.00487413 0.00410193 
23900 0.0051068 0.00424317 
24000 0.00549513 0.00418354 
24100 0.00570037 0.00408986 
24200 0.00573699 0.00420263 
24300 0.00571338 0.0044442 
24400 0.00568997 0.00479497 
24500 0.00566674 0.00493115 
24600 0.00564371 0.0048954 
24700 0.00562086 0.00488157 
24800 0.0055982 0.00482357 
24900 0.00557572 0.00467422 
25000 0.00555341 0.00475748 
25100 0.00552061 0.00504431 
25200 0.00529436 0.00511971 
25300 0.00482709 0.00514436 
25400 0.00513538 0.00509725 
25500 0.00539296 0.00501641 
25600 0.00541883 0.00474235 
25700 0.00532117 0.00447497 
25800 0.00529737 0.00448328 
25900 0.00529403 0.00455962 
26000 0.00527949 0.0045579 
26100 0.00529803 0.00458094 
26200 0.00535481 0.00441675 
26300 0.00535018 0.00442123 
26400 0.00529879 0.00400527 
26500 0.005215 0.00386325 
26600 0.00519104 0.00360894 
26700 0.00517915 0.00359802 
26800 0.00494175 0.00373631 
26900 0.00470864 0.00371797 
27000 0.00492486 0.00365227 
27100 0.00510084 0.00366351 
27200 0.00528923 0.00371353 
27300 0.0052846 0.00363098 
27400 0.00526531 0.00381164 
27500 0.00524616 0.00402952 
27600 0.00522716 0.00439107 
27700 0.00520829 0.00440423 
27800 0.00518955 0.00416388 
27900 0.00517095 0.00433865 
28000 0.00515248 0.00432761 
28100 0.00513415 0.00462647 
28200 0.00511594 0.00491309 
28300 0.00508267 0.00500559 
28400 0.00490588 0.00502927 
28500 0.00444101 0.00501359 
28600 0.00472562 0.00499606 
28700 0.0049151 0.00497172 
28800 0.00499805 0.00491697 
28900 0.00493283 0.00476967 
29000 0.00486958 0.00450783 
29100 0.00483875 0.00430121 
29200 0.00478558 0.00424276 
29300 0.00479561 0.00424 
29400 0.00470811 0.00400266 
29500 0.00468465 0.00383255 
29600 0.00463689 0.0036051 
29700 0.00457482 0.00342769 
29800 0.00441591 0.00348968 
29900 0.00433709 0.00357924 
30000 0.00420032 0.00367417 
30100 0.0045949 0.00364854 
30200 0.00481879 0.00366444 
30300 0.0048977 0.00367915 
30400 0.00488159 0.00346972 
30500 0.00486558 0.00328193 
30600 0.00484968 0.00327599 
30700 0.00483388 0.00347204 
30800 0.00481819 0.00400516 
30900 0.0048026 0.00429427 
31000 0.00478711 0.00466136 
31100 0.00477171 0.00471861 
31200 0.00475642 0.00478663 
31300 0.00462893 0.00479306 
31400 0.00436728 0.00477788 
31500 0.00384695 0.0047643 
31600 0.00408645 0.00473487 
31700 0.00424738 0.00465843 
31800 0.00421549 0.0045385 
31900 0.00414987 0.0043026 
32000 0.00412654 0.00412645 
32100 0.00416 0.00396969 
32200 0.00406826 0.00393982 
32300 0.00417448 0.00386777 
32400 0.00429467 0.00370856 
32500 0.00430885 0.00351779 
32600 0.00431138 0.00353649 
32700 0.00420619 0.0036631 
32800 0.00399203 0.00370389 
32900 0.00385828 0.00376269 
33000 0.00427611 0.00378235 
33100 0.00452144 0.00379326 
33200 0.00459436 0.00381975 
33300 0.00458056 0.00377211 
33400 0.00456685 0.00358398 
33500 0.00455322 0.00351587 
33600 0.00453966 0.00358433 
33700 0.00452619 0.00365355 
33800 0.0045128 0.00367876 
33900 0.00449949 0.0038474 
34000 0.00448626 0.00413923 
34100 0.0044731 0.00445751 
34200 0.00446002 0.0045892 
34300 0.00444257 0.0046169 
34400 0.00428133 0.00460348 
34500 0.00387788 0.00459013 
34600 0.00390894 0.00457687 
34700 0.00410231 0.00456368 
34800 0.00428014 0.00455056 
34900 0.00422357 0.00451143 
35000 0.00418818 0.00440298 
35100 0.00417109 0.00416181 
35200 0.00429354 0.00381539 
35300 0.00427772 0.00339347 
35400 0.00429653 0.00299171 
35500 0.00426995 0.00286007 
35600 0.00421085 0.00299691 
35700 0.00425533 0.00320562 
35800 0.00425364 0.00328164 
35900 0.00409114 0.00339392 
36000 0.00399797 0.00341465 
36100 0.00372256 0.00342436 
36200 0.00397437 0.00338922 
36300 0.00418071 0.00333052 
36400 0.00429892 0.00328553 
36500 0.00429753 0.00319227 
36600 0.00428579 0.00297824 
36700 0.00427411 0.00311143 
36800 0.0042625 0.00327023 
36900 0.00425094 0.00371507 
37000 0.00423946 0.00402558 
37100 0.00422803 0.0042818 
37200 0.00421666 0.0044083 
37300 0.00420536 0.00447459 
37400 0.00413216 0.00446263 
37500 0.00393066 0.00445073 
37600 0.00352294 0.00443889 
37700 0.00346771 0.00442712 
37800 0.0037541 0.00441541 
37900 0.00378678 0.00437522 
38000 0.00367737 0.00432328 
38100 0.00360944 0.00420224 
38200 0.00361462 0.00397748 
38300 0.0035706 0.00370937 
38400 0.00357265 0.00336578 
38500 0.0036037 0.00310007 
38600 0.00367924 0.00299063 
38700 0.00361484 0.00290208 
38800 0.00352623 0.002873 
38900 0.00350702 0.00306043 
39000 0.0034821 0.00316754 
39100 0.00336834 0.00319951 
39200 0.00336861 0.00319676 
39300 0.00368683 0.00317303 
39400 0.00393205 0.00308427 
39500 0.00405938 0.00300376 
39600 0.00406196 0.00294752 
39700 0.00405172 0.00305041 
39800 0.00404154 0.00277659 
39900 0.00403142 0.00281731 
40000 0.00402134 0.00295897 
40100 0.00401131 0.00319889 
40200 0.00400133 0.00356117 
40300 0.0039914 0.00372723 
40400 0.00398152 0.00401254 
40500 0.00397169 0.00415616 
40600 0.00396191 0.00419945 
40700 0.00395218 0.00427712 
40800 0.00390602 0.00430951 
40900 0.00379381 0.00429898 
41000 0.00347935 0.00428849 
41100 0.00318729 0.00427806 
41200 0.00335732 0.00426767 
41300 0.00337226 0.00425734 
41400 0.00345308 0.00421405 
41500 0.00341431 0.00403617 
41600 0.00355457 0.00386942 
41700 0.00349911 0.0036487 
41800 0.00370678 0.0033128 
41900 0.00371529 0.00293873 
42000 0.00376374 0.00265268 
42100 0.00365046 0.00277456 
42200 0.00363103 0.00289874 
42300 0.00365975 0.00293541 
42400 0.00363999 0.00300659 
42500 0.00345909 0.00310918 
42600 0.00324013 0.00312758 
42700 0.0035193 0.00322706 
42800 0.00370156 0.00318603 
42900 0.00383054 0.00309174 
43000 0.00382913 0.00301395 
43100 0.00382025 0.00297649 
43200 0.0038114 0.00294622 
43300 0.0038026 0.00279711 
43400 0.00379384 0.00312359 
43500 0.00378512 0.00341091 
43600 0.00377644 0.00362234 
43700 0.0037678 0.00377133 
43800 0.00375919 0.00398468 
43900 0.00375063 0.0041195 
44000 0.00374211 0.00414324 
44100 0.00373362 0.00418388 
44200 0.00367379 0.00418237 
44300 0.00351102 0.0041791 
44400 0.00325062 0.00416986 
44500 0.00291722 0.00415878 
44600 0.00301635 0.0041426 
44700 0.00313417 0.00412032 
44800 0.00325144 0.00404286 
44900 0.00316352 0.00396023 
45000 0.00312601 0.00384973 
45100 0.0031824 0.00364676 
45200 0.00320838 0.00339268 
45300 0.00326314 0.00304451 
45400 0.00335936 0.0028071 
45500 0.00342849 0.00255389 
45600 0.00342319 0.00269179 
45700 0.00336984 0.00287092 
45800 0.00339194 0.00299059 
45900 0.003328 0.00297293 
46000 0.00311158 0.00295801 
46100 0.00301441 0.0029743 
46200 0.00329416 0.00298225 
46300 0.0035102 0.00300884 
46400 0.0036079 0.00302595 
46500 0.0036263 0.00286913 
46600 0.00361868 0.00278823 
46700 0.00361093 0.00259266 
46800 0.00360322 0.00249123 
46900 0.00359553 0.00280026 
47000 0.00358788 0.00309189 
47100 0.00358027 0.00330915 
47200 0.00357268 0.00362918 
47300 0.00356513 0.00382031 
47400 0.00355761 0.00390962 
47500 0.00354377 0.00401072 
47600 0.0034073 0.00402553 
47700 0.00329086 0.0040319 
47800 0.0030435 0.0040072 
47900 0.00313184 0.00401324 
48000 0.00330941 0.00398872 
48100 0.00344036 0.00395621 
48200 0.00350279 0.00387985 
48300 0.00350772 0.00366877 
48400 0.00350047 0.00345633 
48500 0.00349325 0.00317348 
48600 0.00348607 0.00294377 
48700 0.00347126 0.00278101 
48800 0.00343052 0.00274314 
48900 0.00339493 0.00264392 
49000 0.00331838 0.00263057 
49100 0.00324113 0.00266181 
49200 0.00312722 0.00269461 
49300 0.00306059 0.00270917 
49400 0.00291935 0.00281459 
49500 0.00294561 0.00285635 
49600 0.00299616 0.00291616 
49700 0.00307774 0.00287436 
49800 0.00314257 0.00291175 
49900 0.0032473 0.00291635 
50000 0.00331109 0.00288286 
50100 0.00335911 0.00279786 
50200 0.00336501 0.00284364 
50300 0.00338203 0.00295432 
50400 0.00337625 0.00314407 
50500 0.00336782 0.0034179 
50600 0.00334559 0.0035671 
50700 0.00326347 0.00360587 
50800 0.00317555 0.0036459 
50900 0.00300045 0.00370902 
51000 0.00293752 0.00374575 
51100 0.00287449 0.0037079 
51200 0.00299313 0.0036852 
51300 0.0030753 0.00368438 
51400 0.00312001 0.00359311 
51500 0.00319819 0.00353718 
51600 0.00322449 0.00347173 
51700 0.00326686 0.00339634 
51800 0.00329003 0.00330312 
51900 0.00330366 0.00324195 
52000 0.00329969 0.00316748 
52100 0.00329736 0.0032114 
52200 0.0032911 0.00302501 
52300 0.00327211 0.0029723 
52400 0.00325864 0.00280713 
52500 0.00319621 0.00287139 
52600 0.0031204 0.00288177 
52700 0.00295555 0.00286983 
52800 0.00283644 0.00292918 
52900 0.00278135 0.00298288 
53000 0.00297528 0.00304311 
53100 0.00311821 0.0030312 
53200 0.00315907 0.00291674 
53300 0.00321855 0.00286167 
53400 0.00322152 0.00282589 
53500 0.0032284 0.00300716 
53600 0.00322238 0.00301294 
53700 0.00321638 0.00305116 
53800 0.0032104 0.0030708 
53900 0.00320444 0.00318223 
54000 0.00319851 0.00331405 
54100 0.0031926 0.00345492 
54200 0.00314581 0.00354792 
54300 0.00300501 0.00362177 
54400 0.0029326 0.00365327 
54500 0.00274421 0.00368996 
54600 0.00269426 0.00365065 
54700 0.00284972 0.00363998 
54800 0.00298088 0.0036343 
54900 0.00308532 0.00356138 
55000 0.00314457 0.00351217 
55100 0.00314834 0.00339105 
55200 0.003145 0.0031701 
55300 0.00313999 0.00294394 
55400 0.00313759 0.00292961 
55500 0.00312695 0.00299547 
55600 0.0031055 0.00289578 
55700 0.00308109 0.00287543 
55800 0.00303829 0.00286578 
55900 0.00297703 0.00296933 
56000 0.00291538 0.00299364 
56100 0.00279719 0.00301696 
56200 0.00267777 0.00300179 
56300 0.00259729 0.00295235 
56400 0.00274477 0.00289519 
56500 0.00287542 0.0028106 
56600 0.00292711 0.00278624 
56700 0.00299451 0.00272764 
56800 0.00303614 0.00266318 
56900 0.00303504 0.0027222 
57000 0.00303906 0.00274983 
57100 0.00303535 0.00279556 
57200 0.00303762 0.00305769 
57300 0.00303786 0.0032764 
57400 0.00302771 0.00347421 
57500 0.0030035 0.00354033 
57600 0.00293987 0.00362426 
57700 0.00280806 0.00364062 
57800 0.00269752 0.00363872 
57900 0.00254043 0.00363711 
58000 0.00272945 0.00365015 
58100 0.00284283 0.00360264 
58200 0.00294913 0.00358394 
58300 0.0030011 0.00356103 
58400 0.0030084 0.0034879 
58500 0.00300326 0.00334215 
58600 0.00299813 0.00318389 
58700 0.00299302 0.00298088 
58800 0.00298793 0.00279181 
58900 0.00298286 0.00254887 
59000 0.00297781 0.0025179 
59100 0.00297277 0.00251213 
59200 0.00296722 0.00261383 
59300 0.00293349 0.00272845 
59400 0.00284841 0.00273009 
59500 0.00270258 0.00269482 
59600 0.00255235 0.00270721 
59700 0.00252853 0.00271504 
59800 0.00268034 0.00270375 
59900 0.00279746 0.00259634 
60000 0.00288668 0.00259846 
60100 0.0029258 0.00258845 
60200 0.00293011 0.00246898 
60300 0.00292525 0.00256228 
60400 0.00292041 0.00262887 
60500 0.00291558 0.00261014 
60600 0.00291077 0.00279317 
60700 0.00290597 0.00298673 
60800 0.0029012 0.00322239 
60900 0.00289643 0.00335655 
61000 0.00289168 0.00341194 
61100 0.00288695 0.00346173 
61200 0.002863 0.00350558 
61300 0.00280096 0.00355097 
61400 0.00270403 0.00355091 
61500 0.00258285 0.00355257 
61600 0.00242759 0.00355384 
61700 0.00254051 0.00355062 
61800 0.00265921 0.00353366 
61900 0.00272221 0.00351424 
62000 0.00276187 0.00348288 
62100 0.00278165 0.00342096 
62200 0.0027396 0.00334455 
62300 0.00269686 0.00322951 
62400 0.00267292 0.00308516 
62500 0.00260592 0.00286741 
62600 0.00259708 0.00276313 
62700 0.00252907 0.00282197 
62800 0.00252636 0.00277791 
62900 0.00247458 0.00272552 
63000 0.00243542 0.00263311 
63100 0.00240822 0.00266427 
63200 0.00240626 0.00271315 
63300 0.00236569 0.00280617 
63400 0.0022733 0.00283413 
63500 0.00223983 0.00283464 
63600 0.00239891 0.00280136 
63700 0.00257154 0.00276783 
63800 0.00269906 0.00279755 
63900 0.00279344 0.00277325 
64000 0.00281989 0.00271752 
64100 0.00281645 0.00262971 
64200 0.00281206 0.00248239 
64300 0.00280769 0.0024028 
64400 0.00280333 0.0025049 
64500 0.00279898 0.00247337 
64600 0.00279465 0.00258358 
64700 0.00279033 0.00278808 
64800 0.00278603 0.00299474 
64900 0.00278173 0.00313977 
65000 0.00277745 0.00321785 
65100 0.00277319 0.00324034 
65200 0.00276893 0.00335731 
65300 0.00276211 0.00343837 
65400 0.00273266 0.00347067 
65500 0.00262545 0.00347047 
65600 0.00249151 0.00347278 
65700 0.00228333 0.00347054 
65800 0.00214626 0.00346485 
65900 0.0023173 0.00345165 
66000 0.00236482 0.00343907 
66100 0.00237469 0.00339864 
66200 0.00232965 0.00331051 
66300 0.00234171 0.00318713 
66400 0.00229572 0.00303147 
66500 0.00233 0.00286273 
66600 0.00234211 0.00266402 
66700 0.00233987 0.00249903 
66800 0.00244378 0.0024366 
66900 0.00253955 0.00235924 
67000 0.00252087 0.00239885 
67100 0.00247491 0.00250624 
67200 0.00238739 0.00252412 
67300 0.00235078 0.00257413 
67400 0.0023109 0.00253743 
67500 0.00218553 0.00251958 
67600 0.0022895 0.00254771 
67700 0.00245954 0.00257657 
67800 0.0025792 0.00260172 
67900 0.00266049 0.00255688 
68000 0.00269832 0.0024853 
68100 0.00270765 0.00240994 
68200 0.00270368 0.002308 
68300 0.00269972 0.00225472 
68400 0.00269577 0.00239661 
68500 0.00269184 0.00252362 
68600 0.00268792 0.00270934 
68700 0.002684 0.00290797 
68800 0.0026801 0.00305989 
68900 0.00267621 0.00320218 
69000 0.00267233 0.00329801 
69100 0.00266847 0.00336547 
69200 0.00264164 0.0033807 
69300 0.00254333 0.00338368 
69400 0.00239597 0.00338078 
69500 0.00222964 0.003375 
69600 0.00203964 0.00336634 
69700 0.00208095 0.00334819 
69800 0.00215045 0.00331185 
69900 0.00227297 0.00325293 
70000 0.00220942 0.00319307 
70100 0.00220182 0.00309877 
70200 0.0022439 0.00295082 
70300 0.00220721 0.00280336 
70400 0.00222608 0.00262502 
70500 0.00222861 0.00244443 
70600 0.00228614 0.00244248 
70700 0.00230949 0.00238984 
70800 0.00227533 0.00230961 
70900 0.00222199 0.00230331 
71000 0.00214849 0.00227 
71100 0.00212642 0.00223954 
71200 0.00213304 0.00231304 
71300 0.00203194 0.00237669 
71400 0.00210398 0.00239937 
71500 0.00225907 0.00240712 
71600 0.00236483 0.00240795 
71700 0.00247057 0.00240046 
71800 0.00254836 0.00241264 
71900 0.00260168 0.00239144 
72000 0.0026144 0.00252305 
72100 0.00261099 0.00265579 
72200 0.00260737 0.00269044 
72300 0.00260377 0.00274883 
72400 0.00260017 0.00275663 
72500 0.00259658 0.0028319 
72600 0.00259301 0.00278106 
72700 0.00258944 0.00276951 
72800 0.00258588 0.00290983 
72900 0.00257619 0.00298152 
73000 0.00254947 0.00306044 
73100 0.00247062 0.0030708 
73200 0.00241593 0.00305028 
73300 0.00230603 0.00300672 
73400 0.00218325 0.00297695 
73500 0.00206277 0.00295261 
73600 0.00215402 0.00297861 
73700 0.00220244 0.00296397 
73800 0.00225943 0.00291945 
73900 0.00227737 0.00287823 
74000 0.00232448 0.00278758 
74100 0.00240285 0.0027831 
74200 0.00238434 0.0028332 
74300 0.0023016 0.00283958 
74400 0.00232235 0.00288231 
74500 0.00238906 0.0028967 
74600 0.00236347 0.00290083 
74700 0.0023607 0.00288164 
74800 0.00233146 0.0028344 
74900 0.0023093 0.00280433 
75000 0.00225924 0.00265999 
75100 0.00212068 0.00268366 
75200 0.00205674 0.00259254 
75300 0.0019983 0.0025886 
75400 0.00211332 0.00252008 
75500 0.00221756 0.00253608 
75600 0.00230752 0.00251639 
75700 0.00244166 0.00255678 
75800 0.00250021 0.00255275 
75900 0.00253596 0.00272682 
76000 0.00253369 0.00282914 
76100 0.00253036 0.00285887 
76200 0.00252704 0.00293587 
76300 0.00252373 0.00295745 
76400 0.00252042 0.00293034 
76500 0.00251713 0.00289322 
76600 0.00251384 0.00285402 
76700 0.002506 0.00277651 
76800 0.0024839 0.00275108 
76900 0.00243563 0.00282535 
77000 0.00239008 0.00286579 
77100 0.00231925 0.00289609 
77200 0.00223798 0.00292477 
77300 0.00216379 0.00296113 
77400 0.00206015 0.00294351 
77500 0.00213803 0.00287785 
77600 0.00222105 0.0028347 
77700 0.00228378 0.00283698 
77800 0.0023294 0.00280738 
77900 0.00232378 0.00276376 
78000 0.00233368 0.00271766 
78100 0.00236233 0.00278573 
78200 0.00234129 0.00283875 
78300 0.00232705 0.00292629 
78400 0.00234177 0.00298245 
78500 0.00237084 0.00303799 
78600 0.00235758 0.00307038 
78700 0.00231537 0.00309534 
78800 0.00226404 0.00308752 
78900 0.00225765 0.00305918 
79000 0.00219028 0.00297824 
79100 0.00216705 0.00293257 
79200 0.00217049 0.00285194 
79300 0.00213022 0.0027655 
79400 0.00216946 0.00266255 
79500 0.00215734 0.0026128 
79600 0.00208698 0.00257264 
79700 0.00203137 0.00251068 
79800 0.00199448 0.00251887 
79900 0.00212338 0.00251303 
80000 0.00223799 0.00250182 
80100 0.00233243 0.00250597 
80200 0.00239235 0.00251242 
80300 0.00242299 0.00259235 
80400 0.00244386 0.00263886 
80500 0.00244451 0.00273223 
80600 0.00244148 0.00287505 
80700 0.00243845 0.00293561 
80800 0.00243543 0.00297821 
80900 0.00243242 0.00302911 
81000 0.00242942 0.00302309 
81100 0.00242642 0.00300697 
81200 0.00242344 0.00293533 
81300 0.00242046 0.00286642 
81400 0.00241748 0.00280967 
81500 0.0024126 0.00277081 
81600 0.00239536 0.00266734 
81700 0.0023604 0.00268831 
81800 0.00231269 0.00269054 
81900 0.00225116 0.00278084 
82000 0.00218144 0.00283273 
82100 0.00211783 0.00285106 
82200 0.00200927 0.00284301 
82300 0.0020125 0.00281172 
82400 0.00207561 0.00280876 
82500 0.00216541 0.00277339 
82600 0.00223751 0.0027321 
82700 0.00225985 0.00268153 
82800 0.0022893 0.00263637 
82900 0.0023192 0.00258523 
83000 0.00233696 0.00264424 
83100 0.00235691 0.00266707 
83200 0.00236917 0.00268906 
83300 0.00237076 0.00276709 
83400 0.00236859 0.00281922 
83500 0.00236585 0.00282472 
83600 0.00236344 0.00280311 
83700 0.00236062 0.00276992 
83800 0.0023578 0.00272139 
83900 0.00235499 0.00263247 
84000 0.0023476 0.00262104 
84100 0.0023276 0.00255832 
84200 0.00230361 0.00249272 
84300 0.0022585 0.00245795 
84400 0.00220595 0.00238553 
84500 0.00212774 0.00232094 
84600 0.00202425 0.00231314 
84700 0.00193174 0.00236686 
84800 0.00200615 0.00243402 
84900 0.00209324 0.00248247 
85000 0.00216117 0.00249924 
85100 0.00222454 0.00246449 
85200 0.00225597 0.00252353 
85300 0.00227884 0.00253368 
85400 0.00229866 0.00263088 
85500 0.00230751 0.00263167 
85600 0.00230658 0.00262189 
85700 0.00230638 0.00267348 
85800 0.00230492 0.00260971 
85900 0.00229871 0.00260495 
86000 0.00228209 0.00255323 
86100 0.00225938 0.00255776 
86200 0.00222878 0.00261127 
86300 0.00218529 0.00264582 
86400 0.00212035 0.00269358 
86500 0.0020593 0.00271702 
86600 0.00199281 0.00269889 
86700 0.00191189 0.00272973 
86800 0.00190584 0.0027127 
86900 0.00197431 0.00272538 
87000 0.00204172 0.00269663 
87100 0.00209544 0.00267722 
87200 0.00215228 0.00264014 
87300 0.00219554 0.00265749 
87400 0.0022157 0.00263129 
87500 0.0022202 0.0025648 
87600 0.00221906 0.00247036 
87700 0.00221662 0.00239484 
87800 0.0022373 0.00237276 
87900 0.0022324 0.00237304 
88000 0.00222365 0.00229944 
88100 0.00224321 0.00225814 
88200 0.00223144 0.00218981 
88300 0.00219883 0.00216935 
88400 0.00216783 0.00215537 
88500 0.00211782 0.00210958 
88600 0.00204888 0.00212886 
88700 0.00197789 0.0021068 
88800 0.00193542 0.00215177 
88900 0.00186829 0.00214905 
89000 0.00190644 0.00211777 
89100 0.00197475 0.00207128 
89200 0.00204168 0.00205096 
89300 0.00209364 0.00205185 
89400 0.00213195 0.00206518 
89500 0.00216753 0.00212939 
89600 0.00218969 0.00221634 
89700 0.00220197 0.00224153 
89800 0.00220475 0.00224007 
89900 0.00222094 0.00226735 
90000 0.00222329 0.00232213 
90100 0.00221887 0.00232543 
90200 0.00221389 0.00246287 
90300 0.00220695 0.0025109 
90400 0.00219858 0.00253002 
90500 0.00219186 0.00262119 
90600 0.00216497 0.00266666 
90700 0.00213878 0.00270792 
90800 0.00209887 0.00275567 
90900 0.0020431 0.00276324 
91000 0.00198503 0.00278961 
91100 0.00191651 0.0027962 
91200 0.00182091 0.00281484 
91300 0.00187191 0.00278785 
91400 0.00195351 0.00277267 
91500 0.00200415 0.00275768 
91600 0.0020683 0.00274616 
91700 0.00210818 0.0027261 
91800 0.00212582 0.00267497 
91900 0.00215905 0.00260273 
92000 0.00216493 0.00250141 
92100 0.00215407 0.002412 
92200 0.00215862 0.00237182 
92300 0.00217187 0.00235679 
92400 0.00215094 0.00238332 
92500 0.00214442 0.00235932 
92600 0.00213775 0.00233996 
92700 0.00213446 0.00233244 
92800 0.00212816 0.00227447 
92900 0.00209663 0.00221545 
93000 0.00204659 0.00214341 
93100 0.00201237 0.00214231 
93200 0.00195813 0.00208451 
93300 0.0019012 0.00211924 
93400 0.0018235 0.00212474 
93500 0.00180205 0.00214282 
93600 0.00185185 0.00210494 
93700 0.00190636 0.00211317 
93800 0.00196533 0.0021219 
93900 0.00202678 0.00215976 
94000 0.00205589 0.00222516 
94100 0.0020945 0.00222466 
94200 0.00211527 0.00227667 
94300 0.00213883 0.00230407 
94400 0.00214854 0.00236224 
94500 0.00215662 0.0024119 
94600 0.00215475 0.00240129 
94700 0.00215411 0.00237893 
94800 0.0021521 0.00244554 
94900 0.00214892 0.00252366 
95000 0.00213273 0.0025972 
95100 0.00211355 0.00267642 
95200 0.00208324 0.00270959 
95300 0.00203316 0.00272225 
95400 0.00196322 0.00272665 
95500 0.0018919 0.00274699 
95600 0.00182085 0.00275167 
95700 0.00176066 0.00274518 
95800 0.00183224 0.00273296 
95900 0.00186728 0.00272436 
96000 0.00191984 0.00271339 
96100 0.00197742 0.00269616 
96200 0.00201737 0.00265456 
96300 0.00204819 0.00259462 
96400 0.0020765 0.00253369 
96500 0.002093 0.00248811 
96600 0.00210096 0.00242662 
96700 0.00210784 0.00234442 
96800 0.00210687 0.00228836 
96900 0.00210566 0.00228165 
97000 0.002097 0.0022677 
97100 0.00209127 0.00224093 
97200 0.00208036 0.0021981 
97300 0.0020661 0.00215533 
97400 0.00204437 0.00212556 
97500 0.00201825 0.00211957 
97600 0.00194377 0.0020282 
97700 0.00185755 0.00204701 
97800 0.00180272 0.00200646 
97900 0.00172076 0.00202637 
98000 0.00177833 0.00200497 
98100 0.00184037 0.00205094 
98200 0.00188968 0.00209859 
98300 0.00193235 0.00220697 
98400 0.00197346 0.00222548 
98500 0.00201963 0.00223425 
98600 0.00203832 0.00227598 
98700 0.00205601 0.00241953 
98800 0.0020672 0.00236607 
98900 0.00207055 0.00238727 
99000 0.00207021 0.00245623 
99100 0.0020678 0.0025047 
99200 0.00206597 0.00252465 
99300 0.00205894 0.00248474 
99400 0.00204651 0.00243347 
99500 0.00202359 0.00242241 
99600 0.00199703 0.00243141 
99700 0.00195094 0.00247943 
99800 0.0019118 0.00249964 
99900 0.00185859 0.00251254 
100000 0.00181839 0.00250725 
110000 0.0015948 0.0022577 
120000 0.00155963 0.00236467 
130000 0.00161268 0.0022686 
140000 0.0012901 0.00172825 
150000 0.00138829 0.00232815 
160000 0.00134201 0.00162203 
170000 0.00127392 0.00173735 
180000 0.00121049 0.00208629 
190000 0.00115789 0.00191641 
200000 0.00110518 0.00155727 
210000 0.00106458 0.00159148 
220000 0.00102231 0.00144069 
230000 0.000984144 0.00143007 
240000 0.000949082 0.00177225 
250000 0.00091887 0.00175089 
260000 0.00088995 0.00161888 
270000 0.000862515 0.00143798 
280000 0.000837334 0.00125338 
290000 0.000705641 0.00127672 
300000 0.000719533 0.00145553 
310000 0.000771058 0.00149272 
320000 0.000734934 0.00149965 
330000 0.000734726 0.0012138 
340000 0.000693523 0.00137262 
350000 0.000638763 0.00140093 
360000 0.000690606 0.00115884 
370000 0.000675518 0.0011722 
380000 0.00066072 0.00131579 
390000 0.000549194 0.0013839 
400000 0.000624064 0.00124911 
410000 0.000621189 0.00125816 
420000 0.000608097 0.00121339 
430000 0.000595312 0.00125755 
440000 0.000583184 0.00124123 
450000 0.000571183 0.00117521 
460000 0.00047488 0.00106901 
470000 0.000543485 0.00111282 
480000 0.000541364 0.00108919 
490000 0.000530411 0.00110524 
500000 0.000523312 0.00107863 
510000 0.000514969 0.00102243 
520000 0.000506833 0.000994754 
530000 0.000498874 0.00104075 
540000 0.000491102 0.00101108 
550000 0.000429631 0.00108977 
560000 0.00047596 0.000972878 
570000 0.00046933 0.0009875 
580000 0.000419065 0.000992269 
590000 0.000456125 0.00090613 
600000 0.000441074 0.00106518 
610000 0.000443805 0.00101898 
620000 0.000438403 0.000827391 
630000 0.000433221 0.000988454 
640000 0.000427281 0.000917208 
650000 0.000422581 0.000916892 
660000 0.000395347 0.00102044 
670000 0.000412661 0.000866658 
680000 0.000404242 0.000820009 
690000 0.000403199 0.000831224 
700000 0.000373314 0.00099067 
710000 0.000394194 0.000943717 
720000 0.000390246 0.000840107 
730000 0.000386529 0.000743194 
740000 0.000383206 0.000738955 
750000 0.000379448 0.000782456 
760000 0.000367971 0.00074495 
770000 0.000317509 0.000868383 
780000 0.000366534 0.000843724 
790000 0.000371196 0.000772621 
800000 0.000328396 0.000874089 
810000 0.000363379 0.000855191 
820000 0.000365853 0.00076196 
830000 0.000290402 0.000794476 
840000 0.00035439 0.000797875 
850000 0.000303548 0.000768518 
860000 0.000312642 0.00079446 
870000 0.000312238 0.000723679 
880000 0.000313885 0.000743233 
890000 0.000321283 0.000705444 
900000 0.000324898 0.000707276 
910000 0.000284265 0.000719819 
920000 0.000320253 0.000661878 
930000 0.000296229 0.000678636 
940000 0.000305869 0.000662827 
950000 0.00030224 0.000694921 
960000 0.000276958 0.000685492 
970000 0.000305205 0.000689999 
980000 0.000304323 0.000659587 
990000 0.000267225 0.000662865 
1000000 0.000266125 0.000641869 
1010000 0.000268032 0.00065185 
1020000 0.000277528 0.000604172 
1030000 0.000296079 0.000592406 
1040000 0.000277265 0.000668975 
1050000 0.000258697 0.000587864 
1060000 0.00028651 0.000579895 
1070000 0.000295801 0.000751778 
1080000 0.000312317 0.000725117 
1090000 0.0003029 0.000564814 
1100000 0.000297656 0.000531185 
1110000 0.000315348 0.000690319 
1120000 0.000272219 0.000746673 
1130000 0.00030955 0.000576106 
1140000 0.000248069 0.000572789 
1150000 0.000310457 0.000545627 
1160000 0.000293652 0.00078255 
1170000 0.00030745 0.000683284 
1180000 0.000279685 0.000572555 
1190000 0.000299051 0.000542815 
1200000 0.000303088 0.000745425 
1210000 0.000301157 0.000686586 
1220000 0.000256071 0.000623845 
1230000 0.000297735 0.000632219 
1240000 0.000285538 0.000762369 
1250000 0.000293194 0.000636345 
1260000 0.000292567 0.000627556 
1270000 0.000290671 0.00070001 
1280000 0.00028801 0.000607385 
1290000 0.000233045 0.000764242 
1300000 0.000281559 0.000670711 
1310000 0.000283858 0.000756275 
1320000 0.000282135 0.000652438 
1330000 0.000280439 0.000749017 
1340000 0.000278759 0.000571659 
1350000 0.000277093 0.000707033 
1360000 0.000275449 0.000605172 
1370000 0.000273826 0.000699084 
1380000 0.000272249 0.000551814 
1390000 0.000270686 0.000708407 
1400000 0.000269166 0.000580943 
1410000 0.000267686 0.000711028 
1420000 0.000266207 0.000578887 
1430000 0.000264781 0.000734364 
1440000 0.000204298 0.000583407 
1450000 0.000261554 0.000730358 
1460000 0.000260194 0.000559004 
1470000 0.000258848 0.000692532 
1480000 0.00025752 0.000459899 
1490000 0.00025621 0.00055862 
1500000 0.000254918 0.000630881 
1510000 0.000253642 0.000523708 
1520000 0.00025086 0.000714272 
1530000 0.000250058 0.000537784 
1540000 0.000249505 0.000709537 
1550000 0.000248298 0.000441099 
1560000 0.000247103 0.000530945 
1570000 0.000245926 0.000645951 
1580000 0.000244753 0.000487553 
1590000 0.000243605 0.000698645 
1600000 0.00023014 0.000513459 
1610000 0.000213148 0.000694341 
1620000 0.000198223 0.000535454 
1630000 0.000183292 0.000690175 
1640000 0.000189798 0.000509072 
1650000 0.000236214 0.000686241 
1660000 0.000235589 0.000492226 
1670000 0.000234577 0.000672939 
1680000 0.000233551 0.000477928 
1690000 0.000232583 0.000628578 
1700000 0.000231582 0.000440408 
1710000 0.000230605 0.000529172 
1720000 0.000229627 0.000539679 
1730000 0.000228742 0.000468128 
1740000 0.000227809 0.000605605 
1750000 0.000226947 0.000499553 
1760000 0.000226013 0.00065959 
1770000 0.000172954 0.000544172 
1780000 0.000223883 0.000651205 
1790000 0.000222981 0.000465402 
1800000 0.000222166 0.000480636 
1810000 0.000221299 0.000587286 
1820000 0.000220537 0.000499762 
1830000 0.000219762 0.000631243 
1840000 0.000198473 0.000513678 
1850000 0.000210059 0.000644567 
1860000 0.000217008 0.000514253 
1870000 0.000216239 0.000568064 
1880000 0.000215432 0.000471233 
1890000 0.000214726 0.000446697 
1900000 0.000213518 0.000623832 
1910000 0.000188853 0.000515248 
1920000 0.000212291 0.000594867 
1930000 0.00021169 0.000447007 
1940000 0.000211129 0.000488768 
1950000 0.000210546 0.000452176 
1960000 0.000210012 0.000451477 
1970000 0.00020953 0.000449365 
1980000 0.000209015 0.000476846 
1990000 0.000208384 0.000416073 
2000000 0.000207827 0.000456329 
2010000 0.000207098 0.0004599 
2020000 0.000206468 0.000412096 
2030000 0.000205751 0.00049979 
2040000 0.000205137 0.000413335 
2050000 0.000204441 0.000501247 
2060000 0.000203812 0.000411215 
2070000 0.000203164 0.000499638 
2080000 0.000202623 0.000423592 
2090000 0.000201933 0.000474423 
2100000 0.000201416 0.000415709 
2110000 0.000200727 0.00047619 
2120000 0.000200103 0.000416275 
2130000 0.000199492 0.000486851 
2140000 0.00019903 0.00038733 
2150000 0.000198618 0.000444259 
2160000 0.000198221 0.000439783 
2170000 0.000197818 0.000411326 
2180000 0.000197384 0.000456955 
2190000 0.000197401 0.000426847 
2200000 0.000197186 0.000469173 
2210000 0.000196733 0.00038931 
2220000 0.000196476 0.000489515 
2230000 0.000195205 0.000397189 
2240000 0.000194504 0.000490441 
2250000 0.000195066 0.000391133 
2260000 0.000195539 0.000525586 
2270000 0.000194894 0.0004347 
2280000 0.000194582 0.000528225 
2290000 0.000194018 0.000425419 
2300000 0.000193502 0.000505986 
2310000 0.000191669 0.000413457 
2320000 0.000191462 0.000520208 
2330000 0.00018318 0.000439508 
2340000 0.000180766 0.000538467 
2350000 0.000174171 0.000447875 
2360000 0.000157196 0.000521638 
2370000 0.000144653 0.000441887 
2380000 0.000177135 0.00051715 
2390000 0.000182694 0.000455482 
2400000 0.000188143 0.000485087 
2410000 0.000187585 0.000476013 
2420000 0.000186962 0.000472898 
2430000 0.000186421 0.000462133 
2440000 0.00018582 0.00046195 
2450000 0.000185326 0.000467809 
2460000 0.000182214 0.000421547 
2470000 0.000183486 0.000486245 
2480000 0.000179436 0.000404293 
2490000 0.000179853 0.000511591 
2500000 0.000182083 0.000413461 
2510000 0.00018005 0.00050873 
2520000 0.000170907 0.000419046 
2530000 0.000165508 0.000493521 
2540000 0.000152203 0.000420978 
2550000 0.000151877 0.000510721 
2560000 0.00013787 0.000429645 
2570000 0.000149457 0.000519698 
2580000 0.000157711 0.000430695 
2590000 0.000175285 0.000509759 
2600000 0.000170026 0.000416381 
2610000 0.000177379 0.000502053 
2620000 0.000176689 0.000390841 
2630000 0.000177513 0.000477825 
2640000 0.000177071 0.000359669 
2650000 0.000176718 0.000406865 
2660000 0.000176252 0.000398796 
2670000 0.000175883 0.000376502 
2680000 0.00017546 0.000409849 
2690000 0.00017509 0.000401972 
2700000 0.00017461 0.000432886 
2710000 0.000174209 0.000427242 
2720000 0.000173767 0.000421643 
2730000 0.000173454 0.000424117 
2740000 0.000173 0.00042578 
2750000 0.000172587 0.00042187 
2760000 0.000172137 0.000411254 
2770000 0.000171797 0.000401214 
2780000 0.000171383 0.000413655 
2790000 0.000171033 0.000402041 
2800000 0.000170597 0.000441957 
2810000 0.000170007 0.000374931 
2820000 0.000169389 0.000466197 
2830000 0.000166628 0.000384413 
2840000 0.000162705 0.000466778 
2850000 0.000151301 0.000371788 
2860000 0.000146558 0.000479068 
2870000 0.000136029 0.000391774 
2880000 0.000134824 0.00047742 
2890000 0.00014208 0.000386606 
2900000 0.000158654 0.000469718 
2910000 0.000159369 0.000365748 
2920000 0.000165847 0.000450534 
2930000 0.000166299 0.000357476 
2940000 0.000166805 0.000404925 
2950000 0.000166511 0.000372095 
2960000 0.000166378 0.000340331 
2970000 0.000166022 0.00043763 
2980000 0.00016288 0.000384627 
2990000 0.000159371 0.000472921 
3000000 0.000130037 0.000397775 
3010000 0.000149411 0.000466484 
3020000 0.000147375 0.000369329 
3030000 0.000156383 0.00045705 
3040000 0.000155281 0.000370627 
3050000 0.000163038 0.000432835 
3060000 0.000162656 0.000375612 
3070000 0.000162349 0.000384482 
3080000 0.000162189 0.000379042 
3090000 0.000163018 0.000346355 
3100000 0.000158478 0.000458169 
3110000 0.000149871 0.000370969 
3120000 0.000133557 0.000479033 
3130000 0.000154432 0.000369614 
3140000 0.000162952 0.000442928 
3150000 0.000162806 0.000329823 
3160000 0.00016284 0.000367291 
3170000 0.000157345 0.000383449 
3180000 0.000162278 0.00034157 
3190000 0.000146939 0.000451625 
3200000 0.00012687 0.000336709 
3210000 0.000151106 0.000437363 
3220000 0.000159919 0.000336044 
3230000 0.000162345 0.000372296 
3240000 0.000163017 0.000389278 
3250000 0.000161923 0.000351417 
3260000 0.00015738 0.000439091 
3270000 0.000159383 0.000332892 
3280000 0.000138475 0.000445666 
3290000 0.000138606 0.000329492 
3300000 0.000124917 0.000447352 
3310000 0.000148462 0.000324221 
3320000 0.00016226 0.000408477 
3330000 0.000163365 0.00037544 
3340000 0.000158796 0.000337941 
3350000 0.000142882 0.000441517 
3360000 0.000125063 0.000333243 
3370000 0.000152489 0.000431857 
3380000 0.000161929 0.000339352 
3390000 0.000163129 0.000349195 
3400000 0.000159305 0.000419905 
3410000 0.000125756 0.000347752 
3420000 0.000153991 0.000411915 
3430000 0.000156652 0.000364958 
3440000 0.000148678 0.000355132 
3450000 0.000123122 0.000426947 
3460000 0.0001474 0.000353428 
3470000 0.0001598 0.000368931 
3480000 0.000159953 0.00037645 
3490000 0.000157728 0.000372721 
3500000 0.00014843 0.00041307 
3510000 0.000125035 0.000356132 
3520000 0.000145696 0.000421162 
3530000 0.00015364 0.000368612 
3540000 0.000163808 0.0003896 
3550000 0.000163783 0.000389312 
3560000 0.000163512 0.000387351 
3570000 0.000163182 0.00038082 
3580000 0.000158803 0.000356377 
3590000 0.000135652 0.00042773 
3600000 0.000141291 0.000350386 
3610000 0.000158747 0.000409198 
3620000 0.000161081 0.00038293 
3630000 0.000162785 0.000395516 
3640000 0.000162408 0.000399952 
3650000 0.000162492 0.000372155 
3660000 0.000135746 0.000407395 
3670000 0.000120341 0.000355808 
3680000 0.000145966 0.000411584 
3690000 0.000153839 0.000356827 
3700000 0.00016237 0.000376977 
3710000 0.000157401 0.000382755 
3720000 0.000156202 0.000383609 
3730000 0.000139558 0.000398909 
3740000 0.000139452 0.000358302 
3750000 0.000158703 0.0003719 
3760000 0.000158437 0.000367793 
3770000 0.000147698 0.000353412 
3780000 0.000123664 0.000402574 
3790000 0.000151077 0.000360742 
3800000 0.000161118 0.000371122 
3810000 0.000154949 0.000373652 
3820000 0.000133996 0.000355413 
3830000 0.000139856 0.000379868 
3840000 0.000154166 0.000379581 
3850000 0.000148313 0.000378278 
3860000 0.000121655 0.000377616 
3870000 0.000145845 0.000380995 
3880000 0.0001511 0.000390703 
3890000 0.000146179 0.000390859 
3900000 0.000122742 0.00037626 
3910000 0.000141297 0.000372729 
3920000 0.000150322 0.000371921 
3930000 0.000142952 0.000358673 
3940000 0.00011922 0.000382364 
3950000 0.000143905 0.000357954 
3960000 0.000152403 0.000357611 
3970000 0.000147548 0.000379385 
3980000 0.000126695 0.000340536 
3990000 0.000150658 0.00037552 
4000000 0.000143751 0.000363441 
4010000 0.000125482 0.000340261 
4020000 0.000137404 0.000374457 
4030000 0.00014968 0.00036356 
4040000 0.000144096 0.000358218 
4050000 0.000119299 0.000381264 
4060000 0.000137727 0.000363204 
4070000 0.000148557 0.000382367 
4080000 0.000148896 0.000371397 
4090000 0.00013549 0.000357496 
4100000 0.000122404 0.000379995 
4110000 0.000145058 0.000358835 
4120000 0.000152698 0.000372066 
4130000 0.000151819 0.000375823 
4140000 0.000139747 0.000357451 
4150000 0.000113766 0.000375267 
4160000 0.000137705 0.000351019 
4170000 0.000149088 0.000355446 
4180000 0.000144608 0.000365488 
4190000 0.000115002 0.000338781 
4200000 0.00014343 0.000382629 
4210000 0.000147426 0.000344203 
4220000 0.000144113 0.000340168 
4230000 0.00011289 0.000392525 
4240000 0.00013263 0.000333884 
4250000 0.000151249 0.00034872 
4260000 0.000134689 0.000345114 
4270000 0.000141068 0.000333155 
4280000 0.000117067 0.000384919 
4290000 0.000122947 0.000347936 
4300000 0.000149751 0.000379076 
4310000 0.000118335 0.000335855 
4320000 0.000152434 0.000321529 
4330000 0.00011447 0.000382705 
4340000 0.000113224 0.000301372 
4350000 0.000145905 0.00039112 
4360000 0.000110542 0.000312777 
4370000 0.000152171 0.000303476 
4380000 0.000105934 0.000384649 
4390000 0.000106178 0.000294199 
4400000 0.00015299 0.000380496 
4410000 0.000114521 0.000326111 
4420000 0.00014476 0.000292375 
4430000 0.000119655 0.00039389 
4440000 0.00012147 0.000286021 
4450000 0.000153723 0.000291735 
4460000 0.000109184 0.000380682 
4470000 0.000102643 0.000293862 
4480000 0.000153926 0.000351443 
4490000 0.000140515 0.000349564 
4500000 0.000131957 0.000289707 
4510000 0.000146946 0.000382121 
4520000 0.000125596 0.000315735 
4530000 0.000153466 0.00031311 
4540000 0.000101587 0.000382087 
4550000 0.000103119 0.000310865 
4560000 0.000154983 0.000364331 
4570000 0.000126864 0.000327906 
4580000 0.000153614 0.000314908 
4590000 0.000105364 0.000382442 
4600000 0.000118558 0.000316698 
4610000 0.000155205 0.000339626 
4620000 0.000142067 0.000340383 
4630000 0.000139778 0.000317803 
4640000 0.000140679 0.000381489 
4650000 0.000135938 0.000332938 
4660000 0.000154281 0.000322671 
4670000 0.000129333 0.000383681 
4680000 0.00013423 0.000302597 
4690000 0.000155426 0.00031572 
4700000 0.000140543 0.000376532 
4710000 0.000124734 0.000302188 
4720000 0.000155434 0.000314714 
4730000 0.000136964 0.00037635 
4740000 0.000122655 0.000306069 
4750000 0.00015545 0.000322655 
4760000 0.000142147 0.0003678 
4770000 0.000118921 0.000303089 
4780000 0.000155477 0.000341441 
4790000 0.000140847 0.000348103 
4800000 0.000118447 0.000297286 
4810000 0.000155201 0.000343955 
4820000 0.000137137 0.000349202 
4830000 0.000113536 0.00030535 
4840000 0.00015543 0.000328573 
4850000 0.00014358 0.00036018 
4860000 0.000127038 0.000294718 
4870000 0.000155271 0.000308023 
4880000 0.000134362 0.000371855 
4890000 0.00014117 0.000284384 
4900000 0.000153805 0.000297612 
4910000 0.000120524 0.000374229 
4920000 0.000149819 0.000289484 
4930000 0.000146092 0.000284792 
4940000 0.000144272 0.000366602 
4950000 0.000150364 0.000309808 
4960000 0.000138715 0.000296991 
4970000 0.000152428 0.000360748 
4980000 0.000153042 0.000329209 
4990000 0.000137543 0.000299107 
5000000 0.000152807 0.00036104 
5010000 0.000155046 0.000313493 
5020000 0.000128226 0.000308066 
5030000 0.000155448 0.00033813 
5040000 0.000155107 0.000353497 
5050000 0.000135576 0.000305352 
5060000 0.000155256 0.000314762 
5070000 0.000149291 0.00036897 
5080000 0.000145041 0.000298352 
5090000 0.000155159 0.000305102 
5100000 0.000129148 0.000374743 
5110000 0.000152122 0.000292307 
5120000 0.000155114 0.000299233 
5130000 0.000133145 0.000370089 
5140000 0.000152331 0.000312768 
5150000 0.000150578 0.000293562 
5160000 0.000152501 0.000365635 
5170000 0.000148537 0.000301776 
5180000 0.0001327 0.000304793 
5190000 0.000154753 0.000353613 
5200000 0.000154551 0.000324681 
5210000 0.000116659 0.000298484 
5220000 0.000154496 0.000315983 
5230000 0.000150288 0.000354144 
5240000 0.000138472 0.000292097 
5250000 0.000153942 0.000286479 
5260000 0.000142301 0.000365933 
5270000 0.000150568 0.00028082 
5280000 0.000153831 0.000266587 
5290000 0.000128644 0.000370839 
5300000 0.000151808 0.000282734 
5310000 0.000142653 0.000293719 
5320000 0.000152057 0.000355231 
5330000 0.00014982 0.000319788 
5340000 0.000113177 0.000303984 
5350000 0.000153705 0.000300602 
5360000 0.000140775 0.000364973 
5370000 0.000144629 0.000290426 
5380000 0.000153655 0.000274052 
5390000 0.000127452 0.000366439 
5400000 0.000133554 0.000282382 
5410000 0.000149198 0.000296893 
5420000 0.000153227 0.00035938 
5430000 0.00012841 0.000295395 
5440000 0.000129904 0.000294584 
5450000 0.000153248 0.000337002 
5460000 0.0001346 0.000328172 
5470000 0.000106311 0.000291138 
5480000 0.000153207 0.000288079 
5490000 0.000116272 0.000355988 
5500000 0.000127064 0.000272456 
5510000 0.000153171 0.000256055 
5520000 0.000125615 0.000359628 
5530000 0.00011255 0.000234372 
5540000 0.00015043 0.000292296 
5550000 0.000152843 0.000336898 
5560000 0.000116302 0.000317294 
5570000 0.000103463 0.000289753 
5580000 0.00015281 0.000279908 
5590000 0.000107751 0.000353985 
5600000 0.000109461 0.000275021 
5610000 0.000152757 0.000252736 
5620000 0.000130329 0.000359989 
5630000 0.000129238 0.000240636 
5640000 0.000146846 0.000287711 
5650000 0.00015245 0.00033902 
5660000 0.0001205 0.000318381 
5670000 0.000105806 0.000287956 
5680000 0.000152417 0.000265577 
5690000 0.000118291 0.000352864 
5700000 0.00013433 0.000260684 
5710000 0.000152243 0.000269977 
5720000 0.000147708 0.000349005 
5730000 0.00013678 0.000294358 
5740000 0.000117011 0.000287296 
5750000 0.000152124 0.000293442 
5760000 0.000130604 0.000345245 
5770000 0.000122539 0.000270143 
5780000 0.000152087 0.000263193 
5790000 0.00012074 0.000349046 
5800000 0.000117227 0.000270579 
5810000 0.000146162 0.000279382 
5820000 0.000150876 0.000337513 
5830000 0.00012614 0.000283466 
5840000 0.000124308 0.000275511 
5850000 0.00015174 0.000313742 
5860000 0.000136772 0.000311757 
5870000 0.000112171 0.00027261 
5880000 0.000151739 0.00028104 
5890000 0.000128477 0.000331975 
5900000 0.000133426 0.000267695 
5910000 0.000151734 0.000278218 
5920000 0.000107639 0.000342165 
5930000 0.000111951 0.000278503 
5940000 0.000148782 0.000272207 
5950000 0.000151424 0.000337848 
5960000 0.000117226 0.000294446 
5970000 0.000110221 0.000281069 
5980000 0.000151361 0.000271499 
5990000 0.000102732 0.000340921 
6000000 0.000111656 0.000253327 
6010000 0.000151296 0.000258617 
6020000 0.000144595 0.000342874 
6030000 0.000113386 0.000281534 
6040000 0.000109328 0.000272577 
6050000 0.000151023 0.000276654 
6060000 0.000103789 0.000333078 
6070000 0.000115943 0.00024092 
6080000 0.000148424 0.00025909 
6090000 0.000143364 0.000333278 
6100000 0.000128481 0.000289217 
6110000 0.00010381 0.000261894 
6120000 0.000150802 0.000263244 
6130000 0.000106493 0.000330171 
6140000 0.000126414 0.000235656 
6150000 0.000139998 0.000255733 
6160000 0.000146455 0.00032386 
6170000 0.000111122 0.000291835 
6180000 9.65944e-05 0.000255498 
6190000 0.000150727 0.000227524 
6200000 0.000106086 0.000326215 
6210000 0.000115121 0.000228016 
6220000 0.000134685 0.000260021 
6230000 0.00014992 0.000301503 
6240000 0.000114162 0.000300619 
6250000 0.000107398 0.000244022 
6260000 0.000149887 0.000231415 
6270000 0.000129162 0.000326258 
6280000 0.000128877 0.000245599 
6290000 0.00012556 0.000262448 
6300000 0.000150248 0.000277857 
6310000 0.000120463 0.000318125 
6320000 0.00012813 0.000222415 
6330000 0.0001385 0.000248597 
6340000 0.000148224 0.000304174 
6350000 0.000111407 0.00030737 
6360000 0.000108836 0.000235876 
6370000 0.000148457 0.00023679 
6380000 0.000135178 0.000321508 
6390000 0.000114607 0.000270782 
6400000 0.000106151 0.000247233 
6410000 0.000150177 0.000241764 
6420000 0.000102505 0.000320833 
6430000 0.000119992 0.000232611 
6440000 0.000129221 0.000250885 
6450000 0.000148652 0.000289453 
6460000 0.000107932 0.000309524 
6470000 0.000113556 0.000225334 
6480000 0.000144824 0.000243638 
6490000 0.000143628 0.000309132 
6500000 0.000111815 0.000279093 
6510000 0.000102601 0.000239254 
6520000 0.000149638 0.000217727 
6530000 0.000125377 0.00030878 
6540000 0.000113142 0.00025397 
6550000 0.000113722 0.0002448 
6560000 0.000149941 0.000257266 
6570000 9.81979e-05 0.000305764 
6580000 0.000107242 0.00022197 
6590000 0.000142442 0.000239726 
6600000 0.000147068 0.000297253 
6610000 0.000103473 0.000282313 
6620000 9.77798e-05 0.000222508 
6630000 0.000147438 0.000229652 
6640000 0.00013503 0.00030627 
6650000 0.000105493 0.000262584 
6660000 0.000100159 0.000241016 
6670000 0.000148783 0.000226842 
6680000 0.000112706 0.000304215 
6690000 0.000111747 0.00023282 
6700000 0.000122076 0.000241255 
6710000 0.000149572 0.000260139 
6720000 0.000106091 0.0003039 
6730000 0.000120366 0.000213921 
6740000 0.000138383 0.00024341 
6750000 0.000147805 0.000286517 
6760000 0.000125755 0.00029834 
6770000 0.000134411 0.000216721 
6780000 0.000135269 0.000238455 
6790000 0.00014615 0.000280134 
6800000 0.000127187 0.000303461 
6810000 0.000143183 0.000213368 
6820000 0.000126347 0.000245902 
6830000 0.000147318 0.000269221 
6840000 0.00012458 0.00031315 
6850000 0.000148308 0.000216108 
6860000 0.000114179 0.000252595 
6870000 0.000148372 0.00023982 
6880000 0.000113447 0.000315073 
6890000 0.000148048 0.000225002 
6900000 0.000108684 0.0002555 
6910000 0.000147762 0.00022609 
6920000 0.000107958 0.000317253 
6930000 0.000147432 0.000225957 
6940000 0.000110118 0.00025441 
6950000 0.000147086 0.000226665 
6960000 0.000113817 0.000313759 
6970000 0.000146818 0.000249412 
6980000 0.000117633 0.000246345 
6990000 0.000145376 0.00020577 
7000000 0.000122338 0.000305875 
7010000 0.000143678 0.000268789 
7020000 0.000129557 0.000230991 
7030000 0.000138118 0.000218351 
7040000 0.000136813 0.000284749 
7050000 0.000132983 0.000295568 
7060000 0.000141031 0.000211804 
7070000 0.000120708 0.000234545 
7080000 0.000143026 0.000250244 
7090000 0.000111615 0.000305441 
7100000 0.000142992 0.000233654 
7110000 0.000111561 0.000237748 
7120000 0.000141487 0.000205008 
7130000 0.000127095 0.000294608 
7140000 0.000139327 0.000273883 
7150000 0.000133478 0.000220585 
7160000 0.000131441 0.000223889 
7170000 0.000139978 0.00027199 
7180000 0.000122798 0.000293392 
7190000 0.00014063 0.000216939 
7200000 0.000105347 0.000235186 
7210000 0.000140664 0.00020996 
7220000 0.000125356 0.00029567 
7230000 0.000137701 0.000272521 
7240000 0.000133418 0.000220975 
7250000 0.000130059 0.00022566 
7260000 0.000140104 0.000265965 
7270000 0.000123054 0.00029449 
7280000 0.000140741 0.000203645 
7290000 0.000106658 0.000234877 
7300000 0.00013987 0.000221925 
7310000 0.000114079 0.000289487 
7320000 0.000140143 0.00025032 
7330000 0.000123959 0.000234848 
7340000 0.000137647 0.000210892 
7350000 0.000132916 0.000290219 
7360000 0.000137781 0.000277722 
7370000 0.000134111 0.000223185 
7380000 0.000132623 0.000229999 
7390000 0.000138524 0.000281429 
7400000 0.000131291 0.000291115 
7410000 0.000137244 0.000211993 
7420000 0.000120867 0.000236784 
7430000 0.000139631 0.000251415 
7440000 0.000116609 0.000299673 
7450000 0.000138168 0.000212171 
7460000 0.000104455 0.000237076 
7470000 0.000138452 0.000212973 
7480000 0.000117344 0.000292906 
7490000 0.000137205 0.000265907 
7500000 0.000127002 0.00022539 
7510000 0.000132805 0.000218961 
7520000 0.000134738 0.000274669 
7530000 0.000124102 0.000287215 
7540000 0.000135942 0.000218756 
7550000 0.000113509 0.000229512 
7560000 0.000138019 0.000238454 
7570000 0.00010536 0.000296025 
7580000 0.000138239 0.000225414 
7590000 0.000103962 0.000238433 
7600000 0.000138566 0.000229603 
7610000 0.000108103 0.000299527 
7620000 0.0001385 0.000232946 
7630000 0.000104562 0.000245642 
7640000 0.000138357 0.000232059 
7650000 0.000120094 0.000298205 
7660000 0.000138137 0.000243791 
7670000 0.000119131 0.000239224 
7680000 0.00013805 0.000223759 
7690000 0.00012845 0.000292876 
7700000 0.000137818 0.000259835 
7710000 0.000124809 0.000236878 
7720000 0.000137575 0.000231279 
7730000 0.000132257 0.000290728 
7740000 0.000137341 0.000269495 
7750000 0.000130761 0.00023496 
7760000 0.000137149 0.000226021 
7770000 0.000135891 0.000287002 
7780000 0.000136847 0.000279912 
7790000 0.000136044 0.000229461 
7800000 0.000135389 0.000230966 
7810000 0.000135919 0.000286267 
7820000 0.000136342 0.000278621 
7830000 0.000131203 0.000227468 
7840000 0.000132481 0.00022487 
7850000 0.000133435 0.000278336 
7860000 0.000132127 0.000278175 
7870000 0.000131629 0.00021934 
7880000 0.000125476 0.000225074 
7890000 0.000134909 0.000261928 
7900000 0.00012208 0.000285332 
7910000 0.000134375 0.000220424 
7920000 0.000111432 0.000227334 
7930000 0.000134953 0.000237232 
7940000 0.000108501 0.000287894 
7950000 0.000134831 0.000223784 
7960000 0.000101531 0.000229591 
7970000 0.000134312 0.000224786 
7980000 0.000114083 0.000284077 
7990000 0.000134235 0.000248632 
8000000 0.000118042 0.000222415 
8010000 0.000130129 0.000216614 
8020000 0.000128673 0.000272372 
8030000 0.000126548 0.000275285 
8040000 0.000130311 0.000213788 
8050000 0.000115597 0.000216833 
8060000 0.000131599 0.000242473 
8070000 0.000102847 0.000281601 
8080000 0.000131181 0.000219768 
8090000 0.000104506 0.000219937 
8100000 0.000130428 0.000208971 
8110000 0.000117539 0.000277366 
8120000 0.000126607 0.000258011 
8130000 0.000120628 0.000211359 
8140000 0.000121793 0.000208914 
8150000 0.000129105 0.00024955 
8160000 0.000106259 0.000274289 
8170000 0.000126069 0.000212851 
8180000 0.000102772 0.000216592 
8190000 0.000129316 0.000196528 
8200000 0.000123073 0.000274517 
8210000 0.000128377 0.000265434 
8220000 0.000126584 0.00020673 
8230000 0.000122665 0.0002179 
8240000 0.000132104 0.000244475 
8250000 0.000103393 0.000279051 
8260000 0.00012447 0.000208714 
8270000 9.93508e-05 0.000220301 
8280000 0.000132119 0.000188992 
8290000 0.000118873 0.000278174 
8300000 0.000121805 0.000251871 
8310000 0.00011116 0.000212626 
8320000 0.000127134 0.000207406 
8330000 0.000130276 0.000259489 
8340000 0.000105739 0.000269273 
8350000 0.000106126 0.000192533 
8360000 0.000114572 0.000220075 
8370000 0.000132603 0.000232756 
8380000 9.45462e-05 0.000274243 
8390000 0.000116184 0.000213093 
8400000 9.37633e-05 0.000216683 
8410000 0.000131894 0.000197615 
8420000 0.000117702 0.000273553 
8430000 0.000113116 0.000244717 
8440000 0.000104195 0.000208633 
8450000 0.000129974 0.000210696 
8460000 0.000128624 0.000267247 
8470000 0.00011558 0.000261968 
8480000 0.000115865 0.000198919 
8490000 0.000118506 0.000215547 
8500000 0.000131712 0.000233397 
8510000 0.000105455 0.000276073 
8520000 0.000129708 0.000210983 
8530000 0.000101336 0.000221203 
8540000 0.000131802 0.000213123 
8550000 0.0001157 0.000275318 
8560000 0.000130841 0.000244489 
8570000 0.000118476 0.000221445 
8580000 0.000131114 0.000210528 
8590000 0.000129874 0.000263704 
8600000 0.000129005 0.000260611 
8610000 0.000126671 0.000225343 
8620000 0.000127695 0.000222463 
8630000 0.00013029 0.000255783 
8640000 0.000123321 0.000264443 
8650000 0.000126977 0.000223166 
8660000 0.000117863 0.000214023 
8670000 0.000131907 0.00023993 
8680000 0.000113176 0.000267539 
8690000 0.000127536 0.000225993 
8700000 0.000109112 0.000218677 
8710000 0.000131852 0.000221176 
8720000 0.000100801 0.000267968 
8730000 0.000130247 0.000232285 
8740000 9.95456e-05 0.000214685 
8750000 0.000131761 0.000230477 
8760000 0.000101643 0.000263436 
8770000 0.000119314 0.000233741 
8780000 9.73003e-05 0.000214642 
8790000 0.000131594 0.000233169 
8800000 0.000111343 0.000261582 
8810000 0.000116194 0.000239686 
8820000 9.95906e-05 0.00021361 
8830000 0.00013172 0.000227812 
8840000 0.000112647 0.000265186 
8850000 0.000120972 0.000230755 
8860000 9.75398e-05 0.000214533 
8870000 0.000131626 0.000223654 
8880000 0.000113056 0.00026818 
8890000 0.000111586 0.000225005 
8900000 9.55824e-05 0.000216648 
8910000 0.000131503 0.000213261 
8920000 0.000123112 0.00026938 
8930000 0.00011583 0.000238215 
8940000 0.000104747 0.000211886 
8950000 0.000130874 0.000203329 
8960000 0.000128632 0.000265294 
8970000 0.000106918 0.000252392 
8980000 0.000104047 0.000210048 
8990000 0.000121761 0.000212684 
9000000 0.000130924 0.000239233 
9010000 0.000107169 0.000258221 
9020000 0.000117791 0.000216472 
9030000 0.000109908 0.000213475 
9040000 0.000130717 0.000220007 
9050000 0.000102703 0.000264971 
9060000 0.000117196 0.000222246 
9070000 0.000101381 0.000206779 
9080000 0.000127839 0.000200151 
9090000 0.000125543 0.00025479 
9100000 0.000105989 0.000251708 
9110000 0.000115777 0.000199402 
9120000 0.000109389 0.000208454 
9130000 0.000130291 0.000207871 
9140000 0.000107853 0.000261039 
9150000 0.000115457 0.000224458 
9160000 0.000103123 0.000202728 
9170000 0.000127941 0.000202092 
9180000 0.000127366 0.000255581 
9190000 0.000105925 0.000252667 
9200000 0.000111374 0.000200081 
9210000 0.000114432 0.000209922 
9220000 0.000130444 0.000227948 
9230000 8.60267e-05 0.000258902 
9240000 0.000103271 0.00021265 
9250000 9.96939e-05 0.000208154 
9260000 0.000130203 0.000210197 
9270000 0.000107915 0.000258446 
9280000 0.000108746 0.000222006 
9290000 9.72717e-05 0.000198399 
9300000 0.000127009 0.000205805 
9310000 0.000123893 0.000248547 
9320000 9.08905e-05 0.000240417 
9330000 9.13319e-05 0.000210311 
9340000 0.000114508 0.000204143 
9350000 0.000129899 0.000220198 
9360000 9.18194e-05 0.000250449 
9370000 9.91945e-05 0.000219861 
9380000 9.40949e-05 0.000201766 
9390000 0.000128462 0.000216824 
9400000 0.00011807 0.000248211 
9410000 8.7985e-05 0.000230075 
9420000 8.57826e-05 0.000218735 
9430000 0.000122586 0.00021327 
9440000 0.00012728 0.000237961 
9450000 8.55474e-05 0.000238346 
9460000 9.3395e-05 0.000223162 
9470000 0.000111734 0.000214881 
9480000 0.000129301 0.000227291 
9490000 8.98062e-05 0.000237404 
9500000 9.46382e-05 0.000231295 
9510000 0.000103781 0.000216055 
9520000 0.000129723 0.000225161 
9530000 9.88638e-05 0.000248221 
9540000 9.75774e-05 0.000225247 
9550000 8.83857e-05 0.000216058 
9560000 0.000128711 0.000222648 
9570000 0.00010923 0.000244344 
9580000 9.1237e-05 0.000229904 
9590000 8.10607e-05 0.000218025 
9600000 0.000128691 0.000221795 
9610000 0.000118837 0.000244394 
9620000 9.45995e-05 0.000225608 
9630000 8.89292e-05 0.000220634 
9640000 0.000126517 0.000220008 
9650000 0.000123373 0.000237311 
9660000 9.77167e-05 0.000231243 
9670000 0.000103939 0.000219547 
9680000 0.000113627 0.000213548 
9690000 0.000125701 0.000222565 
9700000 9.24135e-05 0.000238996 
9710000 0.000106272 0.000221269 
9720000 9.8733e-05 0.000215315 
9730000 0.000121322 0.00021849 
9740000 0.000124529 0.000225962 
9750000 9.82705e-05 0.000242341 
9760000 0.000116036 0.0002136 
9770000 9.18283e-05 0.00019967 
9780000 0.000127855 0.000210838 
9790000 0.000116319 0.0002467 
9800000 0.000101774 0.000225441 
9810000 0.000101793 0.000208613 
9820000 0.000116074 0.000200227 
9830000 0.00012777 0.000216013 
9840000 9.65513e-05 0.000243309 
9850000 0.000109 0.000216644 
9860000 9.22963e-05 0.000205315 
9870000 0.000127498 0.000220111 
9880000 0.000115676 0.00024827 
9890000 0.000100699 0.000220407 
9900000 9.80788e-05 0.000202548 
9910000 0.000123233 0.000195288 
9920000 0.000127067 0.000233444 
9930000 9.67704e-05 0.000243197 
9940000 0.000106407 0.000198604 
9950000 9.83684e-05 0.000199079 
9960000 0.000128024 0.000201185 
9970000 0.000119007 0.000247038 
9980000 0.000110888 0.000234028 
9990000 0.000110617 0.000200197 
10000000 0.000109856 0.000196404 
11000000 0.000100478 0.000233413 
12000000 8.56247e-05 0.000195389 
13000000 0.000105059 0.000188531 
14000000 8.52632e-05 0.000216828 
15000000 0.000110304 0.000169717 
16000000 9.95508e-05 0.000160289 
17000000 0.000103254 0.00016079 
18000000 9.45464e-05 0.00014567 
19000000 8.80708e-05 0.000188579 
20000000 8.29441e-05 0.000145318 
21000000 8.99758e-05 0.000179092 
22000000 8.92935e-05 0.000159142 
23000000 7.79589e-05 0.000136036 
24000000 7.99398e-05 0.000122206 
25000000 7.31817e-05 0.000134224 
26000000 6.40541e-05 0.00014261 
27000000 7.10532e-05 0.000117925 
28000000 6.78085e-05 0.000138035 
29000000 5.78993e-05 0.000115732 
30000000 5.32759e-05 0.000105573 
31000000 6.87855e-05 0.000118612 
32000000 6.28559e-05 0.000120739 
33000000 5.37279e-05 0.000122213 
34000000 5.13027e-05 0.000113948 
35000000 5.79465e-05 0.000115429 
36000000 5.80174e-05 0.000114607 
37000000 6.01399e-05 0.000111715 
38000000 5.46659e-05 0.000102356 
39000000 5.90986e-05 0.000109094 
40000000 5.7444e-05 9.68989e-05 
41000000 4.85595e-05 9.97152e-05 
42000000 5.55736e-05 0.000109157 
43000000 5.27231e-05 0.000118427 
44000000 5.34028e-05 0.000106337 
45000000 5.23686e-05 0.000102894 
46000000 5.13645e-05 9.99783e-05 
47000000 5.04051e-05 0.000111245 
48000000 3.56175e-05 8.55021e-05 
49000000 4.68042e-05 0.000100212 
50000000 4.76862e-05 0.000106956 
51000000 4.70972e-05 0.000105344 
52000000 4.25034e-05 9.43301e-05 
53000000 4.5477e-05 0.000101576 
54000000 4.47119e-05 0.000100806 
55000000 4.37686e-05 9.93475e-05 
56000000 4.25684e-05 9.47609e-05 
57000000 4.07693e-05 9.08996e-05 
58000000 4.16283e-05 9.52288e-05 
59000000 4.13922e-05 9.18073e-05 
60000000 4.12333e-05 9.27427e-05 
61000000 4.08754e-05 9.15874e-05 
62000000 4.05827e-05 8.69411e-05 
63000000 4.00315e-05 7.73115e-05 
64000000 4.00559e-05 8.35476e-05 
65000000 3.93989e-05 8.13738e-05 
66000000 3.87171e-05 8.23234e-05 
67000000 3.82822e-05 8.09162e-05 
68000000 3.8039e-05 8.24609e-05 
69000000 3.75754e-05 8.321e-05 
70000000 3.71242e-05 8.19983e-05 
71000000 3.66934e-05 7.22846e-05 
72000000 3.62728e-05 8.0245e-05 
73000000 3.58771e-05 6.69843e-05 
74000000 3.54818e-05 7.47803e-05 
75000000 2.9186e-05 8.01313e-05 
76000000 2.79223e-05 6.66456e-05 
77000000 3.43721e-05 7.70484e-05 
78000000 3.40113e-05 6.13633e-05 
79000000 3.36597e-05 6.36657e-05 
80000000 3.33247e-05 6.35068e-05 
81000000 3.29902e-05 7.30474e-05 
82000000 3.26715e-05 6.34707e-05 
83000000 3.23604e-05 7.52262e-05 
84000000 3.20715e-05 7.47205e-05 
