2560
2559 : 5 0 0 0 0 1 384
2558 : 5 0 0 0 0 1 320
2556 : 5 0 0 0 0 1 288
2555 : 5 0 0 0 0 1 160
2553 : 5 0 0 0 0 1 96
2550 : 5 0 0 0 0 1 464
2549 : 5 0 0 0 0 1 80
2546 : 5 0 0 0 0 1 240
2545 : 5 0 0 0 0 1 48
2544 : 5 0 0 0 0 1 264
2543 : 5 0 0 0 0 1 136
2542 : 5 0 0 0 0 1 456
2539 : 5 0 0 0 0 1 360
2537 : 5 0 0 0 0 1 40
2530 : 5 0 0 0 0 1 120
2528 : 5 0 0 0 0 1 260
2527 : 5 0 0 0 0 1 132
2525 : 5 0 0 0 0 1 68
2524 : 5 0 0 0 0 1 420
2522 : 5 0 0 0 0 1 228
2521 : 5 0 0 0 0 1 36
2520 : 5 0 0 0 0 1 404
2517 : 5 0 0 0 0 1 308
2515 : 5 0 0 0 0 1 500
2514 : 5 0 0 0 0 1 116
2513 : 5 0 0 0 0 1 20
2512 : 5 0 0 0 0 1 396
2511 : 5 0 0 0 0 1 332
2510 : 5 0 0 0 0 1 204
2509 : 5 0 0 0 0 1 300
2506 : 5 0 0 0 0 1 108
2505 : 5 0 0 0 0 1 284
2504 : 5 0 0 0 0 1 156
2499 : 5 0 0 0 0 1 252
2493 : 5 0 0 0 0 1 66
2491 : 5 0 0 0 0 1 354
2488 : 5 0 0 0 0 1 402
2484 : 5 0 0 0 0 1 178
2483 : 5 0 0 0 0 1 498
2481 : 5 0 0 0 0 1 18
2480 : 5 0 0 0 0 1 394
2479 : 5 0 0 0 0 1 330
2478 : 5 0 0 0 0 1 202
2475 : 5 0 0 0 0 1 490
2473 : 5 0 0 0 0 1 282
2472 : 5 0 0 0 0 1 154
2471 : 5 0 0 0 0 1 474
2470 : 5 0 0 0 0 1 90
2468 : 5 0 0 0 0 1 378
2466 : 5 0 0 0 0 1 58
2465 : 5 0 0 0 0 1 10
2463 : 5 0 0 0 0 1 326
2462 : 5 0 0 0 0 1 198
2461 : 5 0 0 0 0 1 294
2460 : 5 0 0 0 0 1 166
2458 : 5 0 0 0 0 1 102
2452 : 5 0 0 0 0 1 374
2449 : 5 0 0 0 0 1 270
2447 : 5 0 0 0 0 1 462
2446 : 5 0 0 0 0 1 78
2445 : 5 0 0 0 0 1 430
2443 : 5 0 0 0 0 1 238
2442 : 5 0 0 0 0 1 46
2441 : 5 0 0 0 0 1 414
2440 : 5 0 0 0 0 1 350
2437 : 5 0 0 0 0 1 190
2436 : 5 0 0 0 0 1 510
2433 : 5 0 0 0 0 1 6
2426 : 5 0 0 0 0 1 225
2425 : 5 0 0 0 0 1 33
2424 : 5 0 0 0 0 1 401
2422 : 5 0 0 0 0 1 209
2421 : 5 0 0 0 0 1 305
2418 : 5 0 0 0 0 1 113
2412 : 5 0 0 0 0 1 169
2408 : 5 0 0 0 0 1 153
2487 : 5 0 0 0 0 1 338
2404 : 5 0 0 0 0 1 377
2402 : 5 0 0 0 0 1 57
2399 : 5 0 0 0 0 1 325
2398 : 5 0 0 0 0 1 197
2397 : 5 0 0 0 0 1 293
2396 : 5 0 0 0 0 1 165
2395 : 5 0 0 0 0 1 485
2390 : 5 0 0 0 0 1 85
2386 : 5 0 0 0 0 1 53
2384 : 5 0 0 0 0 1 141
2383 : 5 0 0 0 0 1 461
2382 : 5 0 0 0 0 1 77
2381 : 5 0 0 0 0 1 429
2380 : 5 0 0 0 0 1 365
2379 : 5 0 0 0 0 1 237
2378 : 5 0 0 0 0 1 45
2377 : 5 0 0 0 0 1 413
2375 : 5 0 0 0 0 1 221
2374 : 5 0 0 0 0 1 317
2373 : 5 0 0 0 0 1 189
2372 : 5 0 0 0 0 1 509
2371 : 5 0 0 0 0 1 125
2370 : 5 0 0 0 0 1 29
2368 : 5 0 0 0 0 1 387
2366 : 5 0 0 0 0 1 195
2363 : 5 0 0 0 0 1 483
2362 : 5 0 0 0 0 1 99
2357 : 5 0 0 0 0 1 435
2356 : 5 0 0 0 0 1 371
2354 : 5 0 0 0 0 1 51
2353 : 5 0 0 0 0 1 267
2351 : 5 0 0 0 0 1 459
2350 : 5 0 0 0 0 1 75
2348 : 5 0 0 0 0 1 363
2501 : 5 0 0 0 0 1 444
2345 : 5 0 0 0 0 1 411
2344 : 5 0 0 0 0 1 347
2341 : 5 0 0 0 0 1 187
2338 : 5 0 0 0 0 1 27
2336 : 5 0 0 0 0 1 135
2335 : 5 0 0 0 0 1 455
2333 : 5 0 0 0 0 1 423
2332 : 5 0 0 0 0 1 359
2331 : 5 0 0 0 0 1 231
2329 : 5 0 0 0 0 1 407
2327 : 5 0 0 0 0 1 215
2326 : 5 0 0 0 0 1 311
2321 : 5 0 0 0 0 1 399
2320 : 5 0 0 0 0 1 335
2317 : 5 0 0 0 0 1 175
2319 : 5 0 0 0 0 1 207
2313 : 5 0 0 0 0 1 159
2312 : 5 0 0 0 0 1 479
2309 : 5 0 0 0 0 1 383
2308 : 5 0 0 0 0 1 255
2307 : 5 0 0 0 0 1 63
2485 : 5 0 0 0 0 1 306
2306 : 5 0 0 0 0 1 15
2305 : 5 0 0 0 0 1 3
2304 : 5 0 0 0 0 1 0
2303 : 5 0 0 0 1 0 384
2300 : 5 0 0 0 1 0 288
2299 : 5 0 0 0 1 0 160
2464 : 5 0 0 0 0 1 390
2298 : 5 0 0 0 1 0 480
2292 : 5 0 0 0 1 0 432
2290 : 5 0 0 0 1 0 240
2289 : 5 0 0 0 1 0 48
2364 : 5 0 0 0 0 1 163
2284 : 5 0 0 0 1 0 424
2283 : 5 0 0 0 1 0 360
2280 : 5 0 0 0 1 0 408
2277 : 5 0 0 0 1 0 312
2276 : 5 0 0 0 1 0 184
2274 : 5 0 0 0 1 0 120
2272 : 5 0 0 0 1 0 260
2267 : 5 0 0 0 1 0 356
2265 : 5 0 0 0 1 0 36
2264 : 5 0 0 0 1 0 404
2261 : 5 0 0 0 1 0 308
2260 : 5 0 0 0 1 0 180
2259 : 5 0 0 0 1 0 500
2257 : 5 0 0 0 1 0 20
2254 : 5 0 0 0 1 0 204
2253 : 5 0 0 0 1 0 300
2252 : 5 0 0 0 1 0 172
2248 : 5 0 0 0 1 0 156
2454 : 5 0 0 0 0 1 86
2245 : 5 0 0 0 1 0 444
2244 : 5 0 0 0 1 0 380
2242 : 5 0 0 0 1 0 60
2236 : 5 0 0 0 1 0 418
2234 : 5 0 0 0 1 0 226
2233 : 5 0 0 0 1 0 34
2232 : 5 0 0 0 1 0 402
2431 : 5 0 0 0 0 1 129
2294 : 5 0 0 0 1 0 464
2230 : 5 0 0 0 1 0 210
2223 : 5 0 0 0 1 0 330
2222 : 5 0 0 0 1 0 202
2219 : 5 0 0 0 1 0 490
2214 : 5 0 0 0 1 0 90
2209 : 5 0 0 0 1 0 10
2347 : 5 0 0 0 0 1 235
2208 : 5 0 0 0 1 0 390
2206 : 5 0 0 0 1 0 198
2241 : 5 0 0 0 1 0 12
2204 : 5 0 0 0 1 0 166
2203 : 5 0 0 0 1 0 486
2202 : 5 0 0 0 1 0 102
2200 : 5 0 0 0 1 0 150
2199 : 5 0 0 0 1 0 470
2196 : 5 0 0 0 1 0 374
2193 : 5 0 0 0 1 0 270
2410 : 5 0 0 0 0 1 105
2190 : 5 0 0 0 1 0 78
2189 : 5 0 0 0 1 0 430
2186 : 5 0 0 0 1 0 46
2184 : 5 0 0 0 1 0 350
2459 : 5 0 0 0 0 1 486
2182 : 5 0 0 0 1 0 318
2181 : 5 0 0 0 1 0 190
2180 : 5 0 0 0 1 0 510
2179 : 5 0 0 0 1 0 126
2174 : 5 0 0 0 1 0 449
2173 : 5 0 0 0 1 0 65
2334 : 5 0 0 0 0 1 71
2170 : 5 0 0 0 1 0 225
2169 : 5 0 0 0 1 0 33
2168 : 5 0 0 0 1 0 401
2167 : 5 0 0 0 1 0 337
2166 : 5 0 0 0 1 0 209
2165 : 5 0 0 0 1 0 305
2163 : 5 0 0 0 1 0 497
2162 : 5 0 0 0 1 0 113
2161 : 5 0 0 0 1 0 17
2160 : 5 0 0 0 1 0 393
2156 : 5 0 0 0 1 0 169
2151 : 5 0 0 0 1 0 473
2145 : 5 0 0 0 1 0 9
2139 : 5 0 0 0 1 0 485
2138 : 5 0 0 0 1 0 101
2137 : 5 0 0 0 1 0 277
2136 : 5 0 0 0 1 0 149
2135 : 5 0 0 0 1 0 469
2133 : 5 0 0 0 1 0 437
2130 : 5 0 0 0 1 0 53
2128 : 5 0 0 0 1 0 141
2126 : 5 0 0 0 1 0 77
2124 : 5 0 0 0 1 0 365
2123 : 5 0 0 0 1 0 237
2120 : 5 0 0 0 1 0 349
2118 : 5 0 0 0 1 0 317
2111 : 5 0 0 0 1 0 323
2105 : 5 0 0 0 1 0 275
2250 : 5 0 0 0 1 0 108
2102 : 5 0 0 0 1 0 83
2100 : 5 0 0 0 1 0 371
2099 : 5 0 0 0 1 0 243
2098 : 5 0 0 0 1 0 51
2096 : 5 0 0 0 1 0 139
2094 : 5 0 0 0 1 0 75
2089 : 5 0 0 0 1 0 411
2087 : 5 0 0 0 1 0 219
2490 : 5 0 0 0 0 1 226
2086 : 5 0 0 0 1 0 315
2085 : 5 0 0 0 1 0 187
2083 : 5 0 0 0 1 0 123
2082 : 5 0 0 0 1 0 27
2081 : 5 0 0 0 1 0 263
2079 : 5 0 0 0 1 0 455
2078 : 5 0 0 0 1 0 71
2077 : 5 0 0 0 1 0 423
2076 : 5 0 0 0 1 0 359
2075 : 5 0 0 0 1 0 231
2074 : 5 0 0 0 1 0 39
2071 : 5 0 0 0 1 0 215
2070 : 5 0 0 0 1 0 311
2069 : 5 0 0 0 1 0 183
2068 : 5 0 0 0 1 0 503
2064 : 5 0 0 0 1 0 335
2063 : 5 0 0 0 1 0 207
2388 : 5 0 0 0 0 1 373
2062 : 5 0 0 0 1 0 303
2060 : 5 0 0 0 1 0 495
2278 : 5 0 0 0 1 0 216
2058 : 5 0 0 0 1 0 287
2057 : 5 0 0 0 1 0 159
2056 : 5 0 0 0 1 0 479
2217 : 5 0 0 0 1 0 282
2055 : 5 0 0 0 1 0 95
2054 : 5 0 0 0 1 0 447
2053 : 5 0 0 0 1 0 383
2526 : 5 0 0 0 0 1 452
2050 : 5 0 0 0 1 0 15
2046 : 5 0 0 1 0 0 320
2044 : 5 0 0 1 0 0 288
2042 : 5 0 0 1 0 0 480
2041 : 5 0 0 1 0 0 96
2040 : 5 0 0 1 0 0 272
2039 : 5 0 0 1 0 0 144
2037 : 5 0 0 1 0 0 80
2036 : 5 0 0 1 0 0 432
2035 : 5 0 0 1 0 0 368
2033 : 5 0 0 1 0 0 48
2031 : 5 0 0 1 0 0 136
2030 : 5 0 0 1 0 0 456
2025 : 5 0 0 1 0 0 40
2022 : 5 0 0 1 0 0 216
2021 : 5 0 0 1 0 0 312
2020 : 5 0 0 1 0 0 184
2019 : 5 0 0 1 0 0 504
2015 : 5 0 0 1 0 0 132
2013 : 5 0 0 1 0 0 68
2011 : 5 0 0 1 0 0 356
2024 : 5 0 0 1 0 0 408
2010 : 5 0 0 1 0 0 228
2009 : 5 0 0 1 0 0 36
2008 : 5 0 0 1 0 0 404
2005 : 5 0 0 1 0 0 308
2004 : 5 0 0 1 0 0 180
2003 : 5 0 0 1 0 0 500
2002 : 5 0 0 1 0 0 116
2043 : 5 0 0 1 0 0 160
2001 : 5 0 0 1 0 0 20
1999 : 5 0 0 1 0 0 332
2129 : 5 0 0 0 1 0 269
1995 : 5 0 0 1 0 0 492
1994 : 5 0 0 1 0 0 108
1992 : 5 0 0 1 0 0 156
1991 : 5 0 0 1 0 0 476
1988 : 5 0 0 1 0 0 380
1985 : 5 0 0 1 0 0 12
1983 : 5 0 0 1 0 0 130
1980 : 5 0 0 1 0 0 418
1979 : 5 0 0 1 0 0 354
1978 : 5 0 0 1 0 0 226
2213 : 5 0 0 0 1 0 442
1977 : 5 0 0 1 0 0 34
1976 : 5 0 0 1 0 0 402
1974 : 5 0 0 1 0 0 210
1971 : 5 0 0 1 0 0 498
1966 : 5 0 0 1 0 0 202
1962 : 5 0 0 1 0 0 106
1961 : 5 0 0 1 0 0 282
2112 : 5 0 0 0 1 0 387
1960 : 5 0 0 1 0 0 154
1959 : 5 0 0 1 0 0 474
1958 : 5 0 0 1 0 0 90
1957 : 5 0 0 1 0 0 442
1955 : 5 0 0 1 0 0 250
1954 : 5 0 0 1 0 0 58
1951 : 5 0 0 1 0 0 326
1950 : 5 0 0 1 0 0 198
1948 : 5 0 0 1 0 0 166
1946 : 5 0 0 1 0 0 102
1945 : 5 0 0 1 0 0 278
1942 : 5 0 0 1 0 0 86
1940 : 5 0 0 1 0 0 374
2516 : 5 0 0 0 0 1 180
1939 : 5 0 0 1 0 0 246
1938 : 5 0 0 1 0 0 54
1937 : 5 0 0 1 0 0 270
1936 : 5 0 0 1 0 0 142
1935 : 5 0 0 1 0 0 462
1933 : 5 0 0 1 0 0 430
1932 : 5 0 0 1 0 0 366
1931 : 5 0 0 1 0 0 238
1930 : 5 0 0 1 0 0 46
1929 : 5 0 0 1 0 0 414
1928 : 5 0 0 1 0 0 350
1927 : 5 0 0 1 0 0 222
1925 : 5 0 0 1 0 0 190
1923 : 5 0 0 1 0 0 126
1922 : 5 0 0 1 0 0 30
2429 : 5 0 0 0 0 1 65
1921 : 5 0 0 1 0 0 6
1919 : 5 0 0 1 0 0 129
2153 : 5 0 0 0 1 0 281
1917 : 5 0 0 1 0 0 65
1915 : 5 0 0 1 0 0 353
1914 : 5 0 0 1 0 0 225
1913 : 5 0 0 1 0 0 33
1912 : 5 0 0 1 0 0 401
2448 : 5 0 0 0 0 1 142
1909 : 5 0 0 1 0 0 305
1908 : 5 0 0 1 0 0 177
1906 : 5 0 0 1 0 0 113
1905 : 5 0 0 1 0 0 17
1904 : 5 0 0 1 0 0 393
1901 : 5 0 0 1 0 0 297
1897 : 5 0 0 1 0 0 281
1895 : 5 0 0 1 0 0 473
1894 : 5 0 0 1 0 0 89
2414 : 5 0 0 0 0 1 201
1893 : 5 0 0 1 0 0 441
1892 : 5 0 0 1 0 0 377
1891 : 5 0 0 1 0 0 249
1890 : 5 0 0 1 0 0 57
1884 : 5 0 0 1 0 0 165
1883 : 5 0 0 1 0 0 485
1879 : 5 0 0 1 0 0 469
1878 : 5 0 0 1 0 0 85
1876 : 5 0 0 1 0 0 373
1872 : 5 0 0 1 0 0 141
1871 : 5 0 0 1 0 0 461
1869 : 5 0 0 1 0 0 429
1867 : 5 0 0 1 0 0 237
1881 : 5 0 0 1 0 0 277
1866 : 5 0 0 1 0 0 45
1863 : 5 0 0 1 0 0 221
1862 : 5 0 0 1 0 0 317
1859 : 5 0 0 1 0 0 125
1857 : 5 0 0 1 0 0 5
1855 : 5 0 0 1 0 0 323
1854 : 5 0 0 1 0 0 195
1852 : 5 0 0 1 0 0 163
1851 : 5 0 0 1 0 0 483
1850 : 5 0 0 1 0 0 99
1849 : 5 0 0 1 0 0 275
1848 : 5 0 0 1 0 0 147
1847 : 5 0 0 1 0 0 467
1846 : 5 0 0 1 0 0 83
1845 : 5 0 0 1 0 0 435
1844 : 5 0 0 1 0 0 371
1841 : 5 0 0 1 0 0 267
1840 : 5 0 0 1 0 0 139
2322 : 5 0 0 0 0 1 23
1838 : 5 0 0 1 0 0 75
1837 : 5 0 0 1 0 0 427
1834 : 5 0 0 1 0 0 43
1833 : 5 0 0 1 0 0 411
1832 : 5 0 0 1 0 0 347
2427 : 5 0 0 0 0 1 353
1828 : 5 0 0 1 0 0 507
1827 : 5 0 0 1 0 0 123
1831 : 5 0 0 1 0 0 219
1826 : 5 0 0 1 0 0 27
1825 : 5 0 0 1 0 0 263
1824 : 5 0 0 1 0 0 135
1823 : 5 0 0 1 0 0 455
1821 : 5 0 0 1 0 0 423
1819 : 5 0 0 1 0 0 231
1818 : 5 0 0 1 0 0 39
1817 : 5 0 0 1 0 0 407
1816 : 5 0 0 1 0 0 343
1815 : 5 0 0 1 0 0 215
1814 : 5 0 0 1 0 0 311
1813 : 5 0 0 1 0 0 183
1806 : 5 0 0 1 0 0 303
1805 : 5 0 0 1 0 0 175
1804 : 5 0 0 1 0 0 495
1802 : 5 0 0 1 0 0 287
1801 : 5 0 0 1 0 0 159
2012 : 5 0 0 1 0 0 420
1799 : 5 0 0 1 0 0 95
1795 : 5 0 0 1 0 0 63
2221 : 5 0 0 0 1 0 298
1793 : 5 0 0 1 0 0 3
1792 : 5 0 0 1 0 0 0
1786 : 5 0 1 0 0 0 480
1785 : 5 0 1 0 0 0 96
2262 : 5 0 0 0 1 0 212
1784 : 5 0 1 0 0 0 272
1783 : 5 0 1 0 0 0 144
2238 : 5 0 0 0 1 0 450
1782 : 5 0 1 0 0 0 464
2416 : 5 0 0 0 0 1 393
1902 : 5 0 0 1 0 0 201
1777 : 5 0 1 0 0 0 48
1773 : 5 0 1 0 0 0 72
1984 : 5 0 0 1 0 0 258
1772 : 5 0 1 0 0 0 424
2235 : 5 0 0 0 1 0 354
1771 : 5 0 1 0 0 0 360
1770 : 5 0 1 0 0 0 232
1768 : 5 0 1 0 0 0 408
1767 : 5 0 1 0 0 0 344
1764 : 5 0 1 0 0 0 184
2095 : 5 0 0 0 1 0 459
1763 : 5 0 1 0 0 0 504
1760 : 5 0 1 0 0 0 260
1758 : 5 0 1 0 0 0 452
1896 : 5 0 0 1 0 0 153
1757 : 5 0 1 0 0 0 68
1756 : 5 0 1 0 0 0 420
1755 : 5 0 1 0 0 0 356
2430 : 5 0 0 0 0 1 449
1754 : 5 0 1 0 0 0 228
1753 : 5 0 1 0 0 0 36
1749 : 5 0 1 0 0 0 308
1748 : 5 0 1 0 0 0 180
1746 : 5 0 1 0 0 0 116
1745 : 5 0 1 0 0 0 20
1742 : 5 0 1 0 0 0 204
1741 : 5 0 1 0 0 0 300
1740 : 5 0 1 0 0 0 172
1737 : 5 0 1 0 0 0 284
1736 : 5 0 1 0 0 0 156
2224 : 5 0 0 0 1 0 394
1735 : 5 0 1 0 0 0 476
2282 : 5 0 0 0 1 0 232
1733 : 5 0 1 0 0 0 444
1731 : 5 0 1 0 0 0 252
1730 : 5 0 1 0 0 0 60
2453 : 5 0 0 0 0 1 438
1729 : 5 0 1 0 0 0 12
2548 : 5 0 0 0 0 1 432
1728 : 5 0 1 0 0 0 258
1727 : 5 0 1 0 0 0 130
2251 : 5 0 0 0 1 0 492
1726 : 5 0 1 0 0 0 450
2413 : 5 0 0 0 0 1 297
1724 : 5 0 1 0 0 0 418
1723 : 5 0 1 0 0 0 354
1722 : 5 0 1 0 0 0 226
1719 : 5 0 1 0 0 0 338
1717 : 5 0 1 0 0 0 306
1716 : 5 0 1 0 0 0 178
2536 : 5 0 0 0 0 1 408
1714 : 5 0 1 0 0 0 114
1779 : 5 0 1 0 0 0 368
1713 : 5 0 1 0 0 0 18
2352 : 5 0 0 0 0 1 139
1711 : 5 0 1 0 0 0 330
2297 : 5 0 0 0 1 0 96
2188 : 5 0 0 0 1 0 366
1708 : 5 0 1 0 0 0 170
1707 : 5 0 1 0 0 0 490
1705 : 5 0 1 0 0 0 282
1703 : 5 0 1 0 0 0 474
2301 : 5 0 0 0 1 0 192
1885 : 5 0 0 1 0 0 293
1702 : 5 0 1 0 0 0 90
1701 : 5 0 1 0 0 0 442
1699 : 5 0 1 0 0 0 250
1698 : 5 0 1 0 0 0 58
1697 : 5 0 1 0 0 0 10
1696 : 5 0 1 0 0 0 390
1695 : 5 0 1 0 0 0 326
1692 : 5 0 1 0 0 0 166
1691 : 5 0 1 0 0 0 486
1690 : 5 0 1 0 0 0 102
1688 : 5 0 1 0 0 0 150
1687 : 5 0 1 0 0 0 470
1686 : 5 0 1 0 0 0 86
1685 : 5 0 1 0 0 0 438
2502 : 5 0 0 0 0 1 92
1682 : 5 0 1 0 0 0 54
1681 : 5 0 1 0 0 0 270
1680 : 5 0 1 0 0 0 142
1679 : 5 0 1 0 0 0 462
1678 : 5 0 1 0 0 0 78
1677 : 5 0 1 0 0 0 430
1675 : 5 0 1 0 0 0 238
1672 : 5 0 1 0 0 0 350
1671 : 5 0 1 0 0 0 222
1684 : 5 0 1 0 0 0 374
1670 : 5 0 1 0 0 0 318
1669 : 5 0 1 0 0 0 190
2007 : 5 0 0 1 0 0 340
1941 : 5 0 0 1 0 0 438
1666 : 5 0 1 0 0 0 30
1665 : 5 0 1 0 0 0 6
1660 : 5 0 1 0 0 0 417
2104 : 5 0 0 0 1 0 147
2023 : 5 0 0 1 0 0 344
1907 : 5 0 0 1 0 0 497
1656 : 5 0 1 0 0 0 401
2000 : 5 0 0 1 0 0 396
1654 : 5 0 1 0 0 0 209
1653 : 5 0 1 0 0 0 305
2286 : 5 0 0 0 1 0 456
1652 : 5 0 1 0 0 0 177
1911 : 5 0 0 1 0 0 337
1649 : 5 0 1 0 0 0 17
2529 : 5 0 0 0 0 1 24
2106 : 5 0 0 0 1 0 99
1646 : 5 0 1 0 0 0 201
1916 : 5 0 0 1 0 0 417
1643 : 5 0 1 0 0 0 489
1642 : 5 0 1 0 0 0 105
1641 : 5 0 1 0 0 0 281
2220 : 5 0 0 0 1 0 170
1640 : 5 0 1 0 0 0 153
1639 : 5 0 1 0 0 0 473
2195 : 5 0 0 0 1 0 246
1638 : 5 0 1 0 0 0 89
1637 : 5 0 1 0 0 0 441
1636 : 5 0 1 0 0 0 377
2346 : 5 0 0 0 0 1 43
1632 : 5 0 1 0 0 0 389
1630 : 5 0 1 0 0 0 197
1628 : 5 0 1 0 0 0 165
1674 : 5 0 1 0 0 0 46
1626 : 5 0 1 0 0 0 101
1625 : 5 0 1 0 0 0 277
1967 : 5 0 0 1 0 0 330
1622 : 5 0 1 0 0 0 85
2110 : 5 0 0 0 1 0 195
1621 : 5 0 1 0 0 0 437
2175 : 5 0 0 0 1 0 129
1807 : 5 0 0 1 0 0 207
1620 : 5 0 1 0 0 0 373
1619 : 5 0 1 0 0 0 245
1617 : 5 0 1 0 0 0 269
1614 : 5 0 1 0 0 0 77
1613 : 5 0 1 0 0 0 429
1612 : 5 0 1 0 0 0 365
1611 : 5 0 1 0 0 0 237
1963 : 5 0 0 1 0 0 490
1610 : 5 0 1 0 0 0 45
2114 : 5 0 0 0 1 0 29
1607 : 5 0 1 0 0 0 221
1606 : 5 0 1 0 0 0 317
1603 : 5 0 1 0 0 0 125
1600 : 5 0 1 0 0 0 387
1599 : 5 0 1 0 0 0 323
1595 : 5 0 1 0 0 0 483
1593 : 5 0 1 0 0 0 275
1592 : 5 0 1 0 0 0 147
1591 : 5 0 1 0 0 0 467
1589 : 5 0 1 0 0 0 435
1588 : 5 0 1 0 0 0 371
1587 : 5 0 1 0 0 0 243
2148 : 5 0 0 0 1 0 377
1584 : 5 0 1 0 0 0 139
1582 : 5 0 1 0 0 0 75
1580 : 5 0 1 0 0 0 363
2045 : 5 0 0 1 0 0 192
1578 : 5 0 1 0 0 0 43
1577 : 5 0 1 0 0 0 411
1575 : 5 0 1 0 0 0 219
1712 : 5 0 1 0 0 0 394
1573 : 5 0 1 0 0 0 187
2323 : 5 0 0 0 0 1 119
1572 : 5 0 1 0 0 0 507
1571 : 5 0 1 0 0 0 123
1910 : 5 0 0 1 0 0 209
1570 : 5 0 1 0 0 0 27
1568 : 5 0 1 0 0 0 135
2027 : 5 0 0 1 0 0 360
1803 : 5 0 0 1 0 0 111
1744 : 5 0 1 0 0 0 396
1567 : 5 0 1 0 0 0 455
1566 : 5 0 1 0 0 0 71
1564 : 5 0 1 0 0 0 359
1563 : 5 0 1 0 0 0 231
1562 : 5 0 1 0 0 0 39
2237 : 5 0 0 0 1 0 66
2185 : 5 0 0 0 1 0 414
2141 : 5 0 0 0 1 0 293
1561 : 5 0 1 0 0 0 407
1560 : 5 0 1 0 0 0 343
1558 : 5 0 1 0 0 0 311
1557 : 5 0 1 0 0 0 183
1556 : 5 0 1 0 0 0 503
1553 : 5 0 1 0 0 0 399
1552 : 5 0 1 0 0 0 335
1551 : 5 0 1 0 0 0 207
1550 : 5 0 1 0 0 0 303
2330 : 5 0 0 0 0 1 39
1548 : 5 0 1 0 0 0 495
1546 : 5 0 1 0 0 0 287
1545 : 5 0 1 0 0 0 159
1616 : 5 0 1 0 0 0 141
1544 : 5 0 1 0 0 0 479
1689 : 5 0 1 0 0 0 278
1543 : 5 0 1 0 0 0 95
1541 : 5 0 1 0 0 0 383
1540 : 5 0 1 0 0 0 255
2376 : 5 0 0 0 0 1 349
1537 : 5 0 1 0 0 0 3
1534 : 5 0 0 0 0 1 128
1533 : 5 0 0 0 0 1 448
1532 : 5 0 0 0 0 1 64
1715 : 5 0 1 0 0 0 498
1531 : 5 0 0 0 0 1 416
1530 : 5 0 0 0 0 1 352
2218 : 5 0 0 0 1 0 106
1529 : 5 0 0 0 0 1 224
1528 : 5 0 0 0 0 1 32
1526 : 5 0 0 0 0 1 336
1525 : 5 0 0 0 0 1 208
1524 : 5 0 0 0 0 1 304
1523 : 5 0 0 0 0 1 176
1522 : 5 0 0 0 0 1 496
1521 : 5 0 0 0 0 1 112
1520 : 5 0 0 0 0 1 16
1519 : 5 0 0 0 0 1 392
1515 : 5 0 0 0 0 1 168
2146 : 5 0 0 0 1 0 57
1513 : 5 0 0 0 0 1 104
1511 : 5 0 0 0 0 1 152
1510 : 5 0 0 0 0 1 472
1505 : 5 0 0 0 0 1 56
1504 : 5 0 0 0 0 1 8
1503 : 5 0 0 0 0 1 388
1887 : 5 0 0 1 0 0 325
1498 : 5 0 0 0 0 1 484
1497 : 5 0 0 0 0 1 100
1506 : 5 0 0 0 0 1 248
1496 : 5 0 0 0 0 1 276
1494 : 5 0 0 0 0 1 468
1493 : 5 0 0 0 0 1 84
1492 : 5 0 0 0 0 1 436
706 : 5 0 1 0 0 0 124
705 : 5 0 1 0 0 0 28
696 : 5 0 1 0 0 0 274
1221 : 5 0 0 0 1 0 316
695 : 5 0 1 0 0 0 146
254 : 5 1 0 0 0 0 129
694 : 5 0 1 0 0 0 466
693 : 5 0 1 0 0 0 82
767 : 5 0 1 0 0 0 256
1140 : 5 0 0 0 1 0 433
687 : 5 0 1 0 0 0 138
1346 : 5 0 0 0 0 1 61
682 : 5 0 1 0 0 0 234
847 : 5 0 0 1 0 0 333
1003 : 5 0 0 1 0 0 168
151 : 5 1 0 0 0 0 493
672 : 5 0 1 0 0 0 262
2172 : 5 0 0 0 1 0 417
1861 : 5 0 0 1 0 0 189
532 : 5 0 1 0 0 0 375
703 : 5 0 1 0 0 0 386
2093 : 5 0 0 0 1 0 427
662 : 5 0 1 0 0 0 214
1414 : 5 0 0 0 0 1 94
661 : 5 0 1 0 0 0 310
660 : 5 0 1 0 0 0 182
2551 : 5 0 0 0 0 1 144
643 : 5 0 1 0 0 0 254
657 : 5 0 1 0 0 0 22
2405 : 5 0 0 0 0 1 441
1079 : 5 0 0 0 1 0 339
656 : 5 0 1 0 0 0 398
655 : 5 0 1 0 0 0 334
501 : 5 1 0 0 0 0 352
652 : 5 0 1 0 0 0 174
2231 : 5 0 0 0 1 0 338
650 : 5 0 1 0 0 0 110
648 : 5 0 1 0 0 0 158
1634 : 5 0 1 0 0 0 57
1203 : 5 0 0 0 1 0 370
1468 : 5 0 0 0 0 1 290
1547 : 5 0 1 0 0 0 111
647 : 5 0 1 0 0 0 478
714 : 5 0 1 0 0 0 236
1017 : 5 0 0 1 0 0 224
640 : 5 0 1 0 0 0 2
2121 : 5 0 0 0 1 0 413
639 : 5 0 1 0 0 0 385
637 : 5 0 1 0 0 0 193
1657 : 5 0 1 0 0 0 33
1576 : 5 0 1 0 0 0 347
1363 : 5 0 0 0 0 1 501
701 : 5 0 1 0 0 0 194
1934 : 5 0 0 1 0 0 78
636 : 5 0 1 0 0 0 289
569 : 5 0 1 0 0 0 35
632 : 5 0 1 0 0 0 273
520 : 5 0 1 0 0 0 351
373 : 5 1 0 0 0 0 482
2324 : 5 0 0 0 0 1 503
1014 : 5 0 0 1 0 0 336
9 : 5 1 0 0 0 0 511
1830 : 5 0 0 1 0 0 315
616 : 5 0 1 0 0 0 409
308 : 5 1 0 0 0 0 102
614 : 5 0 1 0 0 0 217
1351 : 5 0 0 0 0 1 477
428 : 5 1 0 0 0 0 212
406 : 5 1 0 0 0 0 492
365 : 5 1 0 0 0 0 466
1012 : 5 0 0 1 0 0 304
611 : 5 0 1 0 0 0 505
651 : 5 0 1 0 0 0 494
1325 : 5 0 0 0 0 1 299
526 : 5 0 1 0 0 0 79
2385 : 5 0 0 0 0 1 269
2229 : 5 0 0 0 1 0 306
1970 : 5 0 0 1 0 0 114
1645 : 5 0 1 0 0 0 297
610 : 5 0 1 0 0 0 121
1579 : 5 0 1 0 0 0 235
608 : 5 0 1 0 0 0 261
605 : 5 0 1 0 0 0 69
1720 : 5 0 1 0 0 0 402
331 : 5 1 0 0 0 0 314
2503 : 5 0 0 0 0 1 476
604 : 5 0 1 0 0 0 421
666 : 5 0 1 0 0 0 230
429 : 5 1 0 0 0 0 468
2073 : 5 0 0 0 1 0 407
865 : 5 0 0 1 0 0 25
1969 : 5 0 0 1 0 0 18
1219 : 5 0 0 0 1 0 508
599 : 5 0 1 0 0 0 341
1903 : 5 0 0 1 0 0 329
598 : 5 0 1 0 0 0 213
1296 : 5 0 0 0 0 1 143
592 : 5 0 1 0 0 0 397
911 : 5 0 0 1 0 0 334
2498 : 5 0 0 0 0 1 60
1260 : 5 0 0 0 1 0 296
663 : 5 0 1 0 0 0 342
938 : 5 0 0 1 0 0 234
795 : 5 0 0 1 0 0 487
585 : 5 0 1 0 0 0 285
1103 : 5 0 0 0 1 0 333
581 : 5 0 1 0 0 0 445
578 : 5 0 1 0 0 0 61
2266 : 5 0 0 0 1 0 228
976 : 5 0 0 1 0 0 268
1308 : 5 0 0 0 0 1 167
576 : 5 0 1 0 0 0 259
653 : 5 0 1 0 0 0 302
752 : 5 0 1 0 0 0 16
1452 : 5 0 0 0 0 1 426
573 : 5 0 1 0 0 0 67
553 : 5 0 1 0 0 0 283
570 : 5 0 1 0 0 0 227
469 : 5 1 0 0 0 0 488
2117 : 5 0 0 0 1 0 189
567 : 5 0 1 0 0 0 339
1644 : 5 0 1 0 0 0 169
230 : 5 1 0 0 0 0 497
319 : 5 1 0 0 0 0 134
1396 : 5 0 0 0 0 1 433
566 : 5 0 1 0 0 0 211
635 : 5 0 1 0 0 0 161
560 : 5 0 1 0 0 0 395
558 : 5 0 1 0 0 0 203
78 : 5 1 0 0 0 0 219
557 : 5 0 1 0 0 0 299
900 : 5 0 0 1 0 0 382
556 : 5 0 1 0 0 0 171
601 : 5 0 1 0 0 0 37
154 : 5 1 0 0 0 0 429
2482 : 5 0 0 0 0 1 114
2444 : 5 0 0 0 0 1 366
291 : 5 1 0 0 0 0 22
552 : 5 0 1 0 0 0 155
2091 : 5 0 0 0 1 0 235
550 : 5 0 1 0 0 0 91
498 : 5 1 0 0 0 0 96
2194 : 5 0 0 0 1 0 54
699 : 5 0 1 0 0 0 162
237 : 5 1 0 0 0 0 465
2101 : 5 0 0 0 1 0 435
546 : 5 0 1 0 0 0 59
1778 : 5 0 1 0 0 0 240
60 : 5 1 0 0 0 0 71
2552 : 5 0 0 0 0 1 272
683 : 5 0 1 0 0 0 362
535 : 5 0 1 0 0 0 471
530 : 5 0 1 0 0 0 55
1781 : 5 0 1 0 0 0 80
1732 : 5 0 1 0 0 0 380
528 : 5 0 1 0 0 0 143
527 : 5 0 1 0 0 0 463
549 : 5 0 1 0 0 0 443
1347 : 5 0 0 0 0 1 253
521 : 5 0 1 0 0 0 415
2239 : 5 0 0 0 1 0 130
544 : 5 0 1 0 0 0 391
516 : 5 0 1 0 0 0 511
1159 : 5 0 0 0 1 0 478
583 : 5 0 1 0 0 0 477
951 : 5 0 0 1 0 0 146
1051 : 5 0 0 0 1 0 487
1408 : 5 0 0 0 0 1 2
515 : 5 0 1 0 0 0 127
2361 : 5 0 0 0 0 1 275
659 : 5 0 1 0 0 0 502
2325 : 5 0 0 0 0 1 183
240 : 5 1 0 0 0 0 401
248 : 5 1 0 0 0 0 417
514 : 5 0 1 0 0 0 31
512 : 5 0 1 0 0 0 1
509 : 5 1 0 0 0 0 128
631 : 5 0 1 0 0 0 145
2439 : 5 0 0 0 0 1 222
496 : 5 1 0 0 0 0 272
188 : 5 1 0 0 0 0 197
2047 : 5 0 0 1 0 0 384
495 : 5 1 0 0 0 0 400
929 : 5 0 0 1 0 0 26
2034 : 5 0 0 1 0 0 240
523 : 5 0 1 0 0 0 239
952 : 5 0 0 1 0 0 274
492 : 5 1 0 0 0 0 464
490 : 5 1 0 0 0 0 80
1348 : 5 0 0 0 0 1 381
489 : 5 1 0 0 0 0 304
654 : 5 0 1 0 0 0 206
488 : 5 1 0 0 0 0 432
87 : 5 1 0 0 0 0 491
487 : 5 1 0 0 0 0 176
1918 : 5 0 0 1 0 0 449
590 : 5 0 1 0 0 0 205
484 : 5 1 0 0 0 0 240
1920 : 5 0 0 1 0 0 257
480 : 5 1 0 0 0 0 264
1277 : 5 0 0 0 1 0 448
479 : 5 1 0 0 0 0 392
2216 : 5 0 0 0 1 0 154
478 : 5 1 0 0 0 0 136
477 : 5 1 0 0 0 0 328
246 : 5 1 0 0 0 0 353
476 : 5 1 0 0 0 0 456
1397 : 5 0 0 0 0 1 81
2401 : 5 0 0 0 0 1 9
223 : 5 1 0 0 0 0 137
977 : 5 0 0 1 0 0 52
1975 : 5 0 0 1 0 0 338
606 : 5 0 1 0 0 0 453
424 : 5 1 0 0 0 0 180
322 : 5 1 0 0 0 0 10
468 : 5 1 0 0 0 0 232
649 : 5 0 1 0 0 0 286
1518 : 5 0 0 0 0 1 328
465 : 5 1 0 0 0 0 280
462 : 5 1 0 0 0 0 344
1635 : 5 0 1 0 0 0 249
461 : 5 1 0 0 0 0 472
2497 : 5 0 0 0 0 1 12
612 : 5 0 1 0 0 0 185
644 : 5 0 1 0 0 0 382
485 : 5 1 0 0 0 0 496
456 : 5 1 0 0 0 0 184
2134 : 5 0 0 0 1 0 85
1898 : 5 0 0 1 0 0 105
99 : 5 1 0 0 0 0 19
751 : 5 0 1 0 0 0 392
452 : 5 1 0 0 0 0 120
2271 : 5 0 0 0 1 0 132
451 : 5 1 0 0 0 0 56
834 : 5 0 0 1 0 0 61
2159 : 5 0 0 0 1 0 329
1583 : 5 0 1 0 0 0 459
702 : 5 0 1 0 0 0 322
1882 : 5 0 0 1 0 0 101
450 : 5 1 0 0 0 0 24
2342 : 5 0 0 0 0 1 315
167 : 5 1 0 0 0 0 501
1765 : 5 0 1 0 0 0 312
449 : 5 1 0 0 0 0 8
1808 : 5 0 0 1 0 0 335
448 : 5 1 0 0 0 0 260
1569 : 5 0 1 0 0 0 263
507 : 5 1 0 0 0 0 448
447 : 5 1 0 0 0 0 388
445 : 5 1 0 0 0 0 324
444 : 5 1 0 0 0 0 452
58 : 5 1 0 0 0 0 423
327 : 5 1 0 0 0 0 506
969 : 5 0 0 1 0 0 44
572 : 5 0 1 0 0 0 419
443 : 5 1 0 0 0 0 196
111 : 5 1 0 0 0 0 339
1300 : 5 0 0 0 0 1 375
697 : 5 0 1 0 0 0 98
1233 : 5 0 0 0 1 0 52
440 : 5 1 0 0 0 0 420
438 : 5 1 0 0 0 0 356
1187 : 5 0 0 0 1 0 506
707 : 5 0 1 0 0 0 508
263 : 5 1 0 0 0 0 254
2227 : 5 0 0 0 1 0 498
589 : 5 0 1 0 0 0 301
295 : 5 1 0 0 0 0 502
533 : 5 0 1 0 0 0 439
165 : 5 1 0 0 0 0 117
432 : 5 1 0 0 0 0 404
24 : 5 1 0 0 0 0 495
1334 : 5 0 0 0 0 1 211
430 : 5 1 0 0 0 0 340
418 : 5 1 0 0 0 0 20
1341 : 5 0 0 0 0 1 67
427 : 5 1 0 0 0 0 84
596 : 5 0 1 0 0 0 181
75 : 5 1 0 0 0 0 443
1164 : 5 0 0 0 1 0 174
1501 : 5 0 0 0 0 1 196
1180 : 5 0 0 0 1 0 422
1425 : 5 0 0 0 0 1 22
2048 : 5 0 0 0 1 0 0
459 : 5 1 0 0 0 0 88
1623 : 5 0 1 0 0 0 469
423 : 5 1 0 0 0 0 372
1056 : 5 0 0 0 1 0 391
2474 : 5 0 0 0 0 1 106
2243 : 5 0 0 0 1 0 252
422 : 5 1 0 0 0 0 500
417 : 5 1 0 0 0 0 268
855 : 5 0 0 1 0 0 341
411 : 5 1 0 0 0 0 76
1590 : 5 0 1 0 0 0 83
827 : 5 0 0 1 0 0 355
409 : 5 1 0 0 0 0 428
992 : 5 0 0 1 0 0 8
407 : 5 1 0 0 0 0 364
1000 : 5 0 0 1 0 0 280
46 : 5 1 0 0 0 0 215
600 : 5 0 1 0 0 0 405
8 : 5 1 0 0 0 0 255
402 : 5 1 0 0 0 0 284
1432 : 5 0 0 0 0 1 406
192 : 5 1 0 0 0 0 389
401 : 5 1 0 0 0 0 412
1517 : 5 0 0 0 0 1 200
400 : 5 1 0 0 0 0 156
397 : 5 1 0 0 0 0 220
2107 : 5 0 0 0 1 0 483
668 : 5 0 1 0 0 0 422
285 : 5 1 0 0 0 0 206
414 : 5 1 0 0 0 0 332
396 : 5 1 0 0 0 0 92
2115 : 5 0 0 0 1 0 125
621 : 5 0 1 0 0 0 73
93 : 5 1 0 0 0 0 203
1769 : 5 0 1 0 0 0 40
794 : 5 0 0 1 0 0 103
388 : 5 1 0 0 0 0 60
384 : 5 1 0 0 0 0 258
382 : 5 1 0 0 0 0 130
1495 : 5 0 0 0 0 1 148
718 : 5 0 1 0 0 0 460
1508 : 5 0 0 0 0 1 440
148 : 5 1 0 0 0 0 45
2495 : 5 0 0 0 0 1 130
1581 : 5 0 1 0 0 0 427
258 : 5 1 0 0 0 0 6
380 : 5 1 0 0 0 0 450
2500 : 5 0 0 0 0 1 380
888 : 5 0 0 1 0 0 273
2197 : 5 0 0 0 1 0 438
379 : 5 1 0 0 0 0 194
435 : 5 1 0 0 0 0 100
704 : 5 0 1 0 0 0 4
793 : 5 0 0 1 0 0 279
985 : 5 0 0 1 0 0 100
366 : 5 1 0 0 0 0 338
483 : 5 1 0 0 0 0 112
1474 : 5 0 0 0 0 1 124
367 : 5 1 0 0 0 0 146
2302 : 5 0 0 0 1 0 320
508 : 5 1 0 0 0 0 320
363 : 5 1 0 0 0 0 82
354 : 5 1 0 0 0 0 18
1535 : 5 0 0 0 0 1 256
619 : 5 0 1 0 0 0 361
1292 : 5 0 0 0 0 1 367
361 : 5 1 0 0 0 0 434
781 : 5 0 0 1 0 0 431
800 : 5 0 0 1 0 0 391
602 : 5 0 1 0 0 0 229
1040 : 5 0 0 0 1 0 143
1174 : 5 0 0 0 1 0 214
419 : 5 1 0 0 0 0 52
34 : 5 1 0 0 0 0 399
65 : 5 1 0 0 0 0 391
1998 : 5 0 0 1 0 0 204
265 : 5 1 0 0 0 0 382
482 : 5 1 0 0 0 0 48
0 : 5 1 0 0 0 0 0
2540 : 5 0 0 0 0 1 424
204 : 5 1 0 0 0 0 89
1113 : 5 0 0 0 1 0 37
2152 : 5 0 0 0 1 0 153
1648 : 5 0 1 0 0 0 393
357 : 5 1 0 0 0 0 242
486 : 5 1 0 0 0 0 368
1328 : 5 0 0 0 0 1 395
355 : 5 1 0 0 0 0 50
2049 : 5 0 0 0 1 0 3
1627 : 5 0 1 0 0 0 485
804 : 5 0 0 1 0 0 379
1647 : 5 0 1 0 0 0 329
1471 : 5 0 0 0 0 1 386
2103 : 5 0 0 0 1 0 467
352 : 5 1 0 0 0 0 394
2518 : 5 0 0 0 0 1 212
1856 : 5 0 0 1 0 0 387
1331 : 5 0 0 0 0 1 499
349 : 5 1 0 0 0 0 458
2225 : 5 0 0 0 1 0 18
345 : 5 1 0 0 0 0 426
2065 : 5 0 0 0 1 0 399
593 : 5 0 1 0 0 0 21
1609 : 5 0 1 0 0 0 413
563 : 5 0 1 0 0 0 499
579 : 5 0 1 0 0 0 253
343 : 5 1 0 0 0 0 362
2349 : 5 0 0 0 0 1 427
1700 : 5 0 1 0 0 0 378
342 : 5 1 0 0 0 0 490
1629 : 5 0 1 0 0 0 293
341 : 5 1 0 0 0 0 234
1482 : 5 0 0 0 0 1 236
383 : 5 1 0 0 0 0 386
227 : 5 1 0 0 0 0 49
1924 : 5 0 0 1 0 0 510
339 : 5 1 0 0 0 0 42
336 : 5 1 0 0 0 0 154
580 : 5 0 1 0 0 0 381
164 : 5 1 0 0 0 0 53
2198 : 5 0 0 0 1 0 86
158 : 5 1 0 0 0 0 461
1419 : 5 0 0 0 0 1 494
464 : 5 1 0 0 0 0 408
307 : 5 1 0 0 0 0 38
344 : 5 1 0 0 0 0 170
162 : 5 1 0 0 0 0 269
134 : 5 1 0 0 0 0 125
460 : 5 1 0 0 0 0 216
2092 : 5 0 0 0 1 0 363
1743 : 5 0 1 0 0 0 332
139 : 5 1 0 0 0 0 445
627 : 5 0 1 0 0 0 369
13 : 5 1 0 0 0 0 319
2369 : 5 0 0 0 0 1 5
1429 : 5 0 0 0 0 1 310
457 : 5 1 0 0 0 0 440
807 : 5 0 0 1 0 0 475
150 : 5 1 0 0 0 0 237
494 : 5 1 0 0 0 0 144
2538 : 5 0 0 0 0 1 232
678 : 5 0 1 0 0 0 218
913 : 5 0 0 1 0 0 22
268 : 5 1 0 0 0 0 318
1952 : 5 0 0 1 0 0 390
141 : 5 1 0 0 0 0 93
12 : 5 1 0 0 0 0 447
340 : 5 1 0 0 0 0 106
2258 : 5 0 0 0 1 0 116
797 : 5 0 0 1 0 0 295
664 : 5 0 1 0 0 0 406
1829 : 5 0 0 1 0 0 187
872 : 5 0 0 1 0 0 409
2328 : 5 0 0 0 0 1 343
881 : 5 0 0 1 0 0 49
499 : 5 1 0 0 0 0 224
1208 : 5 0 0 0 1 0 274
133 : 5 1 0 0 0 0 61
338 : 5 1 0 0 0 0 282
1209 : 5 0 0 0 1 0 98
47 : 5 1 0 0 0 0 471
228 : 5 1 0 0 0 0 113
190 : 5 1 0 0 0 0 325
915 : 5 0 0 1 0 0 502
385 : 5 1 0 0 0 0 4
353 : 5 1 0 0 0 0 266
132 : 5 1 0 0 0 0 29
410 : 5 1 0 0 0 0 300
130 : 5 1 0 0 0 0 5
125 : 5 1 0 0 0 0 451
2205 : 5 0 0 0 1 0 294
842 : 5 0 0 1 0 0 109
1423 : 5 0 0 0 0 1 334
991 : 5 0 0 1 0 0 388
1443 : 5 0 0 0 0 1 506
574 : 5 0 1 0 0 0 451
425 : 5 1 0 0 0 0 436
143 : 5 1 0 0 0 0 477
1650 : 5 0 1 0 0 0 113
1015 : 5 0 0 1 0 0 400
441 : 5 1 0 0 0 0 292
120 : 5 1 0 0 0 0 163
1598 : 5 0 1 0 0 0 195
15 : 5 1 0 0 0 0 223
116 : 5 1 0 0 0 0 99
2387 : 5 0 0 0 0 1 245
214 : 5 1 0 0 0 0 489
2084 : 5 0 0 0 1 0 507
1100 : 5 0 0 0 1 0 173
171 : 5 1 0 0 0 0 309
1357 : 5 0 0 0 0 1 301
474 : 5 1 0 0 0 0 72
1081 : 5 0 0 0 1 0 35
628 : 5 0 1 0 0 0 433
2211 : 5 0 0 0 1 0 250
1986 : 5 0 0 1 0 0 60
347 : 5 1 0 0 0 0 74
2494 : 5 0 0 0 0 1 450
1751 : 5 0 1 0 0 0 340
844 : 5 0 0 1 0 0 173
2228 : 5 0 0 0 1 0 178
497 : 5 1 0 0 0 0 32
561 : 5 0 1 0 0 0 19
110 : 5 1 0 0 0 0 467
138 : 5 1 0 0 0 0 189
930 : 5 0 0 1 0 0 122
1371 : 5 0 0 0 0 1 357
2116 : 5 0 0 0 1 0 509
426 : 5 1 0 0 0 0 308
356 : 5 1 0 0 0 0 114
193 : 5 1 0 0 0 0 261
1430 : 5 0 0 0 0 1 214
70 : 5 1 0 0 0 0 123
874 : 5 0 0 1 0 0 233
700 : 5 0 1 0 0 0 290
2006 : 5 0 0 1 0 0 212
1139 : 5 0 0 0 1 0 369
1507 : 5 0 0 0 0 1 376
105 : 5 1 0 0 0 0 179
185 : 5 1 0 0 0 0 421
102 : 5 1 0 0 0 0 243
32 : 5 1 0 0 0 0 335
2154 : 5 0 0 0 1 0 105
213 : 5 1 0 0 0 0 233
98 : 5 1 0 0 0 0 267
415 : 5 1 0 0 0 0 140
172 : 5 1 0 0 0 0 85
260 : 5 1 0 0 0 0 30
399 : 5 1 0 0 0 0 348
848 : 5 0 0 1 0 0 397
658 : 5 0 1 0 0 0 118
1565 : 5 0 1 0 0 0 423
101 : 5 1 0 0 0 0 115
669 : 5 0 1 0 0 0 70
274 : 5 1 0 0 0 0 414
1965 : 5 0 0 1 0 0 298
1725 : 5 0 1 0 0 0 66
100 : 5 1 0 0 0 0 51
2486 : 5 0 0 0 0 1 210
283 : 5 1 0 0 0 0 302
679 : 5 0 1 0 0 0 346
177 : 5 1 0 0 0 0 405
1470 : 5 0 0 0 0 1 322
390 : 5 1 0 0 0 0 252
88 : 5 1 0 0 0 0 363
359 : 5 1 0 0 0 0 370
404 : 5 1 0 0 0 0 108
109 : 5 1 0 0 0 0 211
1662 : 5 0 1 0 0 0 449
1502 : 5 0 0 0 0 1 324
1245 : 5 0 0 0 1 0 196
1360 : 5 0 0 0 0 1 397
83 : 5 1 0 0 0 0 283
2457 : 5 0 0 0 0 1 278
1618 : 5 0 1 0 0 0 53
545 : 5 0 1 0 0 0 11
2533 : 5 0 0 0 0 1 312
315 : 5 1 0 0 0 0 70
149 : 5 1 0 0 0 0 109
278 : 5 1 0 0 0 0 238
107 : 5 1 0 0 0 0 307
568 : 5 0 1 0 0 0 403
1063 : 5 0 0 0 1 0 475
1223 : 5 0 0 0 1 0 348
1608 : 5 0 1 0 0 0 349
547 : 5 0 1 0 0 0 251
761 : 5 0 1 0 0 0 224
276 : 5 1 0 0 0 0 46
774 : 5 0 0 1 0 0 319
163 : 5 1 0 0 0 0 21
252 : 5 1 0 0 0 0 449
727 : 5 0 1 0 0 0 148
1655 : 5 0 1 0 0 0 337
577 : 5 0 1 0 0 0 13
2438 : 5 0 0 0 0 1 318
211 : 5 1 0 0 0 0 41
256 : 5 1 0 0 0 0 257
1212 : 5 0 0 0 1 0 290
84 : 5 1 0 0 0 0 43
2316 : 5 0 0 0 0 1 495
1993 : 5 0 0 1 0 0 284
1228 : 5 0 0 0 1 0 428
1263 : 5 0 0 0 1 0 392
1073 : 5 0 0 0 1 0 19
1291 : 5 0 0 0 0 1 239
1997 : 5 0 0 1 0 0 300
286 : 5 1 0 0 0 0 462
2403 : 5 0 0 0 0 1 249
541 : 5 0 1 0 0 0 295
238 : 5 1 0 0 0 0 337
1009 : 5 0 0 1 0 0 112
1171 : 5 0 0 0 1 0 502
71 : 5 1 0 0 0 0 251
89 : 5 1 0 0 0 0 171
665 : 5 0 1 0 0 0 38
674 : 5 0 1 0 0 0 122
412 : 5 1 0 0 0 0 204
94 : 5 1 0 0 0 0 459
615 : 5 0 1 0 0 0 345
957 : 5 0 0 1 0 0 194
1214 : 5 0 0 0 1 0 322
2108 : 5 0 0 0 1 0 163
1949 : 5 0 0 1 0 0 294
1447 : 5 0 0 0 0 1 346
7 : 5 1 0 0 0 0 127
1018 : 5 0 0 1 0 0 352
529 : 5 0 1 0 0 0 271
2125 : 5 0 0 0 1 0 429
205 : 5 1 0 0 0 0 217
1791 : 5 0 1 0 0 0 384
537 : 5 0 1 0 0 0 279
1604 : 5 0 1 0 0 0 509
128 : 5 1 0 0 0 0 387
1104 : 5 0 0 0 1 0 397
2407 : 5 0 0 0 0 1 473
76 : 5 1 0 0 0 0 315
1062 : 5 0 0 0 1 0 91
1794 : 5 0 0 1 0 0 15
20 : 5 1 0 0 0 0 287
126 : 5 1 0 0 0 0 323
1370 : 5 0 0 0 0 1 229
1709 : 5 0 1 0 0 0 298
304 : 5 1 0 0 0 0 150
21 : 5 1 0 0 0 0 47
61 : 5 1 0 0 0 0 199
1762 : 5 0 1 0 0 0 120
309 : 5 1 0 0 0 0 230
2428 : 5 0 0 0 0 1 417
335 : 5 1 0 0 0 0 346
1404 : 5 0 0 0 0 1 289
40 : 5 1 0 0 0 0 503
481 : 5 1 0 0 0 0 16
136 : 5 1 0 0 0 0 509
1899 : 5 0 0 1 0 0 489
314 : 5 1 0 0 0 0 294
1240 : 5 0 0 0 1 0 276
420 : 5 1 0 0 0 0 116
1206 : 5 0 0 0 1 0 466
1633 : 5 0 1 0 0 0 9
28 : 5 1 0 0 0 0 303
2 : 5 1 0 0 0 0 3
961 : 5 0 0 1 0 0 28
253 : 5 1 0 0 0 0 321
242 : 5 1 0 0 0 0 33
467 : 5 1 0 0 0 0 104
142 : 5 1 0 0 0 0 221
876 : 5 0 0 1 0 0 425
730 : 5 0 1 0 0 0 484
719 : 5 0 1 0 0 0 140
898 : 5 0 0 1 0 0 62
50 : 5 1 0 0 0 0 407
2246 : 5 0 0 0 1 0 92
1039 : 5 0 0 0 1 0 463
114 : 5 1 0 0 0 0 275
2131 : 5 0 0 0 1 0 245
57 : 5 1 0 0 0 0 167
630 : 5 0 1 0 0 0 465
565 : 5 0 1 0 0 0 307
137 : 5 1 0 0 0 0 381
16 : 5 1 0 0 0 0 479
2507 : 5 0 0 0 0 1 492
104 : 5 1 0 0 0 0 371
262 : 5 1 0 0 0 0 126
2450 : 5 0 0 0 0 1 54
175 : 5 1 0 0 0 0 341
52 : 5 1 0 0 0 0 39
455 : 5 1 0 0 0 0 376
42 : 5 1 0 0 0 0 183
64 : 5 1 0 0 0 0 135
287 : 5 1 0 0 0 0 334
995 : 5 0 0 1 0 0 376
1102 : 5 0 0 0 1 0 205
1082 : 5 0 0 0 1 0 227
877 : 5 0 0 1 0 0 73
439 : 5 1 0 0 0 0 164
368 : 5 1 0 0 0 0 402
39 : 5 1 0 0 0 0 247
1835 : 5 0 0 1 0 0 235
56 : 5 1 0 0 0 0 359
1368 : 5 0 0 0 0 1 405
2263 : 5 0 0 0 1 0 340
92 : 5 1 0 0 0 0 75
806 : 5 0 0 1 0 0 91
229 : 5 1 0 0 0 0 241
62 : 5 1 0 0 0 0 455
207 : 5 1 0 0 0 0 345
1064 : 5 0 0 0 1 0 155
325 : 5 1 0 0 0 0 122
112 : 5 1 0 0 0 0 147
1089 : 5 0 0 0 1 0 13
562 : 5 0 1 0 0 0 115
1158 : 5 0 0 0 1 0 94
173 : 5 1 0 0 0 0 213
421 : 5 1 0 0 0 0 244
1132 : 5 0 0 0 1 0 425
1664 : 5 0 1 0 0 0 257
1585 : 5 0 1 0 0 0 267
1293 : 5 0 0 0 0 1 431
1489 : 5 0 0 0 0 1 52
808 : 5 0 0 1 0 0 155
1177 : 5 0 0 0 1 0 38
33 : 5 1 0 0 0 0 143
686 : 5 0 1 0 0 0 458
1045 : 5 0 0 0 1 0 439
641 : 5 0 1 0 0 0 14
1387 : 5 0 0 0 0 1 361
1169 : 5 0 0 0 1 0 22
446 : 5 1 0 0 0 0 132
1194 : 5 0 0 0 1 0 234
282 : 5 1 0 0 0 0 430
1747 : 5 0 1 0 0 0 500
351 : 5 1 0 0 0 0 138
454 : 5 1 0 0 0 0 504
6 : 5 1 0 0 0 0 63
618 : 5 0 1 0 0 0 233
202 : 5 1 0 0 0 0 441
927 : 5 0 0 1 0 0 134
681 : 5 0 1 0 0 0 42
1035 : 5 0 0 0 1 0 239
1527 : 5 0 0 0 0 1 400
1046 : 5 0 0 0 1 0 87
1230 : 5 0 0 0 1 0 460
43 : 5 1 0 0 0 0 439
882 : 5 0 0 1 0 0 241
629 : 5 0 1 0 0 0 81
391 : 5 1 0 0 0 0 508
891 : 5 0 0 1 0 0 161
908 : 5 0 0 1 0 0 174
1048 : 5 0 0 0 1 0 151
277 : 5 1 0 0 0 0 110
389 : 5 1 0 0 0 0 124
35 : 5 1 0 0 0 0 271
518 : 5 0 1 0 0 0 319
1141 : 5 0 0 0 1 0 81
218 : 5 1 0 0 0 0 297
1624 : 5 0 1 0 0 0 149
1549 : 5 0 1 0 0 0 175
156 : 5 1 0 0 0 0 77
1734 : 5 0 1 0 0 0 92
96 : 5 1 0 0 0 0 139
244 : 5 1 0 0 0 0 225
241 : 5 1 0 0 0 0 273
988 : 5 0 0 1 0 0 292
1030 : 5 0 0 0 1 0 319
2365 : 5 0 0 0 0 1 291
620 : 5 0 1 0 0 0 425
198 : 5 1 0 0 0 0 249
1886 : 5 0 0 1 0 0 197
517 : 5 0 1 0 0 0 191
504 : 5 1 0 0 0 0 288
710 : 5 0 1 0 0 0 220
1022 : 5 0 0 1 0 0 128
1704 : 5 0 1 0 0 0 154
41 : 5 1 0 0 0 0 375
559 : 5 0 1 0 0 0 331
839 : 5 0 0 1 0 0 477
2164 : 5 0 0 0 1 0 177
11 : 5 1 0 0 0 0 191
1383 : 5 0 0 0 0 1 345
2207 : 5 0 0 0 1 0 326
2158 : 5 0 0 0 1 0 201
587 : 5 0 1 0 0 0 493
510 : 5 1 0 0 0 0 384
360 : 5 1 0 0 0 0 178
1096 : 5 0 0 0 1 0 157
119 : 5 1 0 0 0 0 355
27 : 5 1 0 0 0 0 431
1340 : 5 0 0 0 0 1 419
216 : 5 1 0 0 0 0 169
370 : 5 1 0 0 0 0 34
1050 : 5 0 0 0 1 0 103
249 : 5 1 0 0 0 0 289
1394 : 5 0 0 0 0 1 241
1352 : 5 0 0 0 0 1 157
607 : 5 0 1 0 0 0 133
2400 : 5 0 0 0 0 1 389
1868 : 5 0 0 1 0 0 365
329 : 5 1 0 0 0 0 186
554 : 5 0 1 0 0 0 107
159 : 5 1 0 0 0 0 333
2492 : 5 0 0 0 0 1 418
536 : 5 0 1 0 0 0 151
239 : 5 1 0 0 0 0 145
909 : 5 0 0 1 0 0 302
818 : 5 0 0 1 0 0 115
1116 : 5 0 0 0 1 0 421
59 : 5 1 0 0 0 0 295
1514 : 5 0 0 0 0 1 488
738 : 5 0 1 0 0 0 248
680 : 5 0 1 0 0 0 410
124 : 5 1 0 0 0 0 195
436 : 5 1 0 0 0 0 228
1874 : 5 0 0 1 0 0 53
1120 : 5 0 0 0 1 0 261
131 : 5 1 0 0 0 0 13
760 : 5 0 1 0 0 0 32
1367 : 5 0 0 0 0 1 341
17 : 5 1 0 0 0 0 351
413 : 5 1 0 0 0 0 460
1052 : 5 0 0 0 1 0 167
1972 : 5 0 0 1 0 0 178
1798 : 5 0 0 1 0 0 447
36 : 5 1 0 0 0 0 23
1456 : 5 0 0 0 0 1 266
122 : 5 1 0 0 0 0 291
999 : 5 0 0 1 0 0 152
1820 : 5 0 0 1 0 0 359
1307 : 5 0 0 0 0 1 487
30 : 5 1 0 0 0 0 207
269 : 5 1 0 0 0 0 94
196 : 5 1 0 0 0 0 57
364 : 5 1 0 0 0 0 210
973 : 5 0 0 1 0 0 76
1490 : 5 0 0 0 0 1 244
2435 : 5 0 0 0 0 1 126
72 : 5 1 0 0 0 0 507
257 : 5 1 0 0 0 0 2
503 : 5 1 0 0 0 0 416
1123 : 5 0 0 0 1 0 505
1797 : 5 0 0 1 0 0 383
170 : 5 1 0 0 0 0 437
2269 : 5 0 0 0 1 0 68
1982 : 5 0 0 1 0 0 450
25 : 5 1 0 0 0 0 367
571 : 5 0 1 0 0 0 355
19 : 5 1 0 0 0 0 415
453 : 5 1 0 0 0 0 248
44 : 5 1 0 0 0 0 311
79 : 5 1 0 0 0 0 475
840 : 5 0 0 1 0 0 157
2359 : 5 0 0 0 0 1 467
903 : 5 0 0 1 0 0 478
2210 : 5 0 0 0 1 0 58
2142 : 5 0 0 0 1 0 197
135 : 5 1 0 0 0 0 253
299 : 5 1 0 0 0 0 310
144 : 5 1 0 0 0 0 349
1025 : 5 0 0 0 1 0 7
513 : 5 0 1 0 0 0 7
511 : 5 1 0 0 0 0 256
1 : 5 1 0 0 0 0 1
1207 : 5 0 0 0 1 0 146
691 : 5 0 1 0 0 0 370
548 : 5 0 1 0 0 0 379
2434 : 5 0 0 0 0 1 30
121 : 5 1 0 0 0 0 419
152 : 5 1 0 0 0 0 365
394 : 5 1 0 0 0 0 444
524 : 5 0 1 0 0 0 367
189 : 5 1 0 0 0 0 453
603 : 5 0 1 0 0 0 357
49 : 5 1 0 0 0 0 151
555 : 5 0 1 0 0 0 491
1481 : 5 0 0 0 0 1 44
328 : 5 1 0 0 0 0 378
980 : 5 0 0 1 0 0 436
1001 : 5 0 0 1 0 0 104
2147 : 5 0 0 0 1 0 249
97 : 5 1 0 0 0 0 395
885 : 5 0 0 1 0 0 81
2455 : 5 0 0 0 0 1 470
179 : 5 1 0 0 0 0 37
736 : 5 0 1 0 0 0 8
645 : 5 0 1 0 0 0 446
2097 : 5 0 0 0 1 0 267
1315 : 5 0 0 0 0 1 251
155 : 5 1 0 0 0 0 301
63 : 5 1 0 0 0 0 327
182 : 5 1 0 0 0 0 485
375 : 5 1 0 0 0 0 162
1968 : 5 0 0 1 0 0 394
1956 : 5 0 0 1 0 0 378
1309 : 5 0 0 0 0 1 295
1989 : 5 0 0 1 0 0 444
491 : 5 1 0 0 0 0 208
377 : 5 1 0 0 0 0 290
48 : 5 1 0 0 0 0 343
1873 : 5 0 0 1 0 0 269
1188 : 5 0 0 0 1 0 186
2476 : 5 0 0 0 0 1 170
86 : 5 1 0 0 0 0 235
458 : 5 1 0 0 0 0 312
1388 : 5 0 0 0 0 1 425
1149 : 5 0 0 0 1 0 193
77 : 5 1 0 0 0 0 91
1426 : 5 0 0 0 0 1 118
67 : 5 1 0 0 0 0 11
854 : 5 0 0 1 0 0 213
247 : 5 1 0 0 0 0 161
1312 : 5 0 0 0 0 1 391
26 : 5 1 0 0 0 0 175
1168 : 5 0 0 0 1 0 398
224 : 5 1 0 0 0 0 393
910 : 5 0 0 1 0 0 206
4 : 5 1 0 0 0 0 15
1478 : 5 0 0 0 0 1 220
2109 : 5 0 0 0 1 0 291
408 : 5 1 0 0 0 0 172
90 : 5 1 0 0 0 0 427
332 : 5 1 0 0 0 0 90
174 : 5 1 0 0 0 0 469
1953 : 5 0 0 1 0 0 10
66 : 5 1 0 0 0 0 263
183 : 5 1 0 0 0 0 357
317 : 5 1 0 0 0 0 454
337 : 5 1 0 0 0 0 410
187 : 5 1 0 0 0 0 69
918 : 5 0 0 1 0 0 214
2541 : 5 0 0 0 0 1 72
442 : 5 1 0 0 0 0 68
160 : 5 1 0 0 0 0 141
1091 : 5 0 0 0 1 0 253
393 : 5 1 0 0 0 0 188
609 : 5 0 1 0 0 0 25
905 : 5 0 0 1 0 0 286
236 : 5 1 0 0 0 0 209
103 : 5 1 0 0 0 0 499
667 : 5 0 1 0 0 0 358
1880 : 5 0 0 1 0 0 149
671 : 5 0 1 0 0 0 134
1796 : 5 0 0 1 0 0 255
1215 : 5 0 0 0 1 0 386
2295 : 5 0 0 0 1 0 144
312 : 5 1 0 0 0 0 166
2417 : 5 0 0 0 0 1 17
2052 : 5 0 0 0 1 0 255
1812 : 5 0 0 1 0 0 503
195 : 5 1 0 0 0 0 25
466 : 5 1 0 0 0 0 40
232 : 5 1 0 0 0 0 177
197 : 5 1 0 0 0 0 121
964 : 5 0 0 1 0 0 188
2067 : 5 0 0 0 1 0 119
127 : 5 1 0 0 0 0 131
358 : 5 1 0 0 0 0 498
199 : 5 1 0 0 0 0 505
993 : 5 0 0 1 0 0 56
201 : 5 1 0 0 0 0 185
2291 : 5 0 0 0 1 0 368
203 : 5 1 0 0 0 0 313
1107 : 5 0 0 0 1 0 501
118 : 5 1 0 0 0 0 483
333 : 5 1 0 0 0 0 218
1366 : 5 0 0 0 0 1 213
505 : 5 1 0 0 0 0 64
1499 : 5 0 0 0 0 1 164
994 : 5 0 0 1 0 0 248
1305 : 5 0 0 0 0 1 279
313 : 5 1 0 0 0 0 422
594 : 5 0 1 0 0 0 117
176 : 5 1 0 0 0 0 149
1148 : 5 0 0 0 1 0 289
209 : 5 1 0 0 0 0 409
5 : 5 1 0 0 0 0 31
210 : 5 1 0 0 0 0 281
212 : 5 1 0 0 0 0 105
613 : 5 0 1 0 0 0 313
584 : 5 0 1 0 0 0 157
543 : 5 0 1 0 0 0 327
311 : 5 1 0 0 0 0 358
737 : 5 0 1 0 0 0 56
220 : 5 1 0 0 0 0 201
551 : 5 0 1 0 0 0 475
2072 : 5 0 0 0 1 0 343
522 : 5 0 1 0 0 0 47
215 : 5 1 0 0 0 0 361
234 : 5 1 0 0 0 0 305
688 : 5 0 1 0 0 0 266
837 : 5 0 0 1 0 0 445
217 : 5 1 0 0 0 0 425
1173 : 5 0 0 0 1 0 310
219 : 5 1 0 0 0 0 73
753 : 5 0 1 0 0 0 112
2456 : 5 0 0 0 0 1 150
221 : 5 1 0 0 0 0 457
472 : 5 1 0 0 0 0 424
68 : 5 1 0 0 0 0 27
690 : 5 0 1 0 0 0 242
1422 : 5 0 0 0 0 1 206
222 : 5 1 0 0 0 0 329
157 : 5 1 0 0 0 0 205
1124 : 5 0 0 0 1 0 185
23 : 5 1 0 0 0 0 239
395 : 5 1 0 0 0 0 316
1472 : 5 0 0 0 0 1 4
147 : 5 1 0 0 0 0 285
398 : 5 1 0 0 0 0 476
225 : 5 1 0 0 0 0 265
2051 : 5 0 0 0 1 0 63
588 : 5 0 1 0 0 0 173
226 : 5 1 0 0 0 0 17
1110 : 5 0 0 0 1 0 213
525 : 5 0 1 0 0 0 431
231 : 5 1 0 0 0 0 369
463 : 5 1 0 0 0 0 152
233 : 5 1 0 0 0 0 433
502 : 5 1 0 0 0 0 160
936 : 5 0 0 1 0 0 410
1332 : 5 0 0 0 0 1 179
698 : 5 0 1 0 0 0 482
2088 : 5 0 0 0 1 0 347
369 : 5 1 0 0 0 0 274
1274 : 5 0 0 0 1 0 352
1761 : 5 0 1 0 0 0 24
564 : 5 0 1 0 0 0 179
984 : 5 0 0 1 0 0 276
245 : 5 1 0 0 0 0 481
281 : 5 1 0 0 0 0 174
1076 : 5 0 0 0 1 0 179
270 : 5 1 0 0 0 0 222
416 : 5 1 0 0 0 0 396
316 : 5 1 0 0 0 0 198
1337 : 5 0 0 0 0 1 35
255 : 5 1 0 0 0 0 385
261 : 5 1 0 0 0 0 62
348 : 5 1 0 0 0 0 202
1061 : 5 0 0 0 1 0 443
264 : 5 1 0 0 0 0 510
266 : 5 1 0 0 0 0 190
757 : 5 0 1 0 0 0 208
180 : 5 1 0 0 0 0 101
267 : 5 1 0 0 0 0 446
200 : 5 1 0 0 0 0 377
1661 : 5 0 1 0 0 0 65
1060 : 5 0 0 0 1 0 379
500 : 5 1 0 0 0 0 480
1461 : 5 0 0 0 0 1 82
2358 : 5 0 0 0 0 1 83
1559 : 5 0 1 0 0 0 215
534 : 5 0 1 0 0 0 87
2127 : 5 0 0 0 1 0 461
1067 : 5 0 0 0 1 0 491
2547 : 5 0 0 0 0 1 368
575 : 5 0 1 0 0 0 131
1375 : 5 0 0 0 0 1 133
374 : 5 1 0 0 0 0 354
2554 : 5 0 0 0 0 1 480
271 : 5 1 0 0 0 0 478
250 : 5 1 0 0 0 0 65
273 : 5 1 0 0 0 0 158
301 : 5 1 0 0 0 0 214
279 : 5 1 0 0 0 0 494
284 : 5 1 0 0 0 0 78
51 : 5 1 0 0 0 0 279
725 : 5 0 1 0 0 0 84
542 : 5 0 1 0 0 0 199
294 : 5 1 0 0 0 0 246
1271 : 5 0 0 0 1 0 400
868 : 5 0 0 1 0 0 185
115 : 5 1 0 0 0 0 35
2391 : 5 0 0 0 0 1 469
1944 : 5 0 0 1 0 0 150
235 : 5 1 0 0 0 0 81
1380 : 5 0 0 0 0 1 185
473 : 5 1 0 0 0 0 296
296 : 5 1 0 0 0 0 374
685 : 5 0 1 0 0 0 74
814 : 5 0 0 1 0 0 203
54 : 5 1 0 0 0 0 231
73 : 5 1 0 0 0 0 379
302 : 5 1 0 0 0 0 470
303 : 5 1 0 0 0 0 342
206 : 5 1 0 0 0 0 473
305 : 5 1 0 0 0 0 406
1384 : 5 0 0 0 0 1 409
372 : 5 1 0 0 0 0 226
2132 : 5 0 0 0 1 0 373
624 : 5 0 1 0 0 0 265
306 : 5 1 0 0 0 0 278
310 : 5 1 0 0 0 0 486
1038 : 5 0 0 0 1 0 79
1122 : 5 0 0 0 1 0 121
69 : 5 1 0 0 0 0 59
106 : 5 1 0 0 0 0 435
318 : 5 1 0 0 0 0 326
2360 : 5 0 0 0 0 1 147
320 : 5 1 0 0 0 0 390
978 : 5 0 0 1 0 0 244
178 : 5 1 0 0 0 0 277
324 : 5 1 0 0 0 0 58
1990 : 5 0 0 1 0 0 92
1084 : 5 0 0 0 1 0 419
2534 : 5 0 0 0 0 1 216
2406 : 5 0 0 0 0 1 89
323 : 5 1 0 0 0 0 26
251 : 5 1 0 0 0 0 193
787 : 5 0 0 1 0 0 247
326 : 5 1 0 0 0 0 250
708 : 5 0 1 0 0 0 188
711 : 5 0 1 0 0 0 348
712 : 5 0 1 0 0 0 412
713 : 5 0 1 0 0 0 44
2017 : 5 0 0 1 0 0 24
715 : 5 0 1 0 0 0 364
716 : 5 0 1 0 0 0 428
2061 : 5 0 0 0 1 0 175
1542 : 5 0 1 0 0 0 447
717 : 5 0 1 0 0 0 76
626 : 5 0 1 0 0 0 241
720 : 5 0 1 0 0 0 268
2119 : 5 0 0 0 1 0 221
722 : 5 0 1 0 0 0 244
723 : 5 0 1 0 0 0 372
1059 : 5 0 0 0 1 0 251
724 : 5 0 1 0 0 0 436
726 : 5 0 1 0 0 0 468
437 : 5 1 0 0 0 0 484
1304 : 5 0 0 0 0 1 151
728 : 5 0 1 0 0 0 276
750 : 5 0 1 0 0 0 328
731 : 5 0 1 0 0 0 164
732 : 5 0 1 0 0 0 292
1284 : 5 0 0 0 0 1 511
1457 : 5 0 0 0 0 1 50
979 : 5 0 0 1 0 0 372
1602 : 5 0 1 0 0 0 29
809 : 5 0 0 1 0 0 283
831 : 5 0 0 1 0 0 131
735 : 5 0 1 0 0 0 388
740 : 5 0 1 0 0 0 440
2423 : 5 0 0 0 0 1 337
741 : 5 0 1 0 0 0 88
742 : 5 0 1 0 0 0 472
798 : 5 0 0 1 0 0 199
743 : 5 0 1 0 0 0 152
1241 : 5 0 0 0 1 0 100
1500 : 5 0 0 0 0 1 292
22 : 5 1 0 0 0 0 111
1362 : 5 0 0 0 0 1 117
1822 : 5 0 0 1 0 0 71
1601 : 5 0 1 0 0 0 5
744 : 5 0 1 0 0 0 280
746 : 5 0 1 0 0 0 488
1005 : 5 0 0 1 0 0 200
748 : 5 0 1 0 0 0 296
749 : 5 0 1 0 0 0 200
381 : 5 1 0 0 0 0 322
939 : 5 0 0 1 0 0 362
754 : 5 0 1 0 0 0 496
756 : 5 0 1 0 0 0 304
758 : 5 0 1 0 0 0 336
1539 : 5 0 1 0 0 0 63
762 : 5 0 1 0 0 0 352
1355 : 5 0 0 0 0 1 493
677 : 5 0 1 0 0 0 314
763 : 5 0 1 0 0 0 416
764 : 5 0 1 0 0 0 64
1842 : 5 0 0 1 0 0 51
1790 : 5 0 1 0 0 0 320
765 : 5 0 1 0 0 0 448
1336 : 5 0 0 0 0 1 403
1162 : 5 0 0 0 1 0 110
768 : 5 0 0 1 0 0 1
2394 : 5 0 0 0 0 1 101
2288 : 5 0 0 0 1 0 264
769 : 5 0 0 1 0 0 7
770 : 5 0 0 1 0 0 31
2157 : 5 0 0 0 1 0 297
733 : 5 0 1 0 0 0 196
1229 : 5 0 0 0 1 0 76
771 : 5 0 0 1 0 0 127
2150 : 5 0 0 0 1 0 89
772 : 5 0 0 1 0 0 511
773 : 5 0 0 1 0 0 191
775 : 5 0 0 1 0 0 223
2215 : 5 0 0 0 1 0 474
2177 : 5 0 0 0 1 0 6
776 : 5 0 0 1 0 0 351
184 : 5 1 0 0 0 0 165
759 : 5 0 1 0 0 0 400
886 : 5 0 0 1 0 0 465
1888 : 5 0 0 1 0 0 389
815 : 5 0 0 1 0 0 331
1189 : 5 0 0 0 1 0 314
321 : 5 1 0 0 0 0 262
777 : 5 0 0 1 0 0 415
778 : 5 0 0 1 0 0 47
779 : 5 0 0 1 0 0 239
780 : 5 0 0 1 0 0 367
783 : 5 0 0 1 0 0 463
785 : 5 0 0 1 0 0 271
786 : 5 0 0 1 0 0 55
2451 : 5 0 0 0 0 1 246
789 : 5 0 0 1 0 0 439
790 : 5 0 0 1 0 0 87
791 : 5 0 0 1 0 0 471
1072 : 5 0 0 0 1 0 395
967 : 5 0 0 1 0 0 348
493 : 5 1 0 0 0 0 336
792 : 5 0 0 1 0 0 151
796 : 5 0 0 1 0 0 167
1058 : 5 0 0 0 1 0 59
1145 : 5 0 0 0 1 0 97
799 : 5 0 0 1 0 0 327
801 : 5 0 0 1 0 0 11
1310 : 5 0 0 0 0 1 199
802 : 5 0 0 1 0 0 59
1694 : 5 0 1 0 0 0 198
803 : 5 0 0 1 0 0 251
805 : 5 0 0 1 0 0 443
1775 : 5 0 1 0 0 0 136
1466 : 5 0 0 0 0 1 482
810 : 5 0 0 1 0 0 107
811 : 5 0 0 1 0 0 491
812 : 5 0 0 1 0 0 171
816 : 5 0 0 1 0 0 395
836 : 5 0 0 1 0 0 381
817 : 5 0 0 1 0 0 19
1282 : 5 0 0 0 0 1 31
1165 : 5 0 0 0 1 0 302
1538 : 5 0 1 0 0 0 15
820 : 5 0 0 1 0 0 179
2310 : 5 0 0 0 0 1 447
117 : 5 1 0 0 0 0 227
821 : 5 0 0 1 0 0 307
1512 : 5 0 0 0 0 1 280
822 : 5 0 0 1 0 0 211
1099 : 5 0 0 0 1 0 493
1752 : 5 0 1 0 0 0 404
1151 : 5 0 0 0 1 0 385
431 : 5 1 0 0 0 0 148
824 : 5 0 0 1 0 0 403
1361 : 5 0 0 0 0 1 21
2090 : 5 0 0 0 1 0 43
1554 : 5 0 1 0 0 0 23
825 : 5 0 0 1 0 0 35
1987 : 5 0 0 1 0 0 252
1721 : 5 0 1 0 0 0 34
897 : 5 0 0 1 0 0 14
828 : 5 0 0 1 0 0 419
2187 : 5 0 0 0 1 0 238
1439 : 5 0 0 0 0 1 134
867 : 5 0 0 1 0 0 505
1865 : 5 0 0 1 0 0 413
1436 : 5 0 0 0 0 1 422
1243 : 5 0 0 0 1 0 164
376 : 5 1 0 0 0 0 418
1393 : 5 0 0 0 0 1 49
833 : 5 0 0 1 0 0 13
1369 : 5 0 0 0 0 1 37
838 : 5 0 0 1 0 0 93
858 : 5 0 0 1 0 0 229
275 : 5 1 0 0 0 0 286
1080 : 5 0 0 0 1 0 403
2557 : 5 0 0 0 0 1 192
841 : 5 0 0 1 0 0 285
843 : 5 0 0 1 0 0 493
845 : 5 0 0 1 0 0 301
1008 : 5 0 0 1 0 0 16
2143 : 5 0 0 0 1 0 325
826 : 5 0 0 1 0 0 227
31 : 5 1 0 0 0 0 463
846 : 5 0 0 1 0 0 205
1160 : 5 0 0 0 1 0 158
169 : 5 1 0 0 0 0 181
334 : 5 1 0 0 0 0 474
850 : 5 0 0 1 0 0 117
1597 : 5 0 1 0 0 0 291
851 : 5 0 0 1 0 0 501
852 : 5 0 0 1 0 0 181
2026 : 5 0 0 1 0 0 232
1836 : 5 0 0 1 0 0 363
856 : 5 0 0 1 0 0 405
146 : 5 1 0 0 0 0 413
784 : 5 0 0 1 0 0 143
857 : 5 0 0 1 0 0 37
1261 : 5 0 0 0 1 0 200
1405 : 5 0 0 0 0 1 193
859 : 5 0 0 1 0 0 357
734 : 5 0 1 0 0 0 324
860 : 5 0 0 1 0 0 421
2355 : 5 0 0 0 0 1 243
1112 : 5 0 0 0 1 0 405
1574 : 5 0 1 0 0 0 315
782 : 5 0 0 1 0 0 79
1135 : 5 0 0 0 1 0 137
1766 : 5 0 1 0 0 0 216
861 : 5 0 0 1 0 0 69
862 : 5 0 0 1 0 0 453
166 : 5 1 0 0 0 0 245
1458 : 5 0 0 0 0 1 242
863 : 5 0 0 1 0 0 133
1144 : 5 0 0 0 1 0 273
864 : 5 0 0 1 0 0 261
1302 : 5 0 0 0 0 1 87
2140 : 5 0 0 0 1 0 165
108 : 5 1 0 0 0 0 83
866 : 5 0 0 1 0 0 121
954 : 5 0 0 1 0 0 482
870 : 5 0 0 1 0 0 217
1718 : 5 0 1 0 0 0 210
871 : 5 0 0 1 0 0 345
1780 : 5 0 1 0 0 0 432
1659 : 5 0 1 0 0 0 353
873 : 5 0 0 1 0 0 41
1016 : 5 0 0 1 0 0 32
1196 : 5 0 0 0 1 0 426
3 : 5 1 0 0 0 0 7
875 : 5 0 0 1 0 0 361
2144 : 5 0 0 0 1 0 389
1317 : 5 0 0 0 0 1 443
878 : 5 0 0 1 0 0 457
884 : 5 0 0 1 0 0 433
1074 : 5 0 0 0 1 0 115
1947 : 5 0 0 1 0 0 486
879 : 5 0 0 1 0 0 137
2419 : 5 0 0 0 0 1 497
709 : 5 0 1 0 0 0 316
849 : 5 0 0 1 0 0 21
1330 : 5 0 0 0 0 1 115
880 : 5 0 0 1 0 0 265
539 : 5 0 1 0 0 0 487
1276 : 5 0 0 0 1 0 64
1288 : 5 0 0 0 0 1 351
883 : 5 0 0 1 0 0 369
1150 : 5 0 0 0 1 0 321
2275 : 5 0 0 0 1 0 504
2273 : 5 0 0 0 1 0 24
1810 : 5 0 0 1 0 0 23
1421 : 5 0 0 0 0 1 302
288 : 5 1 0 0 0 0 142
887 : 5 0 0 1 0 0 145
889 : 5 0 0 1 0 0 97
676 : 5 0 1 0 0 0 186
890 : 5 0 0 1 0 0 481
1964 : 5 0 0 1 0 0 170
1290 : 5 0 0 0 0 1 47
892 : 5 0 0 1 0 0 289
894 : 5 0 0 1 0 0 321
1870 : 5 0 0 1 0 0 77
895 : 5 0 0 1 0 0 385
901 : 5 0 0 1 0 0 446
597 : 5 0 1 0 0 0 309
1417 : 5 0 0 0 0 1 286
1128 : 5 0 0 0 1 0 409
902 : 5 0 0 1 0 0 94
904 : 5 0 0 1 0 0 158
2469 : 5 0 0 0 0 1 442
1034 : 5 0 0 0 1 0 47
906 : 5 0 0 1 0 0 110
2038 : 5 0 0 1 0 0 464
145 : 5 1 0 0 0 0 157
280 : 5 1 0 0 0 0 366
981 : 5 0 0 1 0 0 84
1981 : 5 0 0 1 0 0 66
907 : 5 0 0 1 0 0 494
990 : 5 0 0 1 0 0 324
1359 : 5 0 0 0 0 1 333
912 : 5 0 0 1 0 0 398
1843 : 5 0 0 1 0 0 243
916 : 5 0 0 1 0 0 182
1101 : 5 0 0 0 1 0 301
259 : 5 1 0 0 0 0 14
917 : 5 0 0 1 0 0 310
974 : 5 0 0 1 0 0 460
2155 : 5 0 0 0 1 0 489
1343 : 5 0 0 0 0 1 131
1738 : 5 0 1 0 0 0 108
919 : 5 0 0 1 0 0 342
1789 : 5 0 1 0 0 0 192
29 : 5 1 0 0 0 0 79
920 : 5 0 0 1 0 0 406
95 : 5 1 0 0 0 0 331
940 : 5 0 0 1 0 0 426
2339 : 5 0 0 0 0 1 123
921 : 5 0 0 1 0 0 38
922 : 5 0 0 1 0 0 230
1477 : 5 0 0 0 0 1 316
519 : 5 0 1 0 0 0 223
747 : 5 0 1 0 0 0 168
924 : 5 0 0 1 0 0 422
925 : 5 0 0 1 0 0 70
926 : 5 0 0 1 0 0 454
1181 : 5 0 0 0 1 0 70
540 : 5 0 1 0 0 0 167
1299 : 5 0 0 0 0 1 247
2531 : 5 0 0 0 0 1 504
766 : 5 0 1 0 0 0 128
928 : 5 0 0 1 0 0 262
2255 : 5 0 0 0 1 0 332
2249 : 5 0 0 0 1 0 284
1809 : 5 0 0 1 0 0 399
931 : 5 0 0 1 0 0 506
2270 : 5 0 0 0 1 0 452
1926 : 5 0 0 1 0 0 318
968 : 5 0 0 1 0 0 412
1476 : 5 0 0 0 0 1 188
1320 : 5 0 0 0 0 1 155
932 : 5 0 0 1 0 0 186
1658 : 5 0 1 0 0 0 225
933 : 5 0 0 1 0 0 314
934 : 5 0 0 1 0 0 218
1386 : 5 0 0 0 0 1 233
935 : 5 0 0 1 0 0 346
937 : 5 0 0 1 0 0 42
633 : 5 0 1 0 0 0 97
941 : 5 0 0 1 0 0 74
297 : 5 1 0 0 0 0 182
942 : 5 0 0 1 0 0 458
2279 : 5 0 0 0 1 0 344
943 : 5 0 0 1 0 0 138
923 : 5 0 0 1 0 0 358
1469 : 5 0 0 0 0 1 194
1860 : 5 0 0 1 0 0 509
191 : 5 1 0 0 0 0 133
944 : 5 0 0 1 0 0 266
945 : 5 0 0 1 0 0 50
946 : 5 0 0 1 0 0 242
947 : 5 0 0 1 0 0 370
81 : 5 1 0 0 0 0 155
949 : 5 0 0 1 0 0 82
950 : 5 0 0 1 0 0 466
953 : 5 0 0 1 0 0 98
1374 : 5 0 0 0 0 1 453
958 : 5 0 0 1 0 0 322
2508 : 5 0 0 0 0 1 172
959 : 5 0 0 1 0 0 386
1231 : 5 0 0 0 1 0 140
960 : 5 0 0 1 0 0 4
962 : 5 0 0 1 0 0 124
963 : 5 0 0 1 0 0 508
243 : 5 1 0 0 0 0 97
965 : 5 0 0 1 0 0 316
970 : 5 0 0 1 0 0 236
2192 : 5 0 0 0 1 0 142
971 : 5 0 0 1 0 0 364
972 : 5 0 0 1 0 0 428
2411 : 5 0 0 0 0 1 489
986 : 5 0 0 1 0 0 484
975 : 5 0 0 1 0 0 140
1596 : 5 0 1 0 0 0 163
1138 : 5 0 0 0 1 0 241
1877 : 5 0 0 1 0 0 437
1486 : 5 0 0 0 0 1 460
982 : 5 0 0 1 0 0 468
1153 : 5 0 0 0 1 0 14
2311 : 5 0 0 0 0 1 95
642 : 5 0 1 0 0 0 62
987 : 5 0 0 1 0 0 164
1319 : 5 0 0 0 0 1 475
2477 : 5 0 0 0 0 1 298
1706 : 5 0 1 0 0 0 106
1057 : 5 0 0 0 1 0 11
996 : 5 0 0 1 0 0 440
623 : 5 0 1 0 0 0 137
998 : 5 0 0 1 0 0 472
899 : 5 0 0 1 0 0 254
1002 : 5 0 0 1 0 0 488
835 : 5 0 0 1 0 0 253
80 : 5 1 0 0 0 0 347
1006 : 5 0 0 1 0 0 328
2296 : 5 0 0 0 1 0 272
1800 : 5 0 0 1 0 0 479
1077 : 5 0 0 0 1 0 307
1007 : 5 0 0 1 0 0 392
2226 : 5 0 0 0 1 0 114
1170 : 5 0 0 0 1 0 118
1010 : 5 0 0 1 0 0 496
1011 : 5 0 0 1 0 0 176
1220 : 5 0 0 0 1 0 188
1013 : 5 0 0 1 0 0 208
956 : 5 0 0 1 0 0 290
85 : 5 1 0 0 0 0 107
1019 : 5 0 0 1 0 0 416
2014 : 5 0 0 1 0 0 452
1020 : 5 0 0 1 0 0 64
1023 : 5 0 0 1 0 0 256
1026 : 5 0 0 0 1 0 31
378 : 5 1 0 0 0 0 66
1028 : 5 0 0 0 1 0 511
2432 : 5 0 0 0 0 1 257
181 : 5 1 0 0 0 0 229
55 : 5 1 0 0 0 0 487
1029 : 5 0 0 0 1 0 191
1031 : 5 0 0 0 1 0 223
646 : 5 0 1 0 0 0 94
1032 : 5 0 0 0 1 0 351
405 : 5 1 0 0 0 0 236
914 : 5 0 0 1 0 0 118
1301 : 5 0 0 0 0 1 439
1033 : 5 0 0 0 1 0 415
2113 : 5 0 0 0 1 0 5
1555 : 5 0 1 0 0 0 119
1109 : 5 0 0 0 1 0 309
1036 : 5 0 0 0 1 0 367
371 : 5 1 0 0 0 0 98
1041 : 5 0 0 0 1 0 271
2409 : 5 0 0 0 0 1 281
586 : 5 0 1 0 0 0 109
1042 : 5 0 0 0 1 0 55
1154 : 5 0 0 0 1 0 62
1043 : 5 0 0 0 1 0 247
10 : 5 1 0 0 0 0 383
1044 : 5 0 0 0 1 0 375
2535 : 5 0 0 0 0 1 344
2343 : 5 0 0 0 0 1 219
1047 : 5 0 0 0 1 0 471
1133 : 5 0 0 0 1 0 73
1049 : 5 0 0 0 1 0 279
298 : 5 1 0 0 0 0 438
1055 : 5 0 0 0 1 0 327
2281 : 5 0 0 0 1 0 40
1516 : 5 0 0 0 0 1 296
1065 : 5 0 0 0 1 0 283
2029 : 5 0 0 1 0 0 72
1973 : 5 0 0 1 0 0 306
1943 : 5 0 0 1 0 0 470
1066 : 5 0 0 0 1 0 107
1068 : 5 0 0 0 1 0 171
2340 : 5 0 0 0 0 1 507
1069 : 5 0 0 0 1 0 299
1234 : 5 0 0 0 1 0 244
634 : 5 0 1 0 0 0 481
186 : 5 1 0 0 0 0 293
1070 : 5 0 0 0 1 0 203
582 : 5 0 1 0 0 0 93
1071 : 5 0 0 0 1 0 331
1075 : 5 0 0 0 1 0 499
2287 : 5 0 0 0 1 0 136
1509 : 5 0 0 0 0 1 88
387 : 5 1 0 0 0 0 28
1294 : 5 0 0 0 0 1 79
1078 : 5 0 0 0 1 0 211
1083 : 5 0 0 0 1 0 355
1333 : 5 0 0 0 0 1 307
1085 : 5 0 0 0 1 0 67
1086 : 5 0 0 0 1 0 451
1087 : 5 0 0 0 1 0 131
1088 : 5 0 0 0 1 0 259
1092 : 5 0 0 0 1 0 381
113 : 5 1 0 0 0 0 403
1093 : 5 0 0 0 1 0 445
1004 : 5 0 0 1 0 0 296
1094 : 5 0 0 0 1 0 93
194 : 5 1 0 0 0 0 9
1095 : 5 0 0 0 1 0 477
2415 : 5 0 0 0 0 1 329
1097 : 5 0 0 0 1 0 285
1098 : 5 0 0 0 1 0 109
1105 : 5 0 0 0 1 0 21
1364 : 5 0 0 0 0 1 181
2392 : 5 0 0 0 0 1 149
1106 : 5 0 0 0 1 0 117
1407 : 5 0 0 0 0 1 385
1111 : 5 0 0 0 1 0 341
2240 : 5 0 0 0 1 0 258
1114 : 5 0 0 0 1 0 229
2523 : 5 0 0 0 0 1 356
1115 : 5 0 0 0 1 0 357
2519 : 5 0 0 0 0 1 340
1454 : 5 0 0 0 0 1 458
1787 : 5 0 1 0 0 0 160
1594 : 5 0 1 0 0 0 99
1117 : 5 0 0 0 1 0 69
755 : 5 0 1 0 0 0 176
1118 : 5 0 0 0 1 0 453
2171 : 5 0 0 0 1 0 353
2080 : 5 0 0 0 1 0 135
1131 : 5 0 0 0 1 0 361
1119 : 5 0 0 0 1 0 133
1463 : 5 0 0 0 0 1 146
1121 : 5 0 0 0 1 0 25
2367 : 5 0 0 0 0 1 323
82 : 5 1 0 0 0 0 411
595 : 5 0 1 0 0 0 501
434 : 5 1 0 0 0 0 36
1125 : 5 0 0 0 1 0 313
1126 : 5 0 0 0 1 0 217
91 : 5 1 0 0 0 0 299
1127 : 5 0 0 0 1 0 345
1129 : 5 0 0 0 1 0 41
346 : 5 1 0 0 0 0 298
1130 : 5 0 0 0 1 0 233
1631 : 5 0 1 0 0 0 325
1222 : 5 0 0 0 1 0 220
129 : 5 1 0 0 0 0 259
1134 : 5 0 0 0 1 0 457
1811 : 5 0 0 1 0 0 119
1027 : 5 0 0 0 1 0 127
1136 : 5 0 0 0 1 0 265
1137 : 5 0 0 0 1 0 49
1142 : 5 0 0 0 1 0 465
1143 : 5 0 0 0 1 0 145
1774 : 5 0 1 0 0 0 456
1146 : 5 0 0 0 1 0 481
293 : 5 1 0 0 0 0 118
966 : 5 0 0 1 0 0 220
1449 : 5 0 0 0 0 1 42
2201 : 5 0 0 0 1 0 278
1147 : 5 0 0 0 1 0 161
1739 : 5 0 1 0 0 0 492
1152 : 5 0 0 0 1 0 2
1395 : 5 0 0 0 0 1 369
1391 : 5 0 0 0 0 1 137
1155 : 5 0 0 0 1 0 254
1156 : 5 0 0 0 1 0 382
689 : 5 0 1 0 0 0 50
739 : 5 0 1 0 0 0 376
1157 : 5 0 0 0 1 0 446
2337 : 5 0 0 0 0 1 263
475 : 5 1 0 0 0 0 200
1161 : 5 0 0 0 1 0 286
1667 : 5 0 1 0 0 0 126
1281 : 5 0 0 0 0 1 7
1163 : 5 0 0 0 1 0 494
1166 : 5 0 0 0 1 0 206
1268 : 5 0 0 0 1 0 304
74 : 5 1 0 0 0 0 187
1167 : 5 0 0 0 1 0 334
1316 : 5 0 0 0 0 1 379
983 : 5 0 0 1 0 0 148
1460 : 5 0 0 0 0 1 434
1605 : 5 0 1 0 0 0 189
1172 : 5 0 0 0 1 0 182
1175 : 5 0 0 0 1 0 342
673 : 5 0 1 0 0 0 26
1176 : 5 0 0 0 1 0 406
2059 : 5 0 0 0 1 0 111
1210 : 5 0 0 0 1 0 482
1178 : 5 0 0 0 1 0 230
1179 : 5 0 0 0 1 0 358
1788 : 5 0 1 0 0 0 288
625 : 5 0 1 0 0 0 49
1182 : 5 0 0 0 1 0 454
2496 : 5 0 0 0 0 1 258
1183 : 5 0 0 0 1 0 134
1858 : 5 0 0 1 0 0 29
1108 : 5 0 0 0 1 0 181
1184 : 5 0 0 0 1 0 262
830 : 5 0 0 1 0 0 451
1190 : 5 0 0 0 1 0 218
1191 : 5 0 0 0 1 0 346
1192 : 5 0 0 0 1 0 410
1193 : 5 0 0 0 1 0 42
538 : 5 0 1 0 0 0 103
1195 : 5 0 0 0 1 0 362
670 : 5 0 1 0 0 0 454
1197 : 5 0 0 0 1 0 74
2178 : 5 0 0 0 1 0 30
1186 : 5 0 0 0 1 0 122
1198 : 5 0 0 0 1 0 458
1199 : 5 0 0 0 1 0 138
1710 : 5 0 1 0 0 0 202
1200 : 5 0 0 0 1 0 266
1201 : 5 0 0 0 1 0 50
2489 : 5 0 0 0 0 1 34
2293 : 5 0 0 0 1 0 80
1202 : 5 0 0 0 1 0 242
2420 : 5 0 0 0 0 1 177
1693 : 5 0 1 0 0 0 294
1306 : 5 0 0 0 0 1 103
1204 : 5 0 0 0 1 0 434
1246 : 5 0 0 0 1 0 324
1338 : 5 0 0 0 0 1 227
2389 : 5 0 0 0 0 1 437
813 : 5 0 0 1 0 0 299
1205 : 5 0 0 0 1 0 82
2256 : 5 0 0 0 1 0 396
1211 : 5 0 0 0 1 0 162
1213 : 5 0 0 0 1 0 194
1216 : 5 0 0 0 1 0 4
531 : 5 0 1 0 0 0 247
1217 : 5 0 0 0 1 0 28
1339 : 5 0 0 0 0 1 355
1839 : 5 0 0 1 0 0 459
1218 : 5 0 0 0 1 0 124
1224 : 5 0 0 0 1 0 412
1420 : 5 0 0 0 0 1 174
1900 : 5 0 0 1 0 0 169
45 : 5 1 0 0 0 0 87
819 : 5 0 0 1 0 0 499
1225 : 5 0 0 0 1 0 44
1676 : 5 0 1 0 0 0 366
1226 : 5 0 0 0 1 0 236
2122 : 5 0 0 0 1 0 45
745 : 5 0 1 0 0 0 104
1227 : 5 0 0 0 1 0 364
1232 : 5 0 0 0 1 0 268
1272 : 5 0 0 0 1 0 32
2314 : 5 0 0 0 0 1 287
2066 : 5 0 0 0 1 0 23
1615 : 5 0 1 0 0 0 461
1235 : 5 0 0 0 1 0 372
729 : 5 0 1 0 0 0 100
1236 : 5 0 0 0 1 0 436
362 : 5 1 0 0 0 0 306
1237 : 5 0 0 0 1 0 84
2032 : 5 0 0 1 0 0 264
617 : 5 0 1 0 0 0 41
893 : 5 0 0 1 0 0 193
721 : 5 0 1 0 0 0 52
1238 : 5 0 0 0 1 0 468
1239 : 5 0 0 0 1 0 148
392 : 5 1 0 0 0 0 380
37 : 5 1 0 0 0 0 55
1242 : 5 0 0 0 1 0 484
2532 : 5 0 0 0 0 1 184
1244 : 5 0 0 0 1 0 292
1586 : 5 0 1 0 0 0 51
1247 : 5 0 0 0 1 0 388
1853 : 5 0 0 1 0 0 291
1321 : 5 0 0 0 0 1 283
2191 : 5 0 0 0 1 0 462
1264 : 5 0 0 0 1 0 16
208 : 5 1 0 0 0 0 153
1248 : 5 0 0 0 1 0 8
1249 : 5 0 0 0 1 0 56
38 : 5 1 0 0 0 0 119
1250 : 5 0 0 0 1 0 248
1024 : 5 0 0 0 1 0 1
1251 : 5 0 0 0 1 0 376
1252 : 5 0 0 0 1 0 440
153 : 5 1 0 0 0 0 173
1253 : 5 0 0 0 1 0 88
675 : 5 0 1 0 0 0 506
1254 : 5 0 0 0 1 0 472
403 : 5 1 0 0 0 0 44
1255 : 5 0 0 0 1 0 152
1256 : 5 0 0 0 1 0 280
1651 : 5 0 1 0 0 0 497
1257 : 5 0 0 0 1 0 104
1258 : 5 0 0 0 1 0 488
1259 : 5 0 0 0 1 0 168
1438 : 5 0 0 0 0 1 454
1262 : 5 0 0 0 1 0 328
2247 : 5 0 0 0 1 0 476
955 : 5 0 0 1 0 0 162
1265 : 5 0 0 0 1 0 112
1353 : 5 0 0 0 0 1 285
506 : 5 1 0 0 0 0 192
1266 : 5 0 0 0 1 0 496
1267 : 5 0 0 0 1 0 176
1864 : 5 0 0 1 0 0 349
1053 : 5 0 0 0 1 0 295
1269 : 5 0 0 0 1 0 208
1270 : 5 0 0 0 1 0 336
168 : 5 1 0 0 0 0 373
1275 : 5 0 0 0 1 0 416
140 : 5 1 0 0 0 0 317
1278 : 5 0 0 0 1 0 128
2176 : 5 0 0 0 1 0 257
1279 : 5 0 0 0 1 0 256
2268 : 5 0 0 0 1 0 420
1280 : 5 0 0 0 0 1 1
350 : 5 1 0 0 0 0 330
1283 : 5 0 0 0 0 1 127
1285 : 5 0 0 0 0 1 191
1287 : 5 0 0 0 0 1 223
1776 : 5 0 1 0 0 0 264
1289 : 5 0 0 0 0 1 415
1295 : 5 0 0 0 0 1 463
1297 : 5 0 0 0 0 1 271
1298 : 5 0 0 0 0 1 55
1303 : 5 0 0 0 0 1 471
1473 : 5 0 0 0 0 1 28
1311 : 5 0 0 0 0 1 327
1996 : 5 0 0 1 0 0 172
1663 : 5 0 1 0 0 0 129
1273 : 5 0 0 0 1 0 224
1313 : 5 0 0 0 0 1 11
829 : 5 0 0 1 0 0 67
1314 : 5 0 0 0 0 1 59
832 : 5 0 0 1 0 0 259
1318 : 5 0 0 0 0 1 91
638 : 5 0 1 0 0 0 321
1322 : 5 0 0 0 0 1 107
896 : 5 0 0 1 0 0 2
1323 : 5 0 0 0 0 1 491
2183 : 5 0 0 0 1 0 222
18 : 5 1 0 0 0 0 159
1324 : 5 0 0 0 0 1 171
1326 : 5 0 0 0 0 1 203
1327 : 5 0 0 0 0 1 331
1427 : 5 0 0 0 0 1 502
1889 : 5 0 0 1 0 0 9
1335 : 5 0 0 0 0 1 339
1342 : 5 0 0 0 0 1 451
1344 : 5 0 0 0 0 1 259
1345 : 5 0 0 0 0 1 13
1403 : 5 0 0 0 0 1 161
14 : 5 1 0 0 0 0 95
1349 : 5 0 0 0 0 1 445
1350 : 5 0 0 0 0 1 93
1354 : 5 0 0 0 0 1 109
1356 : 5 0 0 0 0 1 173
1358 : 5 0 0 0 0 1 205
1365 : 5 0 0 0 0 1 309
1054 : 5 0 0 0 1 0 199
1428 : 5 0 0 0 0 1 182
2315 : 5 0 0 0 0 1 111
1372 : 5 0 0 0 0 1 421
869 : 5 0 0 1 0 0 313
330 : 5 1 0 0 0 0 442
1373 : 5 0 0 0 0 1 69
2393 : 5 0 0 0 0 1 277
684 : 5 0 1 0 0 0 426
1376 : 5 0 0 0 0 1 261
1536 : 5 0 1 0 0 0 0
1377 : 5 0 0 0 0 1 25
1378 : 5 0 0 0 0 1 121
1381 : 5 0 0 0 0 1 313
53 : 5 1 0 0 0 0 103
292 : 5 1 0 0 0 0 54
1382 : 5 0 0 0 0 1 217
1385 : 5 0 0 0 0 1 41
1389 : 5 0 0 0 0 1 73
1390 : 5 0 0 0 0 1 457
1392 : 5 0 0 0 0 1 265
591 : 5 0 1 0 0 0 333
1398 : 5 0 0 0 0 1 465
2028 : 5 0 0 1 0 0 424
1399 : 5 0 0 0 0 1 145
2285 : 5 0 0 0 1 0 72
948 : 5 0 0 1 0 0 434
1400 : 5 0 0 0 0 1 273
433 : 5 1 0 0 0 0 276
161 : 5 1 0 0 0 0 397
272 : 5 1 0 0 0 0 350
823 : 5 0 0 1 0 0 339
1185 : 5 0 0 0 1 0 26
1401 : 5 0 0 0 0 1 97
2212 : 5 0 0 0 1 0 378
2149 : 5 0 0 0 1 0 441
1021 : 5 0 0 1 0 0 448
1402 : 5 0 0 0 0 1 481
853 : 5 0 0 1 0 0 309
1406 : 5 0 0 0 0 1 321
1410 : 5 0 0 0 0 1 62
1409 : 5 0 0 0 0 1 14
1090 : 5 0 0 0 1 0 61
1411 : 5 0 0 0 0 1 254
788 : 5 0 0 1 0 0 375
1329 : 5 0 0 0 0 1 19
1412 : 5 0 0 0 0 1 382
1413 : 5 0 0 0 0 1 446
1415 : 5 0 0 0 0 1 478
1750 : 5 0 1 0 0 0 212
1673 : 5 0 1 0 0 0 414
1416 : 5 0 0 0 0 1 158
1379 : 5 0 0 0 0 1 505
1286 : 5 0 0 0 0 1 319
1418 : 5 0 0 0 0 1 110
1037 : 5 0 0 0 1 0 431
1424 : 5 0 0 0 0 1 398
123 : 5 1 0 0 0 0 67
1431 : 5 0 0 0 0 1 342
1434 : 5 0 0 0 0 1 230
2318 : 5 0 0 0 0 1 303
1435 : 5 0 0 0 0 1 358
386 : 5 1 0 0 0 0 12
1437 : 5 0 0 0 0 1 70
2016 : 5 0 0 1 0 0 260
1440 : 5 0 0 0 0 1 262
622 : 5 0 1 0 0 0 457
1441 : 5 0 0 0 0 1 26
1442 : 5 0 0 0 0 1 122
1444 : 5 0 0 0 0 1 186
470 : 5 1 0 0 0 0 360
1445 : 5 0 0 0 0 1 314
1433 : 5 0 0 0 0 1 38
1446 : 5 0 0 0 0 1 218
289 : 5 1 0 0 0 0 398
1448 : 5 0 0 0 0 1 410
1875 : 5 0 0 1 0 0 245
989 : 5 0 0 1 0 0 196
1450 : 5 0 0 0 0 1 234
1451 : 5 0 0 0 0 1 362
1453 : 5 0 0 0 0 1 74
997 : 5 0 0 1 0 0 88
1455 : 5 0 0 0 0 1 138
1459 : 5 0 0 0 0 1 370
1462 : 5 0 0 0 0 1 466
1464 : 5 0 0 0 0 1 274
1465 : 5 0 0 0 0 1 98
2467 : 5 0 0 0 0 1 250
1467 : 5 0 0 0 0 1 162
2018 : 5 0 0 1 0 0 120
1683 : 5 0 1 0 0 0 246
471 : 5 1 0 0 0 0 168
1475 : 5 0 0 0 0 1 508
1668 : 5 0 1 0 0 0 510
692 : 5 0 1 0 0 0 434
300 : 5 1 0 0 0 0 86
1479 : 5 0 0 0 0 1 348
1480 : 5 0 0 0 0 1 412
1483 : 5 0 0 0 0 1 364
1484 : 5 0 0 0 0 1 428
1759 : 5 0 1 0 0 0 132
290 : 5 1 0 0 0 0 270
1485 : 5 0 0 0 0 1 76
1487 : 5 0 0 0 0 1 140
1488 : 5 0 0 0 0 1 268
1491 : 5 0 0 0 0 1 372
