2560
10 0.03493 0.03045 0.00000 0.00000 0.93462 0.00000 0.00000 0.00000 0.00000 0.00000 
10 0.00000 0.00000 0.00000 0.99999 0.00000 0.00000 0.00000 0.00000 0.00000 0.00000 
9 0.00000 0.00000 1.00000 0.00000 0.00000 0.00000 0.00000 0.00000 0.00000 
8 0.10000 0.30000 0.10000 0.10000 0.10000 0.10000 0.10000 0.10000 
7 0.23077 0.00000 0.00000 0.00000 0.00000 0.00000 0.76923 
6 0.16667 0.16667 0.16667 0.16667 0.16667 0.16667 
5 0.00000 0.00000 0.00000 0.00000 1.00000 
4 0.25000 0.25000 0.25000 0.25000 
3 0.00000 0.00000 1.00000 
2 0.50000 0.50000 
2 0.00000 1.00000 
3 0.33333 0.33333 0.33333 
2 0.00000 1.00000 
2 0.50000 0.50000 
4 0.00000 0.00000 0.00000 1.00000 
3 0.33333 0.33333 0.33333 
2 0.00000 1.00000 
2 0.50000 0.50000 
3 0.00000 0.00000 1.00000 
2 0.50000 0.50000 
2 0.00000 1.00000 
5 0.20000 0.20000 0.20000 0.20000 0.20000 
4 0.00000 0.00000 0.00000 1.00000 
3 0.33333 0.33333 0.33333 
2 0.00000 1.00000 
2 0.50000 0.50000 
3 0.00000 0.00000 1.00000 
2 0.50000 0.50000 
2 0.00000 1.00000 
4 0.25000 0.25000 0.25000 0.25000 
3 0.00000 0.00000 1.00000 
2 0.50000 0.50000 
2 0.00000 1.00000 
3 0.33333 0.33333 0.33333 
2 0.00000 1.00000 
2 0.50000 0.50000 
6 0.25000 0.25000 0.25000 0.25000 0.00000 0.00000 
5 0.16000 0.16000 0.16000 0.16000 0.36000 
4 0.00000 0.00000 0.00000 1.00000 
3 0.33333 0.33333 0.33333 
2 0.00000 1.00000 
2 0.50000 0.50000 
3 0.00000 0.00000 1.00000 
2 0.50000 0.50000 
2 0.00000 1.00000 
4 0.20000 0.20000 0.20000 0.40000 
3 0.00000 0.00000 1.00000 
2 0.50000 0.50000 
2 0.00000 1.00000 
3 0.26667 0.26667 0.46667 
2 0.00000 1.00000 
2 0.40000 0.60000 
5 0.00000 0.00000 0.00000 0.00000 1.00000 
4 0.25000 0.25000 0.25000 0.25000 
3 0.00000 0.00000 1.00000 
2 0.50000 0.50000 
2 0.00000 1.00000 
3 0.33333 0.33333 0.33333 
2 0.00000 1.00000 
2 0.50000 0.50000 
4 0.00000 0.00000 0.00000 1.00000 
3 0.33333 0.33333 0.33333 
2 0.00000 1.00000 
2 0.50000 0.50000 
3 0.00000 0.00000 1.00000 
2 0.50000 0.50000 
2 0.00000 1.00000 
7 0.14286 0.14286 0.14286 0.14286 0.14286 0.14286 0.14286 
6 0.25000 0.25000 0.25000 0.25000 0.00000 0.00000 
5 0.20000 0.20000 0.20000 0.20000 0.20000 
4 0.00000 0.00000 0.00000 1.00000 
3 0.33333 0.33333 0.33333 
2 0.00000 1.00000 
2 0.50000 0.50000 
3 0.00000 0.00000 1.00000 
2 0.50000 0.50000 
2 0.00000 1.00000 
4 0.25000 0.25000 0.25000 0.25000 
3 0.00000 0.00000 1.00000 
2 0.50000 0.50000 
2 0.00000 1.00000 
3 0.33333 0.33333 0.33333 
2 0.00000 1.00000 
2 0.50000 0.50000 
5 0.00000 0.00000 0.00000 0.00000 1.00000 
4 0.25000 0.25000 0.25000 0.25000 
3 0.00000 0.00000 1.00000 
2 0.50000 0.50000 
2 0.00000 1.00000 
3 0.33333 0.33333 0.33333 
2 0.00000 1.00000 
2 0.50000 0.50000 
4 0.00000 0.00000 0.00000 1.00000 
3 0.33333 0.33333 0.33333 
2 0.00000 1.00000 
2 0.50000 0.50000 
3 0.00000 0.00000 1.00000 
2 0.50000 0.50000 
2 0.00000 1.00000 
6 0.16667 0.16667 0.16667 0.16667 0.16667 0.16667 
5 0.00000 0.00000 0.00000 0.00000 1.00000 
4 0.25000 0.25000 0.25000 0.25000 
3 0.00000 0.00000 1.00000 
2 0.50000 0.50000 
2 0.00000 1.00000 
3 0.33333 0.33333 0.33333 
2 0.00000 1.00000 
2 0.50000 0.50000 
4 0.00000 0.00000 0.00000 1.00000 
3 0.33333 0.33333 0.33333 
2 0.00000 1.00000 
2 0.50000 0.50000 
3 0.00000 0.00000 1.00000 
2 0.50000 0.50000 
2 0.00000 1.00000 
5 0.20000 0.20000 0.20000 0.20000 0.20000 
4 0.00000 0.00000 0.00000 1.00000 
3 0.33333 0.33333 0.33333 
2 0.00000 1.00000 
2 0.50000 0.50000 
3 0.00000 0.00000 1.00000 
2 0.50000 0.50000 
2 0.00000 1.00000 
4 0.25000 0.25000 0.25000 0.25000 
3 0.00000 0.00000 1.00000 
2 0.50000 0.50000 
2 0.00000 1.00000 
3 0.33333 0.33333 0.33333 
2 0.00000 1.00000 
2 0.50000 0.50000 
8 0.00000 0.99999 0.00000 0.00000 0.00000 0.00000 0.00000 0.00001 
7 0.14526 0.13879 0.13879 0.13879 0.13879 0.13879 0.16080 
6 0.25000 0.25000 0.25000 0.25000 0.00000 0.00000 
5 0.19109 0.19109 0.19109 0.19109 0.23565 
4 0.00000 0.00000 0.00000 1.00000 
3 0.33333 0.33333 0.33333 
2 0.00000 1.00000 
2 0.50000 0.50000 
3 0.00000 0.00000 1.00000 
2 0.50000 0.50000 
2 0.00000 1.00000 
4 0.23886 0.23886 0.23886 0.28342 
3 0.00000 0.00000 1.00000 
2 0.50000 0.50000 
2 0.00000 1.00000 
3 0.31848 0.31848 0.36304 
2 0.00000 1.00000 
2 0.50000 0.50000 
5 0.00000 0.00000 0.00000 0.00000 1.00000 
4 0.25000 0.25000 0.25000 0.25000 
3 0.00000 0.00000 1.00000 
2 0.50000 0.50000 
2 0.00000 1.00000 
3 0.33333 0.33333 0.33333 
2 0.00000 1.00000 
2 0.50000 0.50000 
4 0.00000 0.00000 0.00000 1.00000 
3 0.33333 0.33333 0.33333 
2 0.00000 1.00000 
2 0.50000 0.50000 
3 0.00000 0.00000 1.00000 
2 0.50000 0.50000 
2 0.00000 1.00000 
6 0.16667 0.16667 0.16667 0.16667 0.16667 0.16667 
5 0.00000 0.00000 0.00000 0.00000 1.00000 
4 0.25000 0.25000 0.25000 0.25000 
3 0.00000 0.00000 1.00000 
2 0.50000 0.50000 
2 0.00000 1.00000 
3 0.33333 0.33333 0.33333 
2 0.00000 1.00000 
2 0.50000 0.50000 
4 0.00000 0.00000 0.00000 1.00000 
3 0.33333 0.33333 0.33333 
2 0.00000 1.00000 
2 0.50000 0.50000 
3 0.00000 0.00000 1.00000 
2 0.50000 0.50000 
2 0.00000 1.00000 
5 0.15544 0.15544 0.15544 0.15544 0.37823 
4 0.00000 0.00000 0.00000 1.00000 
3 0.33333 0.33333 0.33333 
2 0.00000 1.00000 
2 0.50000 0.50000 
3 0.00000 0.00000 1.00000 
2 0.50000 0.50000 
2 0.00000 1.00000 
4 0.24288 0.24288 0.24288 0.27137 
3 0.00000 0.00000 1.00000 
2 0.50000 0.50000 
2 0.00000 1.00000 
3 0.32384 0.32384 0.35233 
2 0.00000 1.00000 
2 0.48575 0.51425 
7 0.99999 0.00000 0.00000 0.00000 0.00000 0.00000 0.00001 
6 0.16667 0.16667 0.16667 0.16667 0.16667 0.16667 
5 0.00000 0.00000 0.00000 0.00000 1.00000 
4 0.25000 0.25000 0.25000 0.25000 
3 0.00000 0.00000 1.00000 
2 0.50000 0.50000 
2 0.00000 1.00000 
3 0.33333 0.33333 0.33333 
2 0.00000 1.00000 
2 0.50000 0.50000 
4 0.00000 0.00000 0.00000 1.00000 
3 0.33333 0.33333 0.33333 
2 0.00000 1.00000 
2 0.50000 0.50000 
3 0.00000 0.00000 1.00000 
2 0.50000 0.50000 
2 0.00000 1.00000 
5 0.20000 0.20000 0.20000 0.20000 0.20000 
4 0.00000 0.00000 0.00000 1.00000 
3 0.33333 0.33333 0.33333 
2 0.00000 1.00000 
2 0.50000 0.50000 
3 0.00000 0.00000 1.00000 
2 0.50000 0.50000 
2 0.00000 1.00000 
4 0.25000 0.25000 0.25000 0.25000 
3 0.00000 0.00000 1.00000 
2 0.50000 0.50000 
2 0.00000 1.00000 
3 0.33333 0.33333 0.33333 
2 0.00000 1.00000 
2 0.50000 0.50000 
6 0.00000 0.00000 0.00000 0.00000 0.99999 0.00000 
5 0.00000 0.00000 0.00000 0.00000 1.00000 
4 0.00000 0.00000 0.00000 1.00000 
3 0.33333 0.33333 0.33333 
2 0.00000 1.00000 
2 0.50000 0.50000 
3 0.00000 0.00000 1.00000 
2 0.50000 0.50000 
2 0.00000 1.00000 
4 0.00000 0.00000 0.00000 1.00000 
3 0.00000 0.00000 1.00000 
2 0.50000 0.50000 
2 0.00000 1.00000 
3 0.00000 0.00000 1.00000 
2 0.00000 1.00000 
2 0.00000 1.00000 
5 0.00000 0.00000 0.00000 0.00000 1.00000 
4 0.25000 0.25000 0.25000 0.25000 
3 0.00000 0.00000 1.00000 
2 0.50000 0.50000 
2 0.00000 1.00000 
3 0.33333 0.33333 0.33333 
2 0.00000 1.00000 
2 0.50000 0.50000 
4 0.00000 0.00000 0.00000 1.00000 
3 0.33333 0.33333 0.33333 
2 0.00000 1.00000 
2 0.50000 0.50000 
3 0.00000 0.00000 1.00000 
2 0.50000 0.50000 
2 0.00000 1.00000 
9 0.00000 0.00000 0.99997 0.00000 0.00000 0.00000 0.00000 0.00000 0.00002 
8 0.00000 0.99999 0.00000 0.00000 0.00000 0.00000 0.00000 0.00000 
7 0.57657 0.02602 0.02602 0.02602 0.02602 0.02602 0.29331 
6 0.25000 0.25000 0.25000 0.25000 0.00000 0.00000 
5 0.01009 0.01009 0.01009 0.01009 0.95964 
4 0.00000 0.00000 0.00000 1.00000 
3 0.33333 0.33333 0.33333 
2 0.00000 1.00000 
2 0.50000 0.50000 
3 0.00000 0.00000 1.00000 
2 0.50000 0.50000 
2 0.00000 1.00000 
4 0.01261 0.01261 0.01261 0.96217 
3 0.00000 0.00000 1.00000 
2 0.50000 0.50000 
2 0.00000 1.00000 
3 0.09284 0.09284 0.81432 
2 0.00000 1.00000 
2 0.50000 0.50000 
5 0.00000 0.00000 0.00000 0.00000 1.00000 
4 0.25000 0.25000 0.25000 0.25000 
3 0.00000 0.00000 1.00000 
2 0.50000 0.50000 
2 0.00000 1.00000 
3 0.33333 0.33333 0.33333 
2 0.00000 1.00000 
2 0.50000 0.50000 
4 0.00000 0.00000 0.00000 1.00000 
3 0.33333 0.33333 0.33333 
2 0.00000 1.00000 
2 0.50000 0.50000 
3 0.00000 0.00000 1.00000 
2 0.50000 0.50000 
2 0.00000 1.00000 
6 0.16667 0.16667 0.16667 0.16667 0.16667 0.16667 
5 0.00000 0.00000 0.00000 0.00000 1.00000 
4 0.25000 0.25000 0.25000 0.25000 
3 0.00000 0.00000 1.00000 
2 0.50000 0.50000 
2 0.00000 1.00000 
3 0.33333 0.33333 0.33333 
2 0.00000 1.00000 
2 0.50000 0.50000 
4 0.00000 0.00000 0.00000 1.00000 
3 0.33333 0.33333 0.33333 
2 0.00000 1.00000 
2 0.50000 0.50000 
3 0.00000 0.00000 1.00000 
2 0.50000 0.50000 
2 0.00000 1.00000 
5 0.03643 0.03643 0.03643 0.03643 0.85427 
4 0.00000 0.00000 0.00000 1.00000 
3 0.33333 0.33333 0.33333 
2 0.00000 1.00000 
2 0.50000 0.50000 
3 0.00000 0.00000 1.00000 
2 0.50000 0.50000 
2 0.00000 1.00000 
4 0.04554 0.04554 0.04554 0.86338 
3 0.00000 0.00000 1.00000 
2 0.50000 0.50000 
2 0.00000 1.00000 
3 0.06072 0.06072 0.87856 
2 0.00000 1.00000 
2 0.09108 0.90892 
7 0.99999 0.00000 0.00000 0.00000 0.00000 0.00000 0.00001 
6 0.16667 0.16667 0.16667 0.16667 0.16667 0.16667 
5 0.00000 0.00000 0.00000 0.00000 1.00000 
4 0.25000 0.25000 0.25000 0.25000 
3 0.00000 0.00000 1.00000 
2 0.50000 0.50000 
2 0.00000 1.00000 
3 0.33333 0.33333 0.33333 
2 0.00000 1.00000 
2 0.50000 0.50000 
4 0.00000 0.00000 0.00000 1.00000 
3 0.33333 0.33333 0.33333 
2 0.00000 1.00000 
2 0.50000 0.50000 
3 0.00000 0.00000 1.00000 
2 0.50000 0.50000 
2 0.00000 1.00000 
5 0.17500 0.17500 0.17500 0.17500 0.30000 
4 0.00000 0.00000 0.00000 1.00000 
3 0.33333 0.33333 0.33333 
2 0.00000 1.00000 
2 0.50000 0.50000 
3 0.00000 0.00000 1.00000 
2 0.50000 0.50000 
2 0.00000 1.00000 
4 0.21875 0.21875 0.21875 0.34375 
3 0.00000 0.00000 1.00000 
2 0.50000 0.50000 
2 0.00000 1.00000 
3 0.29167 0.29167 0.41667 
2 0.00000 1.00000 
2 0.50000 0.50000 
6 0.00000 0.00000 0.00000 0.00000 0.99999 0.00000 
5 0.00000 0.00000 0.00000 0.00000 1.00000 
4 0.00000 0.00000 0.00000 1.00000 
3 0.33333 0.33333 0.33333 
2 0.00000 1.00000 
2 0.50000 0.50000 
3 0.00000 0.00000 1.00000 
2 0.50000 0.50000 
2 0.00000 1.00000 
4 0.00000 0.00000 0.00000 1.00000 
3 0.00000 0.00000 1.00000 
2 0.50000 0.50000 
2 0.00000 1.00000 
3 0.00000 0.00000 0.99999 
2 0.00000 1.00000 
2 0.00001 0.99999 
5 0.00000 0.00000 0.00000 0.00000 1.00000 
4 0.25000 0.25000 0.25000 0.25000 
3 0.00000 0.00000 1.00000 
2 0.50000 0.50000 
2 0.00000 1.00000 
3 0.33333 0.33333 0.33333 
2 0.00000 1.00000 
2 0.50000 0.50000 
4 0.00000 0.00000 0.00000 1.00000 
3 0.33333 0.33333 0.33333 
2 0.00000 1.00000 
2 0.50000 0.50000 
3 0.00000 0.00000 1.00000 
2 0.50000 0.50000 
2 0.00000 1.00000 
8 0.00000 1.00000 0.00000 0.00000 0.00000 0.00000 0.00000 0.00000 
7 0.23077 0.00000 0.00000 0.00000 0.00000 0.00000 0.76923 
6 0.16667 0.16667 0.16667 0.16667 0.16667 0.16667 
5 0.00000 0.00000 0.00000 0.00000 1.00000 
4 0.25000 0.25000 0.25000 0.25000 
3 0.00000 0.00000 1.00000 
2 0.50000 0.50000 
2 0.00000 1.00000 
3 0.33333 0.33333 0.33333 
2 0.00000 1.00000 
2 0.50000 0.50000 
4 0.00000 0.00000 0.00000 1.00000 
3 0.33333 0.33333 0.33333 
2 0.00000 1.00000 
2 0.50000 0.50000 
3 0.00000 0.00000 1.00000 
2 0.50000 0.50000 
2 0.00000 1.00000 
5 0.20000 0.20000 0.20000 0.20000 0.20000 
4 0.00000 0.00000 0.00000 1.00000 
3 0.33333 0.33333 0.33333 
2 0.00000 1.00000 
2 0.50000 0.50000 
3 0.00000 0.00000 1.00000 
2 0.50000 0.50000 
2 0.00000 1.00000 
4 0.25000 0.25000 0.25000 0.25000 
3 0.00000 0.00000 1.00000 
2 0.50000 0.50000 
2 0.00000 1.00000 
3 0.33333 0.33333 0.33333 
2 0.00000 1.00000 
2 0.50000 0.50000 
6 0.25000 0.25000 0.25000 0.25000 0.00000 0.00000 
5 0.00000 0.00000 0.00000 0.00000 1.00000 
4 0.00000 0.00000 0.00000 1.00000 
3 0.33333 0.33333 0.33333 
2 0.00000 1.00000 
2 0.50000 0.50000 
3 0.00000 0.00000 1.00000 
2 0.50000 0.50000 
2 0.00000 1.00000 
4 0.00000 0.00000 0.00000 1.00000 
3 0.00000 0.00000 1.00000 
2 0.50000 0.50000 
2 0.00000 1.00000 
3 0.00000 0.00000 1.00000 
2 0.00000 1.00000 
2 0.00000 1.00000 
5 0.00000 0.00000 0.00000 0.00000 1.00000 
4 0.25000 0.25000 0.25000 0.25000 
3 0.00000 0.00000 1.00000 
2 0.50000 0.50000 
2 0.00000 1.00000 
3 0.33333 0.33333 0.33333 
2 0.00000 1.00000 
2 0.50000 0.50000 
4 0.00000 0.00000 0.00000 1.00000 
3 0.33333 0.33333 0.33333 
2 0.00000 1.00000 
2 0.50000 0.50000 
3 0.00000 0.00000 1.00000 
2 0.50000 0.50000 
2 0.00000 1.00000 
7 0.99999 0.00000 0.00000 0.00000 0.00000 0.00000 0.00000 
6 0.25000 0.25000 0.25000 0.25000 0.00000 0.00000 
5 0.00000 0.00000 0.00000 0.00000 1.00000 
4 0.00000 0.00000 0.00000 1.00000 
3 0.33333 0.33333 0.33333 
2 0.00000 1.00000 
2 0.50000 0.50000 
3 0.00000 0.00000 1.00000 
2 0.50000 0.50000 
2 0.00000 1.00000 
4 0.00000 0.00000 0.00000 1.00000 
3 0.00000 0.00000 1.00000 
2 0.50000 0.50000 
2 0.00000 1.00000 
3 0.00000 0.00000 1.00000 
2 0.00000 1.00000 
2 0.00000 1.00000 
5 0.00000 0.00000 0.00000 0.00000 1.00000 
4 0.25000 0.25000 0.25000 0.25000 
3 0.00000 0.00000 1.00000 
2 0.50000 0.50000 
2 0.00000 1.00000 
3 0.33333 0.33333 0.33333 
2 0.00000 1.00000 
2 0.50000 0.50000 
4 0.00000 0.00000 0.00000 1.00000 
3 0.33333 0.33333 0.33333 
2 0.00000 1.00000 
2 0.50000 0.50000 
3 0.00000 0.00000 1.00000 
2 0.50000 0.50000 
2 0.00000 1.00000 
6 0.00000 0.00000 0.00000 0.00000 0.99999 0.00000 
5 0.00000 0.00000 0.00000 0.00000 1.00000 
4 0.25000 0.25000 0.25000 0.25000 
3 0.00000 0.00000 1.00000 
2 0.50000 0.50000 
2 0.00000 1.00000 
3 0.33333 0.33333 0.33333 
2 0.00000 1.00000 
2 0.50000 0.50000 
4 0.00000 0.00000 0.00000 1.00000 
3 0.33333 0.33333 0.33333 
2 0.00000 1.00000 
2 0.50000 0.50000 
3 0.00000 0.00000 1.00000 
2 0.50000 0.50000 
2 0.00000 1.00000 
5 0.00000 0.00000 0.00000 0.00000 0.99999 
4 0.00000 0.00000 0.00000 1.00000 
3 0.33333 0.33333 0.33333 
2 0.00000 1.00000 
2 0.50000 0.50000 
3 0.00000 0.00000 1.00000 
2 0.50000 0.50000 
2 0.00000 1.00000 
4 0.00001 0.00001 0.00001 0.99997 
3 0.00000 0.00000 1.00000 
2 0.50000 0.50000 
2 0.00000 1.00000 
3 0.00001 0.00001 0.99999 
2 0.00000 1.00000 
2 0.50000 0.50000 
10 0.00011 0.00003 0.00004 0.00002 0.99980 0.00000 0.00000 0.00000 0.00000 0.00000 
8 0.01517 0.04888 0.38081 0.00025 0.05100 0.00025 0.00025 0.50341 
6 0.00257 0.00257 0.00257 0.00257 0.00257 0.98717 
4 0.25000 0.25000 0.25000 0.25000 
2 0.50000 0.50000 
3 0.33333 0.33333 0.33333 
2 0.50000 0.50000 
3 0.33333 0.33333 0.33333 
2 0.50000 0.50000 
2 0.50000 0.50000 
5 0.20000 0.20000 0.20000 0.20000 0.20000 
3 0.33333 0.33333 0.33333 
2 0.50000 0.50000 
2 0.50000 0.50000 
4 0.25000 0.25000 0.25000 0.25000 
2 0.50000 0.50000 
3 0.33333 0.33333 0.33333 
2 0.50000 0.50000 
5 0.00100 0.00100 0.00100 0.00100 0.99600 
3 0.33333 0.33333 0.33333 
2 0.50000 0.50000 
2 0.50000 0.50000 
4 0.00125 0.00125 0.00125 0.99625 
2 0.50000 0.50000 
3 0.00167 0.00167 0.99667 
2 0.00250 0.99750 
4 0.00604 0.00604 0.00604 0.98188 
2 0.50000 0.50000 
3 0.00805 0.00805 0.98389 
2 0.01208 0.98792 
3 0.33333 0.33333 0.33333 
2 0.50000 0.50000 
2 0.00234 0.99766 
7 0.04239 0.21532 0.00028 0.00028 0.00028 0.00028 0.74116 
5 0.00129 0.00129 0.00129 0.00129 0.99482 
3 0.33333 0.33333 0.33333 
2 0.50000 0.50000 
2 0.50000 0.50000 
4 0.00162 0.00162 0.00162 0.99515 
2 0.50000 0.50000 
3 0.00216 0.00216 0.99568 
2 0.00324 0.99676 
4 0.02631 0.02631 0.02631 0.92107 
2 0.50000 0.50000 
3 0.03646 0.03646 0.92708 
2 0.11133 0.88867 
3 0.33333 0.33333 0.33333 
2 0.50000 0.50000 
2 0.50000 0.50000 
6 0.15823 0.15823 0.15823 0.15823 0.15823 0.20885 
4 0.25000 0.25000 0.25000 0.25000 
2 0.50000 0.50000 
3 0.33333 0.33333 0.33333 
2 0.50000 0.50000 
3 0.33333 0.33333 0.33333 
2 0.50000 0.50000 
2 0.50000 0.50000 
5 0.20000 0.20000 0.20000 0.20000 0.20000 
3 0.33333 0.33333 0.33333 
2 0.50000 0.50000 
2 0.50000 0.50000 
4 0.00049 0.00049 0.00049 0.99853 
2 0.50000 0.50000 
3 0.33333 0.33333 0.33333 
2 0.50000 0.50000 
7 0.00048 0.03691 0.00048 0.00048 0.00048 0.00048 0.96071 
5 0.20000 0.20000 0.20000 0.20000 0.20000 
3 0.33333 0.33333 0.33333 
2 0.50000 0.50000 
2 0.50000 0.50000 
4 0.12500 0.12500 0.12500 0.62500 
2 0.50000 0.50000 
3 0.16667 0.16667 0.66667 
2 0.50000 0.50000 
4 0.25000 0.25000 0.25000 0.25000 
2 0.50000 0.50000 
3 0.33333 0.33333 0.33333 
2 0.50000 0.50000 
3 0.33333 0.33333 0.33333 
2 0.50000 0.50000 
2 0.50000 0.50000 
6 0.19843 0.00056 0.00056 0.00056 0.00056 0.79934 
4 0.25000 0.25000 0.25000 0.25000 
2 0.50000 0.50000 
3 0.33333 0.33333 0.33333 
2 0.50000 0.50000 
3 0.33333 0.33333 0.33333 
2 0.50000 0.50000 
2 0.50000 0.50000 
5 0.01145 0.01145 0.01145 0.01145 0.95421 
3 0.33333 0.33333 0.33333 
2 0.50000 0.50000 
2 0.50000 0.50000 
4 0.00083 0.00083 0.00083 0.99750 
2 0.50000 0.50000 
3 0.00111 0.00111 0.99777 
2 0.00167 0.99833 
6 0.49797 0.00102 0.00102 0.00102 0.00102 0.49797 
4 0.25000 0.25000 0.25000 0.25000 
2 0.50000 0.50000 
3 0.33333 0.33333 0.33333 
2 0.50000 0.50000 
3 0.33333 0.33333 0.33333 
2 0.50000 0.50000 
2 0.50000 0.50000 
5 0.20000 0.20000 0.20000 0.20000 0.20000 
3 0.33333 0.33333 0.33333 
2 0.50000 0.50000 
2 0.50000 0.50000 
4 0.00152 0.00152 0.00152 0.99543 
2 0.50000 0.50000 
3 0.00203 0.00203 0.99594 
2 0.00305 0.99695 
5 0.00215 0.00215 0.00215 0.00215 0.99142 
3 0.33333 0.33333 0.33333 
2 0.50000 0.50000 
2 0.50000 0.50000 
4 0.00134 0.00134 0.00134 0.99598 
2 0.50000 0.50000 
3 0.00179 0.00179 0.99642 
2 0.00537 0.99463 
4 0.00000 0.00000 0.00000 0.99999 
2 0.50000 0.50000 
3 0.00000 0.00000 0.99999 
2 0.00001 0.99999 
3 0.33333 0.33333 0.33333 
2 0.50000 0.50000 
2 0.50000 0.50000 
9 0.00002 0.00000 0.00001 0.00000 0.00000 0.00000 0.00000 0.00000 0.99996 
7 0.00234 0.26426 0.00234 0.00234 0.00234 0.00234 0.72403 
5 0.20000 0.20000 0.20000 0.20000 0.20000 
3 0.33333 0.33333 0.33333 
2 0.50000 0.50000 
2 0.50000 0.50000 
4 0.25000 0.25000 0.25000 0.25000 
2 0.50000 0.50000 
3 0.33333 0.33333 0.33333 
2 0.50000 0.50000 
4 0.05796 0.05796 0.05796 0.82611 
2 0.50000 0.50000 
3 0.33333 0.33333 0.33333 
2 0.50000 0.50000 
3 0.33333 0.33333 0.33333 
2 0.50000 0.50000 
2 0.50000 0.50000 
6 0.00273 0.00273 0.00273 0.00273 0.00273 0.98635 
4 0.25000 0.25000 0.25000 0.25000 
2 0.50000 0.50000 
3 0.33333 0.33333 0.33333 
2 0.50000 0.50000 
3 0.33333 0.33333 0.33333 
2 0.50000 0.50000 
2 0.50000 0.50000 
5 0.00328 0.00328 0.00328 0.00328 0.98689 
3 0.33333 0.33333 0.33333 
2 0.50000 0.50000 
2 0.50000 0.50000 
4 0.00410 0.00410 0.00410 0.98771 
2 0.50000 0.50000 
3 0.00546 0.00546 0.98908 
2 0.00819 0.99181 
6 0.16167 0.16167 0.16167 0.16167 0.16167 0.19166 
4 0.25000 0.25000 0.25000 0.25000 
2 0.50000 0.50000 
3 0.33333 0.33333 0.33333 
2 0.50000 0.50000 
3 0.33333 0.33333 0.33333 
2 0.50000 0.50000 
2 0.50000 0.50000 
5 0.20000 0.20000 0.20000 0.20000 0.20000 
3 0.33333 0.33333 0.33333 
2 0.50000 0.50000 
2 0.50000 0.50000 
4 0.24250 0.24250 0.24250 0.27250 
2 0.50000 0.50000 
3 0.32334 0.32334 0.35333 
2 0.48500 0.51500 
5 0.00491 0.00491 0.00491 0.00491 0.98035 
3 0.33333 0.33333 0.33333 
2 0.50000 0.50000 
2 0.50000 0.50000 
4 0.00614 0.00614 0.00614 0.98158 
2 0.50000 0.50000 
3 0.00819 0.00819 0.98363 
2 0.01228 0.98772 
4 0.12363 0.12363 0.12363 0.62910 
2 0.50000 0.50000 
3 0.16484 0.16484 0.67031 
2 0.50000 0.50000 
3 0.33333 0.33333 0.33333 
2 0.50000 0.50000 
2 0.50000 0.50000 
8 0.00000 0.00000 0.00001 0.00000 0.00001 0.00000 0.00000 0.99998 
6 0.06407 0.06407 0.06407 0.06407 0.06407 0.67967 
4 0.25000 0.25000 0.25000 0.25000 
2 0.50000 0.50000 
3 0.33333 0.33333 0.33333 
2 0.50000 0.50000 
3 0.33333 0.33333 0.33333 
2 0.50000 0.50000 
2 0.50000 0.50000 
5 0.07688 0.07688 0.07688 0.07688 0.69248 
3 0.33333 0.33333 0.33333 
2 0.50000 0.50000 
2 0.50000 0.50000 
4 0.09610 0.09610 0.09610 0.71170 
2 0.50000 0.50000 
3 0.04051 0.04051 0.91898 
2 0.19220 0.80780 
5 0.01130 0.01130 0.01130 0.01130 0.95479 
3 0.33333 0.33333 0.33333 
2 0.50000 0.50000 
2 0.50000 0.50000 
4 0.00706 0.00706 0.00706 0.97881 
2 0.50000 0.50000 
3 0.00942 0.00942 0.98116 
2 0.02825 0.97175 
4 0.24841 0.24841 0.24841 0.25477 
2 0.50000 0.50000 
3 0.33121 0.33121 0.33757 
2 0.50000 0.50000 
3 0.33333 0.33333 0.33333 
2 0.50000 0.50000 
2 0.02573 0.97427 
7 0.00000 0.00001 0.00000 0.00000 0.00000 0.00000 0.99999 
5 0.01380 0.01380 0.01380 0.01380 0.94481 
3 0.33333 0.33333 0.33333 
2 0.50000 0.50000 
2 0.50000 0.50000 
4 0.00862 0.00862 0.00862 0.97413 
2 0.50000 0.50000 
3 0.01150 0.01150 0.97700 
2 0.29739 0.70261 
4 0.15425 0.15425 0.15425 0.53725 
2 0.50000 0.50000 
3 0.20567 0.20567 0.58867 
2 0.44326 0.55674 
3 0.33333 0.33333 0.33333 
2 0.50000 0.50000 
2 0.50000 0.50000 
6 0.00000 0.00000 0.00000 0.00000 0.00000 0.99999 
4 0.25000 0.25000 0.25000 0.25000 
2 0.50000 0.50000 
3 0.33333 0.33333 0.33333 
2 0.50000 0.50000 
3 0.33333 0.33333 0.33333 
2 0.50000 0.50000 
2 0.50000 0.50000 
5 0.20000 0.20000 0.20000 0.20000 0.20000 
3 0.33333 0.33333 0.33333 
2 0.50000 0.50000 
2 0.50000 0.50000 
4 0.00000 0.00000 0.00000 1.00000 
2 0.50000 0.50000 
3 0.00000 0.00000 1.00000 
2 0.00001 0.99999 
10 0.00207 0.00000 0.00002 0.00000 0.00001 0.00000 0.00000 0.00000 0.00000 0.99791 
8 0.00022 0.00334 0.00000 0.00000 0.00539 0.00000 0.00000 0.99105 
6 0.00000 0.00000 0.00000 0.00000 0.00000 1.00000 
4 0.25000 0.25000 0.25000 0.25000 
2 0.50000 0.50000 
3 0.33333 0.33333 0.33333 
2 0.50000 0.50000 
3 0.33333 0.33333 0.33333 
2 0.50000 0.50000 
2 0.50000 0.50000 
5 0.00000 0.00000 0.00000 0.00000 1.00000 
3 0.33333 0.33333 0.33333 
2 0.50000 0.50000 
2 0.50000 0.50000 
4 0.00000 0.00000 0.00000 1.00000 
2 0.50000 0.50000 
3 0.00000 0.00000 1.00000 
2 0.00000 1.00000 
5 0.00000 0.00000 0.00000 0.00000 1.00000 
3 0.33333 0.33333 0.33333 
2 0.50000 0.50000 
2 0.50000 0.50000 
4 0.00000 0.00000 0.00000 1.00000 
2 0.50000 0.50000 
3 0.00000 0.00000 1.00000 
2 0.00000 1.00000 
4 0.25000 0.25000 0.25000 0.25000 
2 0.50000 0.50000 
3 0.33333 0.33333 0.33333 
2 0.50000 0.50000 
3 0.33333 0.33333 0.33333 
2 0.50000 0.50000 
2 0.00000 1.00000 
7 0.00759 0.00000 0.00000 0.00000 0.00000 0.00000 0.99241 
5 0.00000 0.00000 0.00000 0.00000 1.00000 
3 0.33333 0.33333 0.33333 
2 0.50000 0.50000 
2 0.50000 0.50000 
4 0.00000 0.00000 0.00000 1.00000 
2 0.50000 0.50000 
3 0.00000 0.00000 1.00000 
2 0.00000 1.00000 
4 0.25000 0.25000 0.25000 0.25000 
2 0.50000 0.50000 
3 0.33333 0.33333 0.33333 
2 0.50000 0.50000 
3 0.33333 0.33333 0.33333 
2 0.50000 0.50000 
2 0.50000 0.50000 
6 0.00000 0.00000 0.00000 0.00000 0.00000 1.00000 
4 0.25000 0.25000 0.25000 0.25000 
2 0.50000 0.50000 
3 0.33333 0.33333 0.33333 
2 0.50000 0.50000 
3 0.33333 0.33333 0.33333 
2 0.50000 0.50000 
2 0.50000 0.50000 
5 0.00000 0.00000 0.00000 0.00000 1.00000 
3 0.33333 0.33333 0.33333 
2 0.50000 0.50000 
2 0.50000 0.50000 
4 0.00000 0.00000 0.00000 1.00000 
2 0.50000 0.50000 
3 0.00000 0.00000 1.00000 
2 0.00000 1.00000 
7 0.14286 0.14286 0.14286 0.14286 0.14286 0.14286 0.14286 
5 0.20000 0.20000 0.20000 0.20000 0.20000 
3 0.33333 0.33333 0.33333 
2 0.50000 0.50000 
2 0.50000 0.50000 
4 0.25000 0.25000 0.25000 0.25000 
2 0.50000 0.50000 
3 0.33333 0.33333 0.33333 
2 0.50000 0.50000 
4 0.25000 0.25000 0.25000 0.25000 
2 0.50000 0.50000 
3 0.33333 0.33333 0.33333 
2 0.50000 0.50000 
3 0.33333 0.33333 0.33333 
2 0.50000 0.50000 
2 0.50000 0.50000 
6 0.16667 0.16667 0.16667 0.16667 0.16667 0.16667 
4 0.25000 0.25000 0.25000 0.25000 
2 0.50000 0.50000 
3 0.33333 0.33333 0.33333 
2 0.50000 0.50000 
3 0.33333 0.33333 0.33333 
2 0.50000 0.50000 
2 0.50000 0.50000 
5 0.20000 0.20000 0.20000 0.20000 0.20000 
3 0.33333 0.33333 0.33333 
2 0.50000 0.50000 
2 0.50000 0.50000 
4 0.25000 0.25000 0.25000 0.25000 
2 0.50000 0.50000 
3 0.33333 0.33333 0.33333 
2 0.50000 0.50000 
6 0.00000 0.00000 0.00000 0.00000 0.00000 1.00000 
4 0.25000 0.25000 0.25000 0.25000 
2 0.50000 0.50000 
3 0.33333 0.33333 0.33333 
2 0.50000 0.50000 
3 0.33333 0.33333 0.33333 
2 0.50000 0.50000 
2 0.50000 0.50000 
5 0.00000 0.00000 0.00000 0.00000 1.00000 
3 0.33333 0.33333 0.33333 
2 0.50000 0.50000 
2 0.50000 0.50000 
4 0.00000 0.00000 0.00000 1.00000 
2 0.50000 0.50000 
3 0.00000 0.00000 1.00000 
2 0.00000 1.00000 
5 0.20000 0.20000 0.20000 0.20000 0.20000 
3 0.33333 0.33333 0.33333 
2 0.50000 0.50000 
2 0.50000 0.50000 
4 0.25000 0.25000 0.25000 0.25000 
2 0.50000 0.50000 
3 0.33333 0.33333 0.33333 
2 0.50000 0.50000 
4 0.00000 0.00000 0.00000 1.00000 
2 0.50000 0.50000 
3 0.00000 0.00000 1.00000 
2 0.00000 1.00000 
3 0.33333 0.33333 0.33333 
2 0.50000 0.50000 
2 0.50000 0.50000 
9 0.00000 0.00001 0.00001 0.00000 0.99997 0.00000 0.00000 0.00000 0.00000 
7 0.00000 0.00000 0.00000 0.00000 0.00000 0.00000 1.00000 
5 0.20000 0.20000 0.20000 0.20000 0.20000 
3 0.33333 0.33333 0.33333 
2 0.50000 0.50000 
2 0.50000 0.50000 
4 0.25000 0.25000 0.25000 0.25000 
2 0.50000 0.50000 
3 0.33333 0.33333 0.33333 
2 0.50000 0.50000 
4 0.25000 0.25000 0.25000 0.25000 
2 0.50000 0.50000 
3 0.33333 0.33333 0.33333 
2 0.50000 0.50000 
3 0.33333 0.33333 0.33333 
2 0.50000 0.50000 
2 0.50000 0.50000 
6 0.00000 0.00000 0.00000 0.00000 0.00000 1.00000 
4 0.25000 0.25000 0.25000 0.25000 
2 0.50000 0.50000 
3 0.33333 0.33333 0.33333 
2 0.50000 0.50000 
3 0.33333 0.33333 0.33333 
2 0.50000 0.50000 
2 0.50000 0.50000 
5 0.00000 0.00000 0.00000 0.00000 1.00000 
3 0.33333 0.33333 0.33333 
2 0.50000 0.50000 
2 0.50000 0.50000 
4 0.00000 0.00000 0.00000 1.00000 
2 0.50000 0.50000 
3 0.00000 0.00000 1.00000 
2 0.00000 1.00000 
6 0.00000 0.00000 0.00000 0.00000 0.00000 1.00000 
4 0.25000 0.25000 0.25000 0.25000 
2 0.50000 0.50000 
3 0.33333 0.33333 0.33333 
2 0.50000 0.50000 
3 0.33333 0.33333 0.33333 
2 0.50000 0.50000 
2 0.50000 0.50000 
5 0.00000 0.00000 0.00000 0.00000 1.00000 
3 0.33333 0.33333 0.33333 
2 0.50000 0.50000 
2 0.50000 0.50000 
4 0.00000 0.00000 0.00000 1.00000 
2 0.50000 0.50000 
3 0.00000 0.00000 1.00000 
2 0.00000 1.00000 
5 0.00000 0.00000 0.00000 0.00000 1.00000 
3 0.33333 0.33333 0.33333 
2 0.50000 0.50000 
2 0.50000 0.50000 
4 0.00000 0.00000 0.00000 1.00000 
2 0.50000 0.50000 
3 0.00000 0.00000 1.00000 
2 0.00000 1.00000 
4 0.00000 0.00000 0.00000 1.00000 
2 0.50000 0.50000 
3 0.00000 0.00000 1.00000 
2 0.00000 1.00000 
3 0.00000 0.00000 1.00000 
2 0.00000 1.00000 
2 0.00000 1.00000 
8 0.00001 0.00001 0.00000 0.00000 0.00000 0.00000 0.00000 0.99998 
6 0.00000 0.00000 0.00000 0.00000 0.00000 1.00000 
4 0.25000 0.25000 0.25000 0.25000 
2 0.50000 0.50000 
3 0.33333 0.33333 0.33333 
2 0.50000 0.50000 
3 0.33333 0.33333 0.33333 
2 0.50000 0.50000 
2 0.50000 0.50000 
5 0.00000 0.00000 0.00000 0.00000 1.00000 
3 0.33333 0.33333 0.33333 
2 0.50000 0.50000 
2 0.50000 0.50000 
4 0.00000 0.00000 0.00000 1.00000 
2 0.50000 0.50000 
3 0.00000 0.00000 1.00000 
2 0.00000 1.00000 
5 0.00000 0.00000 0.00000 0.00000 1.00000 
3 0.33333 0.33333 0.33333 
2 0.50000 0.50000 
2 0.50000 0.50000 
4 0.00000 0.00000 0.00000 1.00000 
2 0.50000 0.50000 
3 0.00000 0.00000 1.00000 
2 0.00000 1.00000 
4 0.25000 0.25000 0.25000 0.25000 
2 0.50000 0.50000 
3 0.33333 0.33333 0.33333 
2 0.50000 0.50000 
3 0.00000 0.00000 1.00000 
2 0.00000 1.00000 
2 0.00000 1.00000 
7 0.00000 0.00000 0.00000 0.00000 0.00000 0.00000 1.00000 
5 0.20000 0.20000 0.20000 0.20000 0.20000 
3 0.33333 0.33333 0.33333 
2 0.50000 0.50000 
2 0.50000 0.50000 
4 0.25000 0.25000 0.25000 0.25000 
2 0.50000 0.50000 
3 0.33333 0.33333 0.33333 
2 0.50000 0.50000 
4 0.25000 0.25000 0.25000 0.25000 
2 0.50000 0.50000 
3 0.33333 0.33333 0.33333 
2 0.50000 0.50000 
3 0.33333 0.33333 0.33333 
2 0.50000 0.50000 
2 0.50000 0.50000 
6 0.00000 0.00000 0.00000 0.00000 0.00000 1.00000 
4 0.25000 0.25000 0.25000 0.25000 
2 0.50000 0.50000 
3 0.33333 0.33333 0.33333 
2 0.50000 0.50000 
3 0.33333 0.33333 0.33333 
2 0.50000 0.50000 
2 0.50000 0.50000 
5 0.00000 0.00000 0.00000 0.00000 1.00000 
3 0.33333 0.33333 0.33333 
2 0.50000 0.50000 
2 0.50000 0.50000 
4 0.00000 0.00000 0.00000 1.00000 
2 0.50000 0.50000 
3 0.00000 0.00000 1.00000 
2 0.00000 1.00000 
10 0.00024 0.98659 0.00000 0.00000 0.00000 0.00000 0.00000 0.00000 0.00000 0.01316 
8 0.00006 0.00006 0.00006 0.00006 0.99960 0.00006 0.00006 0.00006 
6 0.16667 0.16667 0.16667 0.16667 0.16667 0.16667 
4 0.25000 0.25000 0.25000 0.25000 
2 0.50000 0.50000 
3 0.33333 0.33333 0.33333 
2 0.50000 0.50000 
3 0.33333 0.33333 0.33333 
2 0.50000 0.50000 
2 0.50000 0.50000 
5 0.20000 0.20000 0.20000 0.20000 0.20000 
3 0.33333 0.33333 0.33333 
2 0.50000 0.50000 
2 0.50000 0.50000 
4 0.25000 0.25000 0.25000 0.25000 
2 0.50000 0.50000 
3 0.33333 0.33333 0.33333 
2 0.50000 0.50000 
5 0.20000 0.20000 0.20000 0.20000 0.20000 
3 0.33333 0.33333 0.33333 
2 0.50000 0.50000 
2 0.50000 0.50000 
4 0.25000 0.25000 0.25000 0.25000 
2 0.50000 0.50000 
3 0.33333 0.33333 0.33333 
2 0.50000 0.50000 
4 0.25000 0.25000 0.25000 0.25000 
2 0.50000 0.50000 
3 0.33333 0.33333 0.33333 
2 0.50000 0.50000 
3 0.33333 0.33333 0.33333 
2 0.50000 0.50000 
2 0.00203 0.99797 
7 0.00006 0.00006 0.00006 0.00006 0.00006 0.00006 0.99961 
5 0.20000 0.20000 0.20000 0.20000 0.20000 
3 0.33333 0.33333 0.33333 
2 0.50000 0.50000 
2 0.50000 0.50000 
4 0.25000 0.25000 0.25000 0.25000 
2 0.50000 0.50000 
3 0.33333 0.33333 0.33333 
2 0.50000 0.50000 
4 0.25000 0.25000 0.25000 0.25000 
2 0.50000 0.50000 
3 0.33333 0.33333 0.33333 
2 0.50000 0.50000 
3 0.33333 0.33333 0.33333 
2 0.50000 0.50000 
2 0.50000 0.50000 
6 0.00896 0.00896 0.00896 0.00896 0.00896 0.95518 
4 0.25000 0.25000 0.25000 0.25000 
2 0.50000 0.50000 
3 0.33333 0.33333 0.33333 
2 0.50000 0.50000 
3 0.33333 0.33333 0.33333 
2 0.50000 0.50000 
2 0.50000 0.50000 
5 0.00677 0.00677 0.00677 0.00677 0.97291 
3 0.33333 0.33333 0.33333 
2 0.50000 0.50000 
2 0.50000 0.50000 
4 0.00011 0.00011 0.00011 0.99966 
2 0.50000 0.50000 
3 0.33333 0.33333 0.33333 
2 0.50000 0.50000 
7 0.00000 0.00000 0.00000 0.00000 0.00000 0.00000 1.00000 
5 0.18049 0.18049 0.18049 0.18049 0.27806 
3 0.33333 0.33333 0.33333 
2 0.50000 0.50000 
2 0.50000 0.50000 
4 0.25000 0.25000 0.25000 0.25000 
2 0.50000 0.50000 
3 0.33333 0.33333 0.33333 
2 0.50000 0.50000 
4 0.25000 0.25000 0.25000 0.25000 
2 0.50000 0.50000 
3 0.33333 0.33333 0.33333 
2 0.50000 0.50000 
3 0.33333 0.33333 0.33333 
2 0.50000 0.50000 
2 0.50000 0.50000 
6 0.00000 0.00000 0.00000 0.00000 0.00000 1.00000 
4 0.25000 0.25000 0.25000 0.25000 
2 0.50000 0.50000 
3 0.33333 0.33333 0.33333 
2 0.50000 0.50000 
3 0.33333 0.33333 0.33333 
2 0.50000 0.50000 
2 0.50000 0.50000 
5 0.00000 0.00000 0.00000 0.00000 1.00000 
3 0.33333 0.33333 0.33333 
2 0.50000 0.50000 
2 0.50000 0.50000 
4 0.00000 0.00000 0.00000 1.00000 
2 0.50000 0.50000 
3 0.00000 0.00000 0.99999 
2 0.00001 0.99999 
6 0.00000 0.00000 0.00000 0.00000 0.00000 1.00000 
4 0.25000 0.25000 0.25000 0.25000 
2 0.50000 0.50000 
3 0.33333 0.33333 0.33333 
2 0.50000 0.50000 
3 0.33333 0.33333 0.33333 
2 0.50000 0.50000 
2 0.50000 0.50000 
5 0.00000 0.00000 0.00000 0.00000 1.00000 
3 0.33333 0.33333 0.33333 
2 0.50000 0.50000 
2 0.50000 0.50000 
4 0.00000 0.00000 0.00000 1.00000 
2 0.50000 0.50000 
3 0.00000 0.00000 1.00000 
2 0.00000 1.00000 
5 0.20000 0.20000 0.20000 0.20000 0.20000 
3 0.33333 0.33333 0.33333 
2 0.50000 0.50000 
2 0.50000 0.50000 
4 0.25000 0.25000 0.25000 0.25000 
2 0.50000 0.50000 
3 0.33333 0.33333 0.33333 
2 0.50000 0.50000 
4 0.00578 0.00578 0.00578 0.98267 
2 0.50000 0.50000 
3 0.00770 0.00770 0.98460 
2 0.01155 0.98845 
3 0.33333 0.33333 0.33333 
2 0.50000 0.50000 
2 0.50000 0.50000 
9 0.99678 0.00000 0.00000 0.00000 0.00000 0.00000 0.00000 0.00000 0.00322 
7 0.00000 0.00000 0.00000 0.00000 0.00000 0.00000 0.99999 
5 0.17143 0.17143 0.17143 0.17143 0.31429 
3 0.33333 0.33333 0.33333 
2 0.50000 0.50000 
2 0.50000 0.50000 
4 0.21429 0.21429 0.21429 0.35714 
2 0.50000 0.50000 
3 0.33333 0.33333 0.33333 
2 0.50000 0.50000 
4 0.25000 0.25000 0.25000 0.25000 
2 0.50000 0.50000 
3 0.33333 0.33333 0.33333 
2 0.50000 0.50000 
3 0.33333 0.33333 0.33333 
2 0.50000 0.50000 
2 0.50000 0.50000 
6 0.00000 0.00000 0.00000 0.00000 0.00000 1.00000 
4 0.25000 0.25000 0.25000 0.25000 
2 0.50000 0.50000 
3 0.33333 0.33333 0.33333 
2 0.50000 0.50000 
3 0.33333 0.33333 0.33333 
2 0.50000 0.50000 
2 0.50000 0.50000 
5 0.00000 0.00000 0.00000 0.00000 0.99999 
3 0.33333 0.33333 0.33333 
2 0.50000 0.50000 
2 0.50000 0.50000 
4 0.00000 0.00000 0.00000 1.00000 
2 0.50000 0.50000 
3 0.00000 0.00000 1.00000 
2 0.00000 1.00000 
6 0.00000 0.00000 0.00000 0.00000 0.00000 1.00000 
4 0.25000 0.25000 0.25000 0.25000 
2 0.50000 0.50000 
3 0.33333 0.33333 0.33333 
2 0.50000 0.50000 
3 0.33333 0.33333 0.33333 
2 0.50000 0.50000 
2 0.50000 0.50000 
5 0.00000 0.00000 0.00000 0.00000 1.00000 
3 0.33333 0.33333 0.33333 
2 0.50000 0.50000 
2 0.50000 0.50000 
4 0.00000 0.00000 0.00000 1.00000 
2 0.50000 0.50000 
3 0.00000 0.00000 1.00000 
2 0.00000 1.00000 
5 0.20000 0.20000 0.20000 0.20000 0.20000 
3 0.33333 0.33333 0.33333 
2 0.50000 0.50000 
2 0.50000 0.50000 
4 0.25000 0.25000 0.25000 0.25000 
2 0.50000 0.50000 
3 0.33333 0.33333 0.33333 
2 0.50000 0.50000 
4 0.25000 0.25000 0.25000 0.25000 
2 0.50000 0.50000 
3 0.33333 0.33333 0.33333 
2 0.50000 0.50000 
3 0.33333 0.33333 0.33333 
2 0.50000 0.50000 
2 0.50000 0.50000 
8 0.00000 0.00000 0.00000 0.00000 0.99999 0.00000 0.00000 0.00000 
6 0.00000 0.00000 0.00000 0.00000 0.00000 1.00000 
4 0.25000 0.25000 0.25000 0.25000 
2 0.50000 0.50000 
3 0.33333 0.33333 0.33333 
2 0.50000 0.50000 
3 0.33333 0.33333 0.33333 
2 0.50000 0.50000 
2 0.50000 0.50000 
5 0.00000 0.00000 0.00000 0.00000 1.00000 
3 0.33333 0.33333 0.33333 
2 0.50000 0.50000 
2 0.50000 0.50000 
4 0.00000 0.00000 0.00000 1.00000 
2 0.50000 0.50000 
3 0.00000 0.00000 1.00000 
2 0.00000 1.00000 
5 0.03614 0.44579 0.03614 0.03614 0.44579 
3 0.33333 0.33333 0.33333 
2 0.50000 0.50000 
2 0.50000 0.50000 
4 0.36651 0.04518 0.04518 0.54314 
2 0.50000 0.50000 
3 0.33333 0.33333 0.33333 
2 0.09035 0.90965 
4 0.25000 0.25000 0.25000 0.25000 
2 0.50000 0.50000 
3 0.33333 0.33333 0.33333 
2 0.50000 0.50000 
3 0.33333 0.33333 0.33333 
2 0.50000 0.50000 
2 0.00001 0.99999 
7 0.00000 0.00000 0.00000 0.00000 0.00000 0.00000 0.99999 
5 0.12379 0.12379 0.12379 0.12379 0.50482 
3 0.33333 0.33333 0.33333 
2 0.50000 0.50000 
2 0.50000 0.50000 
4 0.15474 0.15474 0.15474 0.53577 
2 0.50000 0.50000 
3 0.20632 0.20632 0.58735 
2 0.30948 0.69052 
4 0.25000 0.25000 0.25000 0.25000 
2 0.50000 0.50000 
3 0.33333 0.33333 0.33333 
2 0.50000 0.50000 
3 0.33333 0.33333 0.33333 
2 0.50000 0.50000 
2 0.50000 0.50000 
6 0.00000 0.00000 0.00000 0.00000 0.00000 1.00000 
4 0.25000 0.25000 0.25000 0.25000 
2 0.50000 0.50000 
3 0.33333 0.33333 0.33333 
2 0.50000 0.50000 
3 0.33333 0.33333 0.33333 
2 0.50000 0.50000 
2 0.50000 0.50000 
5 0.00000 0.00000 0.00000 0.00000 1.00000 
3 0.33333 0.33333 0.33333 
2 0.50000 0.50000 
2 0.50000 0.50000 
4 0.00000 0.00000 0.00000 1.00000 
2 0.50000 0.50000 
3 0.00000 0.00000 1.00000 
2 0.00000 1.00000 
10 0.00000 0.00001 0.99999 0.00000 0.00000 0.00000 0.00000 0.00000 0.00000 0.00001 
8 0.12500 0.12500 0.12500 0.12500 0.12500 0.12500 0.12500 0.12500 
6 0.16667 0.16667 0.16667 0.16667 0.16667 0.16667 
4 0.25000 0.25000 0.25000 0.25000 
2 0.50000 0.50000 
3 0.33333 0.33333 0.33333 
2 0.50000 0.50000 
3 0.33333 0.33333 0.33333 
2 0.50000 0.50000 
2 0.50000 0.50000 
5 0.20000 0.20000 0.20000 0.20000 0.20000 
3 0.33333 0.33333 0.33333 
2 0.50000 0.50000 
2 0.50000 0.50000 
4 0.25000 0.25000 0.25000 0.25000 
2 0.50000 0.50000 
3 0.33333 0.33333 0.33333 
2 0.50000 0.50000 
5 0.20000 0.20000 0.20000 0.20000 0.20000 
3 0.33333 0.33333 0.33333 
2 0.50000 0.50000 
2 0.50000 0.50000 
4 0.25000 0.25000 0.25000 0.25000 
2 0.50000 0.50000 
3 0.33333 0.33333 0.33333 
2 0.50000 0.50000 
4 0.25000 0.25000 0.25000 0.25000 
2 0.50000 0.50000 
3 0.33333 0.33333 0.33333 
2 0.50000 0.50000 
3 0.33333 0.33333 0.33333 
2 0.50000 0.50000 
2 0.50000 0.50000 
7 0.14286 0.14286 0.14286 0.14286 0.14286 0.14286 0.14286 
5 0.20000 0.20000 0.20000 0.20000 0.20000 
3 0.33333 0.33333 0.33333 
2 0.50000 0.50000 
2 0.50000 0.50000 
4 0.25000 0.25000 0.25000 0.25000 
2 0.50000 0.50000 
3 0.33333 0.33333 0.33333 
2 0.50000 0.50000 
4 0.25000 0.25000 0.25000 0.25000 
2 0.50000 0.50000 
3 0.33333 0.33333 0.33333 
2 0.50000 0.50000 
3 0.33333 0.33333 0.33333 
2 0.50000 0.50000 
2 0.50000 0.50000 
6 0.16667 0.16667 0.16667 0.16667 0.16667 0.16667 
4 0.25000 0.25000 0.25000 0.25000 
2 0.50000 0.50000 
3 0.33333 0.33333 0.33333 
2 0.50000 0.50000 
3 0.33333 0.33333 0.33333 
2 0.50000 0.50000 
2 0.50000 0.50000 
5 0.20000 0.20000 0.20000 0.20000 0.20000 
3 0.33333 0.33333 0.33333 
2 0.50000 0.50000 
2 0.50000 0.50000 
4 0.25000 0.25000 0.25000 0.25000 
2 0.50000 0.50000 
3 0.33333 0.33333 0.33333 
2 0.50000 0.50000 
7 0.98316 0.00000 0.00000 0.01684 0.00000 0.00000 0.00000 
5 0.00000 0.00000 0.00000 0.00000 1.00000 
3 0.33333 0.33333 0.33333 
2 0.50000 0.50000 
2 0.50000 0.50000 
4 0.00000 0.00000 0.00000 1.00000 
2 0.50000 0.50000 
3 0.00000 0.00000 1.00000 
2 0.50000 0.50000 
4 0.25000 0.25000 0.25000 0.25000 
2 0.50000 0.50000 
3 0.33333 0.33333 0.33333 
2 0.50000 0.50000 
3 0.33333 0.33333 0.33333 
2 0.50000 0.50000 
2 0.50000 0.50000 
6 0.00000 0.00000 0.00000 0.00000 0.00000 1.00000 
4 0.25000 0.25000 0.25000 0.25000 
2 0.50000 0.50000 
3 0.33333 0.33333 0.33333 
2 0.50000 0.50000 
3 0.33333 0.33333 0.33333 
2 0.50000 0.50000 
2 0.50000 0.50000 
5 0.00000 0.00000 0.00000 0.00000 1.00000 
3 0.33333 0.33333 0.33333 
2 0.50000 0.50000 
2 0.50000 0.50000 
4 0.00000 0.00000 0.00000 1.00000 
2 0.50000 0.50000 
3 0.00000 0.00000 1.00000 
2 0.00000 1.00000 
6 0.00000 0.00000 0.00000 0.00000 0.00000 0.99999 
4 0.25000 0.25000 0.25000 0.25000 
2 0.50000 0.50000 
3 0.33333 0.33333 0.33333 
2 0.50000 0.50000 
3 0.33333 0.33333 0.33333 
2 0.50000 0.50000 
2 0.50000 0.50000 
5 0.00000 0.00000 0.00000 0.00000 0.99999 
3 0.33333 0.33333 0.33333 
2 0.50000 0.50000 
2 0.50000 0.50000 
4 0.00000 0.00000 0.00000 0.99999 
2 0.50000 0.50000 
3 0.00000 0.00000 0.99999 
2 0.00001 0.99999 
5 0.00000 0.00000 0.00000 0.00000 1.00000 
3 0.33333 0.33333 0.33333 
2 0.50000 0.50000 
2 0.50000 0.50000 
4 0.00000 0.00000 0.00000 1.00000 
2 0.50000 0.50000 
3 0.00000 0.00000 1.00000 
2 0.00000 1.00000 
4 0.25000 0.25000 0.25000 0.25000 
2 0.50000 0.50000 
3 0.33333 0.33333 0.33333 
2 0.50000 0.50000 
3 0.33333 0.33333 0.33333 
2 0.50000 0.50000 
2 0.50000 0.50000 
9 0.00000 0.99999 0.00000 0.00000 0.00000 0.00000 0.00000 0.00000 0.00000 
7 0.85707 0.02382 0.02382 0.02382 0.02382 0.02382 0.02382 
5 0.00606 0.00606 0.00606 0.00606 0.97574 
3 0.33333 0.33333 0.33333 
2 0.50000 0.50000 
2 0.50000 0.50000 
4 0.00758 0.00758 0.00758 0.97726 
2 0.50000 0.50000 
3 0.33333 0.33333 0.33333 
2 0.50000 0.50000 
4 0.25000 0.25000 0.25000 0.25000 
2 0.50000 0.50000 
3 0.33333 0.33333 0.33333 
2 0.50000 0.50000 
3 0.33333 0.33333 0.33333 
2 0.50000 0.50000 
2 0.50000 0.50000 
6 0.02779 0.02779 0.02779 0.02779 0.02779 0.86105 
4 0.25000 0.25000 0.25000 0.25000 
2 0.50000 0.50000 
3 0.33333 0.33333 0.33333 
2 0.50000 0.50000 
3 0.33333 0.33333 0.33333 
2 0.50000 0.50000 
2 0.50000 0.50000 
5 0.03335 0.03335 0.03335 0.03335 0.86660 
3 0.33333 0.33333 0.33333 
2 0.50000 0.50000 
2 0.50000 0.50000 
4 0.04169 0.04169 0.04169 0.87494 
2 0.50000 0.50000 
3 0.05558 0.05558 0.88884 
2 0.08337 0.91663 
6 0.00000 0.00000 0.00000 0.00000 0.00000 1.00000 
4 0.25000 0.25000 0.25000 0.25000 
2 0.50000 0.50000 
3 0.33333 0.33333 0.33333 
2 0.50000 0.50000 
3 0.33333 0.33333 0.33333 
2 0.50000 0.50000 
2 0.50000 0.50000 
5 0.00000 0.00000 0.00000 0.00000 1.00000 
3 0.33333 0.33333 0.33333 
2 0.50000 0.50000 
2 0.50000 0.50000 
4 0.00000 0.00000 0.00000 1.00000 
2 0.50000 0.50000 
3 0.00000 0.00000 1.00000 
2 0.00000 1.00000 
5 0.12764 0.12764 0.12764 0.12764 0.48945 
3 0.33333 0.33333 0.33333 
2 0.50000 0.50000 
2 0.50000 0.50000 
4 0.15955 0.15955 0.15955 0.52136 
2 0.50000 0.50000 
3 0.21273 0.21273 0.57454 
2 0.50000 0.50000 
4 0.25000 0.25000 0.25000 0.25000 
2 0.50000 0.50000 
3 0.33333 0.33333 0.33333 
2 0.50000 0.50000 
3 0.33333 0.33333 0.33333 
2 0.50000 0.50000 
2 0.50000 0.50000 
8 1.00000 0.00000 0.00000 0.00000 0.00000 0.00000 0.00000 0.00000 
6 0.00000 0.00000 0.00000 0.00000 0.00000 1.00000 
4 0.25000 0.25000 0.25000 0.25000 
2 0.50000 0.50000 
3 0.33333 0.33333 0.33333 
2 0.50000 0.50000 
3 0.33333 0.33333 0.33333 
2 0.50000 0.50000 
2 0.50000 0.50000 
5 0.00000 0.00000 0.00000 0.00000 0.99999 
3 0.33333 0.33333 0.33333 
2 0.50000 0.50000 
2 0.50000 0.50000 
4 0.00000 0.00000 0.00000 0.99999 
2 0.50000 0.50000 
3 0.00000 0.00000 1.00000 
2 0.00000 1.00000 
5 0.00000 0.00000 0.00000 0.00000 1.00000 
3 0.33333 0.33333 0.33333 
2 0.50000 0.50000 
2 0.50000 0.50000 
4 0.00000 0.00000 0.00000 1.00000 
2 0.50000 0.50000 
3 0.00000 0.00000 1.00000 
2 0.00000 1.00000 
4 0.25000 0.25000 0.25000 0.25000 
2 0.50000 0.50000 
3 0.33333 0.33333 0.33333 
2 0.50000 0.50000 
3 0.33333 0.33333 0.33333 
2 0.50000 0.50000 
2 0.50000 0.50000 
7 0.00000 0.00000 0.00000 0.00000 0.99999 0.00000 0.00000 
5 0.00000 0.00000 0.00000 0.00000 1.00000 
3 0.33333 0.33333 0.33333 
2 0.50000 0.50000 
2 0.50000 0.50000 
4 0.00000 0.00000 0.00000 1.00000 
2 0.50000 0.50000 
3 0.00000 0.00000 1.00000 
2 0.04109 0.95891 
4 0.25000 0.25000 0.25000 0.25000 
2 0.50000 0.50000 
3 0.33333 0.33333 0.33333 
2 0.50000 0.50000 
3 0.33333 0.33333 0.33333 
2 0.50000 0.50000 
2 0.50000 0.50000 
6 0.00000 0.00000 0.00000 0.00000 0.00000 1.00000 
4 0.25000 0.25000 0.25000 0.25000 
2 0.50000 0.50000 
3 0.33333 0.33333 0.33333 
2 0.50000 0.50000 
3 0.33333 0.33333 0.33333 
2 0.50000 0.50000 
2 0.50000 0.50000 
5 0.00000 0.00000 0.00000 0.00000 1.00000 
3 0.33333 0.33333 0.33333 
2 0.50000 0.50000 
2 0.50000 0.50000 
4 0.00000 0.00000 0.00000 1.00000 
2 0.50000 0.50000 
3 0.00000 0.00000 1.00000 
2 0.00000 1.00000 
10 0.70360 0.00001 0.06004 0.12968 0.05496 0.05171 0.00000 0.00000 0.00000 0.00000 
9 0.00002 0.00005 0.00000 0.00024 0.00000 0.00000 0.00000 0.00000 0.99969 
7 0.00018 0.00000 0.00000 0.00000 0.00000 0.00000 0.99982 
5 0.00000 0.00000 0.00000 0.00000 1.00000 
3 0.00000 0.00000 1.00000 
2 0.00000 1.00000 
2 0.00000 1.00000 
4 0.00000 0.00000 0.00000 1.00000 
2 0.00000 1.00000 
3 0.00000 0.00000 1.00000 
2 0.00000 1.00000 
4 0.00000 0.00000 0.00000 1.00000 
2 0.00000 1.00000 
3 0.00000 0.00000 1.00000 
2 0.00000 1.00000 
3 0.00000 0.00000 1.00000 
2 0.00000 1.00000 
2 0.00000 1.00000 
6 0.00020 0.00020 0.00020 0.00020 0.00000 0.99921 
4 0.00000 0.00000 0.00000 1.00000 
2 0.00000 1.00000 
3 0.00000 0.00000 1.00000 
2 0.00000 1.00000 
3 0.00000 0.00000 1.00000 
2 0.00000 1.00000 
2 0.00000 1.00000 
5 0.29832 0.25643 0.17263 0.00000 0.27262 
3 0.00000 0.00000 1.00000 
2 0.00000 1.00000 
2 0.00000 1.00000 
4 0.00000 0.00000 0.00000 1.00000 
2 0.00000 1.00000 
3 0.00000 0.00000 1.00000 
2 0.00000 1.00000 
6 0.00009 0.00009 0.00009 0.00009 0.00000 0.99965 
4 0.00000 0.00000 0.00000 1.00000 
2 0.00000 1.00000 
3 0.00000 0.00000 1.00000 
2 0.00000 1.00000 
3 0.00000 0.00000 1.00000 
2 0.00000 1.00000 
2 0.00000 1.00000 
5 0.39227 0.19256 0.02242 0.00000 0.39275 
3 0.00000 0.00000 1.00000 
2 0.00000 1.00000 
2 0.00000 1.00000 
4 0.00000 0.00000 0.00000 1.00000 
2 0.00000 1.00000 
3 0.00000 0.00000 1.00000 
2 0.00000 1.00000 
5 0.00000 0.00000 0.00000 0.00000 1.00000 
3 0.00000 0.00000 1.00000 
2 0.00000 1.00000 
2 0.00000 1.00000 
4 0.00000 0.00000 0.00000 1.00000 
2 0.00000 1.00000 
3 0.00000 0.00000 1.00000 
2 0.00000 1.00000 
4 0.00000 0.00000 0.00000 1.00000 
2 0.00000 1.00000 
3 0.00000 0.00000 1.00000 
2 0.00000 1.00000 
3 0.00000 0.00000 1.00000 
2 0.00000 1.00000 
2 0.00000 1.00000 
8 0.00000 0.00000 0.00000 0.00000 0.00000 0.00000 0.00000 1.00000 
6 0.31842 0.22506 0.06947 0.04272 0.00000 0.34434 
4 0.00000 0.00000 0.00000 1.00000 
2 0.00000 1.00000 
3 0.00000 0.00000 1.00000 
2 0.00000 1.00000 
3 0.00000 0.00000 1.00000 
2 0.00000 1.00000 
2 0.00000 1.00000 
5 0.02100 0.01801 0.01202 0.00000 0.94897 
3 0.00000 0.00000 1.00000 
2 0.00000 1.00000 
2 0.00000 1.00000 
4 0.00000 0.00000 0.00000 1.00000 
2 0.00000 1.00000 
3 0.00000 0.00000 1.00000 
2 0.00000 1.00000 
5 0.00521 0.00443 0.00289 0.00000 0.98747 
3 0.00000 0.00000 1.00000 
2 0.00000 1.00000 
2 0.00000 1.00000 
4 0.00000 0.00000 0.00000 1.00000 
2 0.00000 1.00000 
3 0.00000 0.00000 1.00000 
2 0.00000 1.00000 
4 0.00000 0.00000 0.00000 1.00000 
2 0.00000 1.00000 
3 0.00000 0.00000 1.00000 
2 0.00000 1.00000 
3 0.00000 0.00000 1.00000 
2 0.00000 1.00000 
2 0.00000 1.00000 
7 0.00000 0.00000 0.00000 0.00000 0.00000 0.00000 0.99999 
5 0.00000 0.00000 0.00000 0.00000 1.00000 
3 0.00000 0.00000 1.00000 
2 0.00000 1.00000 
2 0.00000 1.00000 
4 0.00000 0.00000 0.00000 1.00000 
2 0.00000 1.00000 
3 0.00000 0.00000 1.00000 
2 0.00000 1.00000 
4 0.00000 0.00000 0.00000 1.00000 
2 0.00000 1.00000 
3 0.00000 0.00000 1.00000 
2 0.00000 1.00000 
3 0.00000 0.00000 1.00000 
2 0.00000 1.00000 
2 0.00000 1.00000 
6 0.00000 0.00000 0.00000 0.00000 0.00000 1.00000 
4 0.00000 0.00000 0.00000 1.00000 
2 0.00000 1.00000 
3 0.00000 0.00000 1.00000 
2 0.00000 1.00000 
3 0.00000 0.00000 1.00000 
2 0.00000 1.00000 
2 0.00000 1.00000 
5 0.23958 0.12922 0.00009 0.00000 0.63111 
3 0.00000 0.00000 1.00000 
2 0.00000 1.00000 
2 0.00000 1.00000 
4 0.00000 0.00000 0.00000 1.00000 
2 0.00000 1.00000 
3 0.00000 0.00000 1.00000 
2 0.00000 1.00000 
8 0.25637 0.00239 0.31121 0.14910 0.10301 0.01093 0.00000 0.16700 
6 0.02079 0.00478 0.00123 0.00163 0.00000 0.97158 
4 0.00000 0.00000 0.00000 1.00000 
2 0.00000 1.00000 
3 0.00000 0.00000 1.00000 
2 0.00000 1.00000 
3 0.00000 0.00000 1.00000 
2 0.00000 1.00000 
2 0.00000 1.00000 
5 0.00317 0.00335 0.00000 0.00000 0.99348 
3 0.00000 0.00000 1.00000 
2 0.00000 1.00000 
2 0.00000 1.00000 
4 0.00000 0.00000 0.00000 1.00000 
2 0.00000 1.00000 
3 0.00000 0.00000 1.00000 
2 0.00000 1.00000 
5 0.00000 0.00000 0.00000 0.00000 1.00000 
3 0.00000 0.00000 1.00000 
2 0.00000 1.00000 
2 0.00000 1.00000 
4 0.00000 0.00000 0.00000 1.00000 
2 0.00000 1.00000 
3 0.00000 0.00000 1.00000 
2 0.00000 1.00000 
4 0.00000 0.00000 0.00000 1.00000 
2 0.00000 1.00000 
3 0.00000 0.00000 1.00000 
2 0.00000 1.00000 
3 0.00000 0.00000 1.00000 
2 0.00000 1.00000 
2 0.00000 1.00000 
7 0.03592 0.24887 0.20539 0.13349 0.02054 0.00000 0.35579 
5 0.00000 0.00000 0.00000 0.00000 1.00000 
3 0.00000 0.00000 1.00000 
2 0.00000 1.00000 
2 0.00000 1.00000 
4 0.00000 0.00000 0.00000 1.00000 
2 0.00000 1.00000 
3 0.00000 0.00000 1.00000 
2 0.00000 1.00000 
4 0.00000 0.00000 0.00000 1.00000 
2 0.00000 1.00000 
3 0.00000 0.00000 1.00000 
2 0.00000 1.00000 
3 0.00000 0.00000 1.00000 
2 0.00000 1.00000 
2 0.00000 1.00000 
6 0.12743 0.01739 0.00365 0.00338 0.00000 0.84815 
4 0.00000 0.00000 0.00000 1.00000 
2 0.00000 1.00000 
3 0.00000 0.00000 1.00000 
2 0.00000 1.00000 
3 0.00000 0.00000 1.00000 
2 0.00000 1.00000 
2 0.00000 1.00000 
5 0.49155 0.17900 0.00000 0.00000 0.32944 
3 0.00000 0.00000 1.00000 
2 0.00000 1.00000 
2 0.00000 1.00000 
4 0.00000 0.00000 0.00000 1.00000 
2 0.00000 1.00000 
3 0.00000 0.00000 1.00000 
2 0.00000 1.00000 
7 0.00000 0.52194 0.08207 0.00000 0.00000 0.00000 0.39598 
5 0.00000 0.00000 0.00000 0.00000 1.00000 
3 0.00000 0.00000 1.00000 
2 0.00000 1.00000 
2 0.00000 1.00000 
4 0.00000 0.00000 0.00000 1.00000 
2 0.00000 1.00000 
3 0.00000 0.00000 1.00000 
2 0.00000 1.00000 
4 0.00000 0.00000 0.00000 1.00000 
2 0.00000 1.00000 
3 0.00000 0.00000 1.00000 
2 0.00000 1.00000 
3 0.00000 0.00000 1.00000 
2 0.00000 1.00000 
2 0.00000 1.00000 
6 0.00001 0.00000 0.00000 0.00000 0.00000 0.99999 
4 0.00000 0.00000 0.00000 1.00000 
2 0.00000 1.00000 
3 0.00000 0.00000 1.00000 
2 0.00000 1.00000 
3 0.00000 0.00000 1.00000 
2 0.00000 1.00000 
2 0.00000 1.00000 
5 0.65148 0.34850 0.00000 0.00000 0.00001 
3 0.00000 0.00000 1.00000 
2 0.00000 1.00000 
2 0.00000 1.00000 
4 0.00000 0.00000 0.00000 1.00000 
2 0.00000 1.00000 
3 0.00000 0.00000 1.00000 
2 0.00000 1.00000 
6 0.73579 0.00001 0.00000 0.00000 0.00000 0.26420 
4 0.00000 0.00000 0.00000 1.00000 
2 0.00000 1.00000 
3 0.00000 0.00000 1.00000 
2 0.00000 1.00000 
3 0.00000 0.00000 1.00000 
2 0.00000 1.00000 
2 0.00000 1.00000 
5 0.45828 0.13248 0.40921 0.00000 0.00002 
3 0.00000 0.00000 1.00000 
2 0.00000 1.00000 
2 0.00000 1.00000 
4 0.00000 0.00000 0.00000 1.00000 
2 0.00000 1.00000 
3 0.00000 0.00000 1.00000 
2 0.00000 1.00000 
5 0.00000 0.00000 0.00000 0.00000 1.00000 
3 0.00000 0.00000 1.00000 
2 0.00000 1.00000 
2 0.00000 1.00000 
4 0.00000 0.00000 0.00000 1.00000 
2 0.00000 1.00000 
3 0.00000 0.00000 1.00000 
2 0.00000 1.00000 
4 0.00000 0.00000 0.00000 1.00000 
2 0.00000 1.00000 
3 0.00000 0.00000 1.00000 
2 0.00000 1.00000 
3 0.00000 0.00000 1.00000 
2 0.00000 1.00000 
2 0.00000 1.00000 
10 0.07912 0.32241 0.21834 0.15615 0.06996 0.00000 0.15401 0.00000 0.00000 0.00000 
9 0.00840 0.00000 0.00002 0.00000 0.99158 0.00000 0.00000 0.00000 0.00000 
7 0.00000 0.00000 0.00000 0.00000 0.00000 0.00000 1.00000 
5 0.20000 0.20000 0.20000 0.20000 0.20000 
3 0.33333 0.33333 0.33333 
2 0.50000 0.50000 
2 0.50000 0.50000 
4 0.25000 0.25000 0.25000 0.25000 
2 0.50000 0.50000 
3 0.33333 0.33333 0.33333 
2 0.50000 0.50000 
4 0.25000 0.25000 0.25000 0.25000 
2 0.50000 0.50000 
3 0.33333 0.33333 0.33333 
2 0.50000 0.50000 
3 0.33333 0.33333 0.33333 
2 0.50000 0.50000 
2 0.50000 0.50000 
6 0.00000 0.00000 0.00000 0.00000 0.00000 1.00000 
4 0.25000 0.25000 0.25000 0.25000 
2 0.50000 0.50000 
3 0.33333 0.33333 0.33333 
2 0.50000 0.50000 
3 0.33333 0.33333 0.33333 
2 0.50000 0.50000 
2 0.50000 0.50000 
5 0.00000 0.00000 0.00000 0.00000 1.00000 
3 0.33333 0.33333 0.33333 
2 0.50000 0.50000 
2 0.50000 0.50000 
4 0.00000 0.00000 0.00000 1.00000 
2 0.50000 0.50000 
3 0.00000 0.00000 1.00000 
2 0.00000 1.00000 
6 0.16667 0.16667 0.16667 0.16667 0.16667 0.16667 
4 0.25000 0.25000 0.25000 0.25000 
2 0.50000 0.50000 
3 0.33333 0.33333 0.33333 
2 0.50000 0.50000 
3 0.33333 0.33333 0.33333 
2 0.50000 0.50000 
2 0.50000 0.50000 
5 0.20000 0.20000 0.20000 0.20000 0.20000 
3 0.33333 0.33333 0.33333 
2 0.50000 0.50000 
2 0.50000 0.50000 
4 0.25000 0.25000 0.25000 0.25000 
2 0.50000 0.50000 
3 0.33333 0.33333 0.33333 
2 0.50000 0.50000 
5 0.00000 0.00000 0.00000 0.00000 1.00000 
3 0.33333 0.33333 0.33333 
2 0.50000 0.50000 
2 0.50000 0.50000 
4 0.00000 0.00000 0.00000 1.00000 
2 0.50000 0.50000 
3 0.00000 0.00000 1.00000 
2 0.00000 1.00000 
4 0.25000 0.25000 0.25000 0.25000 
2 0.50000 0.50000 
3 0.33333 0.33333 0.33333 
2 0.50000 0.50000 
3 0.00000 0.00000 1.00000 
2 0.00000 1.00000 
2 0.50000 0.50000 
8 0.00001 0.00000 0.00000 0.00000 0.00001 0.00000 0.00000 0.99997 
6 0.00316 0.00000 0.00000 0.00000 0.00000 0.99684 
4 0.00000 0.00000 0.00000 1.00000 
2 0.50000 0.50000 
3 0.00000 0.00000 1.00000 
2 0.00000 1.00000 
3 0.00000 0.00000 1.00000 
2 0.00000 1.00000 
2 0.50000 0.50000 
5 0.00000 0.00000 0.00000 0.00000 1.00000 
3 0.33333 0.33333 0.33333 
2 0.50000 0.50000 
2 0.50000 0.50000 
4 0.00000 0.00000 0.00000 1.00000 
2 0.50000 0.50000 
3 0.00000 0.00000 1.00000 
2 0.00000 1.00000 
5 0.00000 0.00000 0.00000 0.00000 1.00000 
3 0.33333 0.33333 0.33333 
2 0.50000 0.50000 
2 0.50000 0.50000 
4 0.00000 0.00000 0.00000 1.00000 
2 0.50000 0.50000 
3 0.00000 0.00000 1.00000 
2 0.00000 1.00000 
4 0.00000 0.00000 0.00000 1.00000 
2 0.50000 0.50000 
3 0.00000 0.00000 1.00000 
2 0.00000 1.00000 
3 0.00000 0.00000 1.00000 
2 0.00000 1.00000 
2 0.00000 1.00000 
7 0.00000 0.00000 0.00000 0.00000 0.00001 0.00000 0.99999 
5 0.20000 0.20000 0.20000 0.20000 0.20000 
3 0.33333 0.33333 0.33333 
2 0.50000 0.50000 
2 0.50000 0.50000 
4 0.25000 0.25000 0.25000 0.25000 
2 0.50000 0.50000 
3 0.33333 0.33333 0.33333 
2 0.50000 0.50000 
4 0.25000 0.25000 0.25000 0.25000 
2 0.50000 0.50000 
3 0.33333 0.33333 0.33333 
2 0.50000 0.50000 
3 0.33333 0.33333 0.33333 
2 0.50000 0.50000 
2 0.50000 0.50000 
6 0.00000 0.00000 0.00000 0.00000 0.00000 1.00000 
4 0.00000 0.00000 0.00000 1.00000 
2 0.50000 0.50000 
3 0.00000 0.00000 1.00000 
2 0.00000 1.00000 
3 0.00000 0.00000 1.00000 
2 0.00000 1.00000 
2 0.00000 1.00000 
5 0.00000 0.00000 0.00000 0.00000 1.00000 
3 0.33333 0.33333 0.33333 
2 0.50000 0.50000 
2 0.50000 0.50000 
4 0.00000 0.00000 0.00000 1.00000 
2 0.50000 0.50000 
3 0.00000 0.00000 1.00000 
2 0.00000 1.00000 
8 0.00000 0.00000 0.00000 0.00005 0.00000 0.00000 0.00000 0.99995 
6 0.07534 0.01036 0.26103 0.10607 0.00000 0.54719 
4 0.00000 0.00000 0.00000 1.00000 
2 0.50000 0.50000 
3 0.00000 0.00000 1.00000 
2 0.00000 1.00000 
3 0.00000 0.00000 1.00000 
2 0.00000 1.00000 
2 0.00000 1.00000 
5 0.00000 0.00000 0.00000 0.00000 1.00000 
3 0.33333 0.33333 0.33333 
2 0.50000 0.50000 
2 0.50000 0.50000 
4 0.00000 0.00000 0.00000 1.00000 
2 0.50000 0.50000 
3 0.00000 0.00000 1.00000 
2 0.00000 1.00000 
5 0.00000 0.00000 0.00000 0.00000 1.00000 
3 0.33333 0.33333 0.33333 
2 0.50000 0.50000 
2 0.50000 0.50000 
4 0.00000 0.00000 0.00000 1.00000 
2 0.50000 0.50000 
3 0.00000 0.00000 1.00000 
2 0.00000 1.00000 
4 0.00000 0.00000 0.00000 1.00000 
2 0.50000 0.50000 
3 0.00000 0.00000 1.00000 
2 0.00000 1.00000 
3 0.00000 0.00000 1.00000 
2 0.00000 1.00000 
2 0.00000 1.00000 
7 0.00000 0.00000 0.00000 0.00000 0.00000 0.00000 1.00000 
5 0.00000 0.00000 0.00000 0.00000 1.00000 
3 0.33333 0.33333 0.33333 
2 0.50000 0.50000 
2 0.50000 0.50000 
4 0.00000 0.00000 0.00000 1.00000 
2 0.50000 0.50000 
3 0.00000 0.00000 1.00000 
2 0.00000 1.00000 
4 0.25000 0.25000 0.25000 0.25000 
2 0.50000 0.50000 
3 0.33333 0.33333 0.33333 
2 0.50000 0.50000 
3 0.33333 0.33333 0.33333 
2 0.50000 0.50000 
2 0.50000 0.50000 
6 0.00000 0.00000 0.05146 0.16890 0.00000 0.77964 
4 0.00000 0.00000 0.00000 1.00000 
2 0.50000 0.50000 
3 0.00000 0.00000 1.00000 
2 0.00000 1.00000 
3 0.00000 0.00000 1.00000 
2 0.00000 1.00000 
2 0.00000 1.00000 
5 0.00000 0.00000 0.00000 0.00000 1.00000 
3 0.33333 0.33333 0.33333 
2 0.50000 0.50000 
2 0.50000 0.50000 
4 0.00000 0.00000 0.00000 1.00000 
2 0.50000 0.50000 
3 0.00000 0.00000 1.00000 
2 0.00000 1.00000 
7 0.00000 0.00002 0.62489 0.00000 0.00001 0.00000 0.37508 
5 0.00000 0.00000 0.00000 0.00000 1.00000 
3 0.33333 0.33333 0.33333 
2 0.50000 0.50000 
2 0.50000 0.50000 
4 0.00000 0.00000 0.00000 1.00000 
2 0.50000 0.50000 
3 0.00000 0.00000 1.00000 
2 0.00000 1.00000 
4 0.00000 0.00000 0.00000 1.00000 
2 0.50000 0.50000 
3 0.00000 0.00000 1.00000 
2 0.00000 1.00000 
3 0.00000 0.00000 1.00000 
2 0.00000 1.00000 
2 0.50000 0.50000 
6 0.00000 0.27320 0.00000 0.00000 0.00000 0.72680 
4 0.25000 0.25000 0.25000 0.25000 
2 0.50000 0.50000 
3 0.33333 0.33333 0.33333 
2 0.50000 0.50000 
3 0.00000 0.00000 1.00000 
2 0.00000 1.00000 
2 0.50000 0.50000 
5 0.00000 0.00000 0.00000 0.00000 1.00000 
3 0.33333 0.33333 0.33333 
2 0.50000 0.50000 
2 0.50000 0.50000 
4 0.00000 0.00000 0.00000 1.00000 
2 0.50000 0.50000 
3 0.00000 0.00000 1.00000 
2 0.00000 1.00000 
6 0.00000 0.00000 0.00000 0.24922 0.00000 0.75078 
4 0.00000 0.00000 0.00000 1.00000 
2 0.50000 0.50000 
3 0.00000 0.00000 1.00000 
2 0.00000 1.00000 
3 0.00000 0.00000 1.00000 
2 0.00000 1.00000 
2 0.00000 1.00000 
5 0.00000 0.00000 0.00000 0.00000 1.00000 
3 0.33333 0.33333 0.33333 
2 0.50000 0.50000 
2 0.50000 0.50000 
4 0.00000 0.00000 0.00000 1.00000 
2 0.50000 0.50000 
3 0.00000 0.00000 1.00000 
2 0.00000 1.00000 
5 0.00000 0.00000 0.00000 0.00000 1.00000 
3 0.33333 0.33333 0.33333 
2 0.50000 0.50000 
2 0.50000 0.50000 
4 0.00000 0.00000 0.00000 1.00000 
2 0.50000 0.50000 
3 0.00000 0.00000 1.00000 
2 0.00000 1.00000 
4 0.00000 0.00000 0.00000 1.00000 
2 0.50000 0.50000 
3 0.00000 0.00000 1.00000 
2 0.00000 1.00000 
3 0.00000 0.00000 1.00000 
2 0.00000 1.00000 
2 0.50000 0.50000 
10 0.02363 0.00840 0.96795 0.00001 0.00000 0.00000 0.00000 0.00000 0.00000 0.00000 
9 0.98089 0.00000 0.00000 0.00000 0.00000 0.00000 0.00000 0.00000 0.01910 
7 0.00014 0.00000 0.00000 0.00000 0.00000 0.00000 0.99986 
5 0.00000 0.00000 0.00000 0.00000 1.00000 
3 0.33333 0.33333 0.33333 
2 0.50000 0.50000 
2 0.50000 0.50000 
4 0.00000 0.00000 0.00000 1.00000 
2 0.50000 0.50000 
3 0.00000 0.00000 1.00000 
2 0.00000 1.00000 
4 0.25000 0.25000 0.25000 0.25000 
2 0.50000 0.50000 
3 0.33333 0.33333 0.33333 
2 0.50000 0.50000 
3 0.33333 0.33333 0.33333 
2 0.50000 0.50000 
2 0.50000 0.50000 
6 0.00002 0.00002 0.00002 0.00002 0.00002 0.99990 
4 0.00000 0.00000 0.00000 1.00000 
2 0.50000 0.50000 
3 0.00000 0.00000 1.00000 
2 0.00000 1.00000 
3 0.00000 0.00000 1.00000 
2 0.00000 1.00000 
2 0.00000 1.00000 
5 0.00000 0.00000 0.00000 0.00000 1.00000 
3 0.33333 0.33333 0.33333 
2 0.50000 0.50000 
2 0.50000 0.50000 
4 0.00000 0.00000 0.00000 1.00000 
2 0.50000 0.50000 
3 0.00022 0.00000 0.99978 
2 0.00000 1.00000 
6 0.16667 0.16667 0.16667 0.16667 0.16667 0.16667 
4 0.25000 0.25000 0.25000 0.25000 
2 0.50000 0.50000 
3 0.33333 0.33333 0.33333 
2 0.50000 0.50000 
3 0.33333 0.33333 0.33333 
2 0.50000 0.50000 
2 0.50000 0.50000 
5 0.20000 0.20000 0.20000 0.20000 0.20000 
3 0.33333 0.33333 0.33333 
2 0.50000 0.50000 
2 0.50000 0.50000 
4 0.25000 0.25000 0.25000 0.25000 
2 0.50000 0.50000 
3 0.33333 0.33333 0.33333 
2 0.50000 0.50000 
5 0.00000 0.00000 0.00000 0.00000 1.00000 
3 0.33333 0.33333 0.33333 
2 0.50000 0.50000 
2 0.50000 0.50000 
4 0.00000 0.00000 0.00000 1.00000 
2 0.50000 0.50000 
3 0.00000 0.00000 1.00000 
2 0.00000 1.00000 
4 0.25000 0.25000 0.25000 0.25000 
2 0.50000 0.50000 
3 0.33333 0.33333 0.33333 
2 0.50000 0.50000 
3 0.33333 0.33333 0.33333 
2 0.50000 0.50000 
2 0.50000 0.50000 
8 0.00006 0.00001 0.00000 0.00000 0.99993 0.00000 0.00000 0.00000 
6 0.00000 0.00000 0.00000 0.00000 0.00000 1.00000 
4 0.25000 0.25000 0.25000 0.25000 
2 0.50000 0.50000 
3 0.33333 0.33333 0.33333 
2 0.50000 0.50000 
3 0.33333 0.33333 0.33333 
2 0.50000 0.50000 
2 0.50000 0.50000 
5 0.00000 0.00000 0.00000 0.00000 1.00000 
3 0.33333 0.33333 0.33333 
2 0.50000 0.50000 
2 0.50000 0.50000 
4 0.00000 0.00000 0.00000 1.00000 
2 0.50000 0.50000 
3 1.00000 0.00000 0.00000 
2 0.00000 1.00000 
5 0.00000 0.00000 0.00000 0.00000 1.00000 
3 0.33333 0.33333 0.33333 
2 0.50000 0.50000 
2 0.50000 0.50000 
4 0.00000 0.00000 0.00000 1.00000 
2 0.50000 0.50000 
3 0.94107 0.00000 0.05893 
2 0.00000 1.00000 
4 0.00000 0.00000 0.00000 1.00000 
2 0.50000 0.50000 
3 0.73992 0.00000 0.26008 
2 0.00000 1.00000 
3 0.33333 0.33333 0.33333 
2 0.50000 0.50000 
2 0.00000 1.00000 
7 0.00000 0.00000 0.00000 0.00000 0.00002 0.00000 0.99998 
5 0.00000 0.00000 0.00000 0.00000 1.00000 
3 0.33333 0.33333 0.33333 
2 0.50000 0.50000 
2 0.50000 0.50000 
4 0.00000 0.00000 0.00000 1.00000 
2 0.50000 0.50000 
3 0.00000 0.00000 1.00000 
2 0.00000 1.00000 
4 0.25000 0.25000 0.25000 0.25000 
2 0.50000 0.50000 
3 0.33333 0.33333 0.33333 
2 0.50000 0.50000 
3 0.33333 0.33333 0.33333 
2 0.50000 0.50000 
2 0.50000 0.50000 
6 0.00000 0.00000 0.00000 0.00000 0.00000 1.00000 
4 0.00000 0.00000 0.00000 1.00000 
2 0.50000 0.50000 
3 0.00000 0.00000 1.00000 
2 0.00000 1.00000 
3 0.00000 0.00000 1.00000 
2 0.00000 1.00000 
2 0.00000 1.00000 
5 0.00000 0.00000 0.00000 0.00000 1.00000 
3 0.33333 0.33333 0.33333 
2 0.50000 0.50000 
2 0.50000 0.50000 
4 0.00000 0.00000 0.00000 1.00000 
2 0.50000 0.50000 
3 0.00000 0.00000 1.00000 
2 0.00000 1.00000 
8 0.00000 0.00000 0.00000 0.00000 1.00000 0.00000 0.00000 0.00000 
6 0.16667 0.16667 0.16667 0.16667 0.16667 0.16667 
4 0.25000 0.25000 0.25000 0.25000 
2 0.50000 0.50000 
3 0.33333 0.33333 0.33333 
2 0.50000 0.50000 
3 0.33333 0.33333 0.33333 
2 0.50000 0.50000 
2 0.50000 0.50000 
5 0.20000 0.20000 0.20000 0.20000 0.20000 
3 0.33333 0.33333 0.33333 
2 0.50000 0.50000 
2 0.50000 0.50000 
4 0.25000 0.25000 0.25000 0.25000 
2 0.50000 0.50000 
3 0.33333 0.33333 0.33333 
2 0.50000 0.50000 
5 0.20000 0.20000 0.20000 0.20000 0.20000 
3 0.33333 0.33333 0.33333 
2 0.50000 0.50000 
2 0.50000 0.50000 
4 0.25000 0.25000 0.25000 0.25000 
2 0.50000 0.50000 
3 0.33333 0.33333 0.33333 
2 0.50000 0.50000 
4 0.25000 0.25000 0.25000 0.25000 
2 0.50000 0.50000 
3 0.33333 0.33333 0.33333 
2 0.50000 0.50000 
3 0.33333 0.33333 0.33333 
2 0.50000 0.50000 
2 0.00000 1.00000 
7 0.00000 0.00000 0.00000 0.00000 0.00000 0.00000 1.00000 
5 0.00000 0.00000 0.00000 0.00000 1.00000 
3 0.33333 0.33333 0.33333 
2 0.50000 0.50000 
2 0.50000 0.50000 
4 0.00000 0.00000 0.00000 1.00000 
2 0.50000 0.50000 
3 0.00000 0.00000 1.00000 
2 0.00000 1.00000 
4 0.25000 0.25000 0.25000 0.25000 
2 0.50000 0.50000 
3 0.33333 0.33333 0.33333 
2 0.50000 0.50000 
3 0.33333 0.33333 0.33333 
2 0.50000 0.50000 
2 0.50000 0.50000 
6 0.00000 0.00000 0.00000 0.00000 0.00000 1.00000 
4 0.25000 0.25000 0.25000 0.25000 
2 0.50000 0.50000 
3 0.33333 0.33333 0.33333 
2 0.50000 0.50000 
3 0.33333 0.33333 0.33333 
2 0.50000 0.50000 
2 0.50000 0.50000 
5 0.00000 0.00000 0.00000 0.00000 1.00000 
3 0.33333 0.33333 0.33333 
2 0.50000 0.50000 
2 0.50000 0.50000 
4 0.00000 0.00000 0.00000 1.00000 
2 0.50000 0.50000 
3 0.00000 0.00000 1.00000 
2 0.00000 1.00000 
7 0.00000 0.00000 0.00000 0.00000 0.00000 0.00000 1.00000 
5 0.00000 0.00000 0.00000 0.00000 1.00000 
3 0.33333 0.33333 0.33333 
2 0.50000 0.50000 
2 0.50000 0.50000 
4 0.00000 0.00000 0.00000 1.00000 
2 0.50000 0.50000 
3 0.00000 0.00000 1.00000 
2 0.00000 1.00000 
4 0.25000 0.25000 0.25000 0.25000 
2 0.50000 0.50000 
3 0.33333 0.33333 0.33333 
2 0.50000 0.50000 
3 0.33333 0.33333 0.33333 
2 0.50000 0.50000 
2 0.00000 1.00000 
6 0.00000 0.00000 0.00000 0.00000 0.00000 1.00000 
4 0.00000 0.00000 0.00000 1.00000 
2 0.50000 0.50000 
3 0.00000 0.00000 1.00000 
2 0.00000 1.00000 
3 0.00000 0.00000 1.00000 
2 0.00000 1.00000 
2 0.00000 1.00000 
5 0.00000 0.00000 0.00000 0.00000 1.00000 
3 0.33333 0.33333 0.33333 
2 0.50000 0.50000 
2 0.50000 0.50000 
4 0.00000 0.00000 0.00000 1.00000 
2 0.50000 0.50000 
3 0.00004 0.00000 0.99996 
2 0.00000 1.00000 
6 0.00000 0.00000 0.00000 0.00000 0.00000 1.00000 
4 0.25000 0.25000 0.25000 0.25000 
2 0.50000 0.50000 
3 0.33333 0.33333 0.33333 
2 0.50000 0.50000 
3 0.33333 0.33333 0.33333 
2 0.50000 0.50000 
2 0.50000 0.50000 
5 0.00000 0.00000 0.00000 0.00000 1.00000 
3 0.33333 0.33333 0.33333 
2 0.50000 0.50000 
2 0.50000 0.50000 
4 0.00000 0.00000 0.00000 1.00000 
2 0.50000 0.50000 
3 0.75000 0.00000 0.25000 
2 0.00000 1.00000 
5 0.00000 0.00000 0.00000 0.00000 1.00000 
3 0.33333 0.33333 0.33333 
2 0.50000 0.50000 
2 0.50000 0.50000 
4 0.00000 0.00000 0.00000 1.00000 
2 0.50000 0.50000 
3 0.00000 0.00000 1.00000 
2 0.00000 1.00000 
4 0.25000 0.25000 0.25000 0.25000 
2 0.50000 0.50000 
3 0.33333 0.33333 0.33333 
2 0.50000 0.50000 
3 0.33333 0.33333 0.33333 
2 0.50000 0.50000 
2 0.00000 1.00000 
10 0.62639 0.12344 0.00000 0.25017 0.00000 0.00000 0.00000 0.00000 0.00000 0.00000 
9 0.00000 1.00000 0.00000 0.00000 0.00000 0.00000 0.00000 0.00000 0.00000 
7 0.17293 0.17293 0.17293 0.17293 0.17293 0.06767 0.06767 
5 0.09474 0.09474 0.09474 0.09474 0.62105 
3 0.15789 0.15789 0.68421 
2 0.23684 0.76316 
2 0.23684 0.76316 
4 0.11842 0.11842 0.11842 0.64474 
2 0.23684 0.76316 
3 0.15789 0.15789 0.68421 
2 0.23684 0.76316 
4 0.11842 0.11842 0.11842 0.64474 
2 0.23684 0.76316 
3 0.15789 0.15789 0.68421 
2 0.23684 0.76316 
3 0.15789 0.15789 0.68421 
2 0.23684 0.76316 
2 0.23684 0.76316 
6 0.07895 0.07895 0.07895 0.07895 0.07895 0.60526 
4 0.11842 0.11842 0.11842 0.64474 
2 0.23684 0.76316 
3 0.15789 0.15789 0.68421 
2 0.23684 0.76316 
3 0.15789 0.15789 0.68421 
2 0.23684 0.76316 
2 0.23684 0.76316 
5 0.09474 0.09474 0.09474 0.09474 0.62105 
3 0.15789 0.15789 0.68421 
2 0.23684 0.76316 
2 0.23684 0.76316 
4 0.11842 0.11842 0.11842 0.64474 
2 0.23684 0.76316 
3 0.15789 0.15789 0.68421 
2 0.23684 0.76316 
6 0.00000 0.00000 0.00000 0.00000 0.00000 1.00000 
4 0.00073 0.00073 0.00073 0.99781 
2 0.23684 0.76316 
3 0.00098 0.00098 0.99805 
2 0.00146 0.99854 
3 0.00104 0.00104 0.99792 
2 0.00156 0.99844 
2 0.00175 0.99825 
5 0.00000 0.00000 0.00000 0.00000 1.00000 
3 0.15789 0.15789 0.68421 
2 0.23684 0.76316 
2 0.23684 0.76316 
4 0.00000 0.00000 0.00000 1.00000 
2 0.23684 0.76316 
3 0.00000 0.00000 1.00000 
2 0.00000 1.00000 
5 0.09474 0.09474 0.09474 0.09474 0.62105 
3 0.15789 0.15789 0.68421 
2 0.23684 0.76316 
2 0.23684 0.76316 
4 0.11842 0.11842 0.11842 0.64474 
2 0.23684 0.76316 
3 0.15789 0.15789 0.68421 
2 0.23684 0.76316 
4 0.11842 0.11842 0.11842 0.64474 
2 0.23684 0.76316 
3 0.15789 0.15789 0.68421 
2 0.23684 0.76316 
3 0.15789 0.15789 0.68421 
2 0.23684 0.76316 
2 0.23684 0.76316 
8 1.00000 0.00000 0.00000 0.00000 0.00000 0.00000 0.00000 0.00000 
6 0.00000 0.00000 0.00000 0.00000 0.00000 1.00000 
4 0.11842 0.11842 0.11842 0.64474 
2 0.23684 0.76316 
3 0.15789 0.15789 0.68421 
2 0.23684 0.76316 
3 0.15789 0.15789 0.68421 
2 0.23684 0.76316 
2 0.23684 0.76316 
5 0.00000 0.00000 0.00000 0.00000 1.00000 
3 0.15789 0.15789 0.68421 
2 0.23684 0.76316 
2 0.23684 0.76316 
4 0.00000 0.00000 0.00000 1.00000 
2 0.23684 0.76316 
3 0.00000 0.00000 1.00000 
2 0.00000 1.00000 
5 0.09474 0.09474 0.09474 0.09474 0.62105 
3 0.15789 0.15789 0.68421 
2 0.23684 0.76316 
2 0.23684 0.76316 
4 0.11842 0.11842 0.11842 0.64474 
2 0.23684 0.76316 
3 0.15789 0.15789 0.68421 
2 0.23684 0.76316 
4 0.11842 0.11842 0.11842 0.64474 
2 0.23684 0.76316 
3 0.15789 0.15789 0.68421 
2 0.23684 0.76316 
3 0.15789 0.15789 0.68421 
2 0.23684 0.76316 
2 0.23684 0.76316 
7 0.00000 0.00000 0.00000 0.00000 1.00000 0.00000 0.00000 
5 0.03484 0.03484 0.03484 0.03484 0.86065 
3 0.15789 0.15789 0.68421 
2 0.23684 0.76316 
2 0.23684 0.76316 
4 0.04355 0.04355 0.04355 0.86935 
2 0.23684 0.76316 
3 0.05806 0.05806 0.88387 
2 0.08710 0.91290 
4 0.04355 0.04355 0.04355 0.86935 
2 0.23684 0.76316 
3 0.05806 0.05806 0.88387 
2 0.08710 0.91290 
3 0.05806 0.05806 0.88387 
2 0.08710 0.91290 
2 0.08710 0.91290 
6 0.00000 0.00000 0.00000 0.00002 0.00000 0.99998 
4 0.11842 0.11842 0.11842 0.64474 
2 0.23684 0.76316 
3 0.15789 0.15789 0.68421 
2 0.23684 0.76316 
3 0.15789 0.15789 0.68421 
2 0.23684 0.76316 
2 0.23684 0.76316 
5 0.00000 0.00000 0.00000 0.00000 1.00000 
3 0.15789 0.15789 0.68421 
2 0.23684 0.76316 
2 0.23684 0.76316 
4 0.00000 0.00000 0.00000 1.00000 
2 0.23684 0.76316 
3 0.00000 0.00000 1.00000 
2 0.00000 1.00000 
8 1.00000 0.00000 0.00000 0.00000 0.00000 0.00000 0.00000 0.00000 
6 0.00000 0.00000 0.00000 0.00000 0.00000 1.00000 
4 0.11842 0.11842 0.11842 0.64474 
2 0.23684 0.76316 
3 0.15789 0.15789 0.68421 
2 0.23684 0.76316 
3 0.15789 0.15789 0.68421 
2 0.23684 0.76316 
2 0.23684 0.76316 
5 0.00000 0.00000 0.00000 0.00000 1.00000 
3 0.15789 0.15789 0.68421 
2 0.23684 0.76316 
2 0.23684 0.76316 
4 0.00000 0.00000 0.00000 1.00000 
2 0.23684 0.76316 
3 0.00000 0.00000 1.00000 
2 0.00000 1.00000 
5 0.09474 0.09474 0.09474 0.09474 0.62105 
3 0.15789 0.15789 0.68421 
2 0.23684 0.76316 
2 0.23684 0.76316 
4 0.11842 0.11842 0.11842 0.64474 
2 0.23684 0.76316 
3 0.15789 0.15789 0.68421 
2 0.23684 0.76316 
4 0.11842 0.11842 0.11842 0.64474 
2 0.23684 0.76316 
3 0.15789 0.15789 0.68421 
2 0.23684 0.76316 
3 0.15789 0.15789 0.68421 
2 0.23684 0.76316 
2 0.23684 0.76316 
7 0.00000 0.00000 0.00000 0.00000 1.00000 0.00000 0.00000 
5 0.07864 0.07864 0.07864 0.07864 0.68544 
3 0.15789 0.15789 0.68421 
2 0.23684 0.76316 
2 0.23684 0.76316 
4 0.09830 0.09830 0.09830 0.70510 
2 0.23684 0.76316 
3 0.13107 0.13107 0.73786 
2 0.19660 0.80340 
4 0.09830 0.09830 0.09830 0.70510 
2 0.23684 0.76316 
3 0.13107 0.13107 0.73786 
2 0.19660 0.80340 
3 0.13107 0.13107 0.73786 
2 0.19660 0.80340 
2 0.19660 0.80340 
6 0.00000 0.00000 0.00000 0.00000 0.00000 1.00000 
4 0.11842 0.11842 0.11842 0.64474 
2 0.23684 0.76316 
3 0.15789 0.15789 0.68421 
2 0.23684 0.76316 
3 0.15789 0.15789 0.68421 
2 0.23684 0.76316 
2 0.23684 0.76316 
5 0.00000 0.00000 0.00000 0.00000 1.00000 
3 0.15789 0.15789 0.68421 
2 0.23684 0.76316 
2 0.23684 0.76316 
4 0.00000 0.00000 0.00000 1.00000 
2 0.23684 0.76316 
3 0.00000 0.00000 1.00000 
2 0.00000 1.00000 
7 0.17549 0.17549 0.17549 0.17549 0.17549 0.06127 0.06127 
5 0.08265 0.08265 0.08265 0.08265 0.66939 
3 0.15789 0.15789 0.68421 
2 0.23684 0.76316 
2 0.23684 0.76316 
4 0.10332 0.10332 0.10332 0.69005 
2 0.23684 0.76316 
3 0.13776 0.13776 0.72449 
2 0.20663 0.79337 
4 0.10332 0.10332 0.10332 0.69005 
2 0.23684 0.76316 
3 0.13776 0.13776 0.72449 
2 0.20663 0.79337 
3 0.13776 0.13776 0.72449 
2 0.20663 0.79337 
2 0.20663 0.79337 
6 0.07148 0.07148 0.07148 0.07148 0.07148 0.64259 
4 0.11842 0.11842 0.11842 0.64474 
2 0.23684 0.76316 
3 0.15789 0.15789 0.68421 
2 0.23684 0.76316 
3 0.15789 0.15789 0.68421 
2 0.23684 0.76316 
2 0.23684 0.76316 
5 0.08578 0.08578 0.08578 0.08578 0.65688 
3 0.15789 0.15789 0.68421 
2 0.23684 0.76316 
2 0.23684 0.76316 
4 0.10722 0.10722 0.10722 0.67833 
2 0.23684 0.76316 
3 0.14297 0.14297 0.71407 
2 0.21445 0.78555 
6 0.00000 0.00000 0.00000 0.00000 0.00000 1.00000 
4 0.01088 0.01088 0.01088 0.96736 
2 0.23684 0.76316 
3 0.01450 0.01450 0.97099 
2 0.02176 0.97824 
3 0.02200 0.02200 0.95601 
2 0.03299 0.96701 
2 0.23684 0.76316 
5 0.00000 0.00000 0.00000 0.00000 1.00000 
3 0.15789 0.15789 0.68421 
2 0.23684 0.76316 
2 0.23684 0.76316 
4 0.00000 0.00000 0.00000 1.00000 
2 0.23684 0.76316 
3 0.00000 0.00000 1.00000 
2 0.00000 1.00000 
5 0.07330 0.07330 0.07330 0.07330 0.70679 
3 0.15789 0.15789 0.68421 
2 0.23684 0.76316 
2 0.23684 0.76316 
4 0.09163 0.09163 0.09163 0.72511 
2 0.23684 0.76316 
3 0.12217 0.12217 0.75566 
2 0.18326 0.81674 
4 0.09163 0.09163 0.09163 0.72511 
2 0.23684 0.76316 
3 0.12217 0.12217 0.75566 
2 0.18326 0.81674 
3 0.12217 0.12217 0.75566 
2 0.18326 0.81674 
2 0.18326 0.81674 
