0 0 0 
1 3.40343 0 
2 3.45828 0 
3 4.48253 0 
4 3.58602 0 
5 2.98835 0.197051 
6 2.9086 0.208825 
7 2.54502 0.193881 
8 2.26224 0.211067 
9 2.08895 0.204293 
10 1.89905 0.18935 
11 1.76287 0.17357 
12 1.71231 0.162739 
13 1.84723 0.162088 
14 1.74482 0.206835 
15 1.80627 0.193908 
16 1.86109 0.183575 
17 1.7767 0.173377 
18 2.00581 0.178963 
19 1.93052 0.21875 
20 1.91764 0.208333 
21 1.8687 0.229481 
22 1.89717 0.237758 
23 1.83696 0.227851 
24 1.81711 0.246055 
25 1.77228 0.236591 
26 1.73387 0.26455 
27 1.68887 0.255102 
28 1.63283 0.24615 
29 1.5864 0.258881 
30 1.54278 0.24998 
31 1.49447 0.243163 
32 1.47425 0.253865 
33 1.47095 0.249698 
34 1.42855 0.24994 
35 1.40473 0.24549 
36 1.3902 0.245045 
37 1.36044 0.238603 
38 1.32823 0.235959 
39 1.29502 0.232521 
40 1.26343 0.230222 
41 1.25568 0.225017 
42 1.23063 0.220526 
43 1.20266 0.215514 
44 1.17683 0.214919 
45 1.15123 0.214122 
46 1.13164 0.217756 
47 1.10865 0.214656 
48 1.09789 0.218485 
49 1.07677 0.214859 
50 1.06719 0.213963 
51 1.05428 0.209959 
52 1.03473 0.211047 
53 1.02117 0.207871 
54 1.0102 0.204051 
55 1.01051 0.202053 
56 0.989401 0.200617 
57 0.969075 0.197006 
58 1.00455 0.196667 
59 0.990235 0.198265 
60 0.987102 0.194892 
61 0.969951 0.190837 
62 0.982893 0.190432 
63 0.970178 0.194333 
64 0.969951 0.192493 
65 0.98627 0.18986 
66 0.968761 0.18582 
67 0.95549 0.188637 
68 0.952031 0.186824 
69 0.952615 0.183852 
70 0.941983 0.184059 
71 0.938311 0.186774 
72 0.941392 0.185483 
73 0.928125 0.192512 
74 0.915241 0.19073 
75 0.903155 0.189158 
76 0.902128 0.188955 
77 0.889665 0.187246 
78 0.889256 0.184339 
79 0.886335 0.18341 
80 0.884248 0.181127 
81 0.873043 0.178918 
82 0.863159 0.178037 
83 0.85686 0.175875 
84 0.846299 0.174722 
85 0.837483 0.174118 
86 0.831097 0.173097 
87 0.825201 0.172536 
88 0.828908 0.170448 
89 0.820847 0.170186 
90 0.822624 0.169022 
91 0.819218 0.168792 
92 0.812187 0.168903 
93 0.811565 0.168086 
94 0.802286 0.166236 
95 0.798405 0.163857 
96 0.793197 0.162168 
97 0.79054 0.160874 
98 0.781909 0.158986 
99 0.779383 0.157526 
100 0.76864 0.157203 
101 0.762979 0.155463 
102 0.756202 0.154386 
103 0.751698 0.156932 
104 0.746714 0.154472 
105 0.741291 0.154106 
106 0.737464 0.152118 
107 0.730196 0.153362 
108 0.724661 0.150602 
109 0.719209 0.156441 
110 0.712912 0.155704 
111 0.712705 0.153755 
112 0.711312 0.152882 
113 0.706969 0.152322 
114 0.699699 0.152938 
115 0.693926 0.150706 
116 0.693355 0.150004 
117 0.688283 0.148876 
118 0.685208 0.147564 
119 0.684362 0.145983 
120 0.680494 0.148169 
121 0.678296 0.146995 
122 0.672558 0.146795 
123 0.667135 0.145316 
124 0.665929 0.145447 
125 0.65941 0.144468 
126 0.654287 0.142415 
127 0.648263 0.141224 
128 0.646574 0.140129 
129 0.644132 0.143085 
130 0.64359 0.141993 
131 0.638252 0.142918 
132 0.633742 0.141026 
133 0.632089 0.140154 
134 0.629024 0.139116 
135 0.626352 0.137852 
136 0.621855 0.1377 
137 0.616827 0.136702 
138 0.612981 0.135714 
139 0.611993 0.134745 
140 0.60893 0.133789 
141 0.606763 0.133409 
142 0.60392 0.132476 
143 0.602079 0.131766 
144 0.600004 0.131086 
145 0.596024 0.130795 
146 0.592777 0.129685 
147 0.588545 0.128224 
148 0.583552 0.127256 
149 0.58212 0.126468 
150 0.578298 0.125618 
151 0.574042 0.127189 
152 0.570298 0.125887 
153 0.565724 0.12507 
154 0.562717 0.124151 
155 0.557017 0.125952 
156 0.558088 0.12515 
157 0.555389 0.124272 
158 0.554862 0.125095 
159 0.552008 0.127609 
160 0.548773 0.128035 
161 0.547608 0.127669 
162 0.544804 0.126886 
163 0.541493 0.125817 
164 0.537827 0.127616 
165 0.537326 0.127415 
166 0.533994 0.127728 
167 0.529574 0.127485 
168 0.529572 0.126881 
169 0.52646 0.126135 
170 0.522667 0.125397 
171 0.524686 0.124765 
172 0.52007 0.124882 
173 0.520688 0.125108 
174 0.517854 0.124394 
175 0.517098 0.123316 
176 0.517448 0.122874 
177 0.515139 0.122215 
178 0.513988 0.123701 
179 0.51131 0.123013 
180 0.508485 0.122196 
181 0.505695 0.121403 
182 0.502576 0.120684 
183 0.501839 0.119997 
184 0.499106 0.119018 
185 0.49789 0.118603 
186 0.495485 0.117743 
187 0.494077 0.117526 
188 0.493126 0.116312 
189 0.490421 0.115794 
190 0.486135 0.11485 
191 0.483603 0.115011 
192 0.48248 0.114415 
193 0.482244 0.11379 
194 0.479771 0.11314 
195 0.477323 0.112797 
196 0.473408 0.111918 
197 0.473225 0.112419 
198 0.47201 0.112705 
199 0.470733 0.113725 
200 0.468391 0.114923 
201 0.467393 0.114488 
202 0.465179 0.114344 
203 0.46303 0.113783 
204 0.46126 0.11393 
205 0.462708 0.113377 
206 0.458764 0.112648 
207 0.457004 0.11168 
208 0.454941 0.111321 
209 0.453127 0.110336 
210 0.45098 0.109798 
211 0.448853 0.10956 
212 0.448309 0.107914 
213 0.446214 0.108774 
214 0.445675 0.108268 
215 0.44815 0.107307 
216 0.446 0.106809 
217 0.445771 0.106123 
218 0.442223 0.105816 
219 0.439819 0.105335 
220 0.438563 0.105024 
221 0.437862 0.103953 
222 0.435898 0.103505 
223 0.432223 0.10314 
224 0.430726 0.102681 
225 0.429712 0.102227 
226 0.429641 0.101929 
227 0.427616 0.102637 
228 0.426002 0.102729 
229 0.424364 0.102341 
230 0.422527 0.102462 
231 0.421826 0.102757 
232 0.421963 0.102306 
233 0.420292 0.102618 
234 0.418504 0.102059 
235 0.41673 0.101626 
236 0.416783 0.101116 
237 0.416333 0.100557 
238 0.413666 0.0999907 
239 0.411942 0.099574 
240 0.411201 0.0995364 
241 0.409501 0.0997473 
242 0.408285 0.0992677 
243 0.407006 0.0988643 
244 0.405659 0.0986952 
245 0.40401 0.098294 
246 0.402375 0.0978961 
247 0.400752 0.0975013 
248 0.399366 0.0971287 
249 0.397853 0.0967401 
250 0.396268 0.0963547 
251 0.394888 0.0959724 
252 0.393327 0.0955906 
253 0.391501 0.0952142 
254 0.389966 0.0948408 
255 0.387976 0.0944723 
256 0.385705 0.09412 
257 0.383321 0.0937552 
258 0.382091 0.0933932 
259 0.380622 0.093885 
260 0.380294 0.0935476 
261 0.378563 0.0948498 
262 0.376824 0.0945192 
263 0.375423 0.0941611 
264 0.373573 0.0938058 
265 0.372573 0.0934532 
266 0.371178 0.0931032 
267 0.369633 0.093588 
268 0.367952 0.0932401 
269 0.365995 0.0928824 
270 0.364645 0.0925397 
271 0.36349 0.0922633 
272 0.36209 0.0919296 
273 0.360217 0.0914887 
274 0.358018 0.091156 
275 0.35672 0.0908257 
276 0.354909 0.0902809 
277 0.353651 0.0899561 
278 0.352384 0.0896337 
279 0.350564 0.0891143 
280 0.348749 0.0887972 
281 0.347583 0.0884823 
282 0.348037 0.0881697 
283 0.346812 0.0878592 
284 0.345607 0.0875509 
285 0.345723 0.0872448 
286 0.344439 0.0869408 
287 0.344737 0.0866389 
288 0.343658 0.0859909 
289 0.345082 0.0856944 
290 0.343344 0.0854639 
291 0.343363 0.0851246 
292 0.344103 0.085787 
293 0.343923 0.0854952 
294 0.344268 0.0848321 
295 0.344307 0.0846521 
296 0.343856 0.0843671 
297 0.342426 0.0835501 
298 0.340351 0.0832707 
299 0.340388 0.0829931 
300 0.338343 0.0827174 
301 0.337072 0.0818526 
302 0.33596 0.0815825 
303 0.334854 0.0813141 
304 0.333756 0.0809661 
305 0.332854 0.0807015 
306 0.332102 0.0804386 
307 0.33135 0.0801775 
308 0.330984 0.079918 
309 0.330602 0.0796764 
310 0.329869 0.0796848 
311 0.328812 0.0794294 
312 0.327803 0.0791756 
313 0.326264 0.0789235 
314 0.324705 0.0785163 
315 0.323677 0.0782678 
316 0.323099 0.0780209 
317 0.322083 0.0777755 
318 0.321079 0.0775317 
319 0.320075 0.0772894 
320 0.319078 0.0770487 
321 0.318087 0.0767995 
322 0.317103 0.0765617 
323 0.314915 0.0764683 
324 0.313936 0.076233 
325 0.313471 0.0770586 
326 0.312512 0.0772695 
327 0.312229 0.0778327 
328 0.311402 0.0775961 
329 0.309384 0.0773609 
330 0.309139 0.0771272 
331 0.30846 0.0768949 
332 0.30655 0.077013 
333 0.305633 0.0767825 
334 0.307548 0.0765533 
335 0.305756 0.0763254 
336 0.306391 0.0761976 
337 0.305607 0.0759721 
338 0.305651 0.075748 
339 0.305929 0.0755252 
340 0.305036 0.0751285 
341 0.304144 0.074887 
342 0.303258 0.0746687 
343 0.304169 0.0744926 
344 0.302496 0.0743728 
345 0.302464 0.0749514 
346 0.301621 0.0748373 
347 0.300764 0.0746986 
348 0.299739 0.0743177 
349 0.298882 0.0741054 
350 0.299936 0.0745228 
351 0.299084 0.0744842 
352 0.297156 0.0743344 
353 0.297398 0.0746095 
354 0.296123 0.0750378 
355 0.29684 0.0747055 
356 0.296292 0.0744962 
357 0.296061 0.0747234 
358 0.295236 0.0745152 
359 0.294425 0.074271 
360 0.292888 0.0740053 
361 0.291897 0.0741304 
362 0.291986 0.0742 
363 0.289674 0.0739735 
364 0.289078 0.0739038 
365 0.29009 0.0738314 
366 0.292106 0.0733824 
367 0.291313 0.0732993 
368 0.289359 0.07317 
369 0.291616 0.072992 
370 0.29083 0.0727343 
371 0.290067 0.0725388 
372 0.288332 0.0723886 
373 0.287376 0.0724727 
374 0.28661 0.0722794 
375 0.285847 0.0720228 
376 0.285253 0.07157 
377 0.284 0.0714496 
378 0.28325 0.071261 
379 0.282505 0.0710735 
380 0.283353 0.0710824 
381 0.282611 0.0709381 
382 0.281631 0.070877 
383 0.2804 0.0704629 
384 0.280777 0.0704124 
385 0.280144 0.07023 
386 0.27856 0.0701894 
387 0.277844 0.0700085 
388 0.276922 0.0698261 
389 0.276212 0.0696471 
390 0.274961 0.0696066 
391 0.27467 0.069429 
392 0.273706 0.069327 
393 0.272839 0.0693791 
394 0.272149 0.0690371 
395 0.271044 0.068783 
396 0.271672 0.0686098 
397 0.270413 0.0684656 
398 0.26903 0.0683804 
399 0.268533 0.068491 
400 0.269171 0.0682967 
401 0.267613 0.0680286 
402 0.266949 0.0678598 
403 0.266288 0.067852 
404 0.265421 0.0676845 
405 0.264293 0.0678448 
406 0.263437 0.0679378 
407 0.262732 0.0681662 
408 0.261479 0.0679995 
409 0.260841 0.0678468 
410 0.260207 0.0678276 
411 0.259575 0.0675547 
412 0.258947 0.0675653 
413 0.258321 0.0675337 
414 0.257699 0.0673753 
415 0.259191 0.0672789 
416 0.258569 0.0671176 
417 0.257951 0.066957 
418 0.257268 0.0667972 
419 0.256656 0.0668623 
420 0.256046 0.0667035 
421 0.255439 0.0666372 
422 0.254955 0.0663627 
423 0.254354 0.0662062 
424 0.253755 0.0660504 
425 0.25316 0.0658954 
426 0.252567 0.0658887 
427 0.251977 0.0657348 
428 0.251389 0.0656413 
429 0.250262 0.0654886 
430 0.249681 0.0653367 
431 0.248888 0.0652878 
432 0.249079 0.0651091 
433 0.247689 0.0649591 
434 0.247444 0.0647642 
435 0.248654 0.0644644 
436 0.248798 0.0643169 
437 0.24823 0.0642337 
438 0.247527 0.0641475 
439 0.246034 0.0639709 
440 0.246026 0.0640523 
441 0.245401 0.0638107 
442 0.244847 0.0634382 
443 0.244296 0.0631536 
444 0.243747 0.0630075 
445 0.2432 0.0628662 
446 0.244386 0.0627989 
447 0.244353 0.0626587 
448 0.243368 0.0625192 
449 0.244516 0.0623802 
450 0.243974 0.0620577 
451 0.243939 0.0618054 
452 0.243802 0.06186 
453 0.243471 0.0618136 
454 0.242153 0.0616707 
455 0.241622 0.0615355 
456 0.241093 0.0614551 
457 0.242146 0.0613098 
458 0.241619 0.0608514 
459 0.241094 0.0607017 
460 0.240571 0.0606627 
461 0.240247 0.0605314 
462 0.239728 0.0604006 
463 0.238199 0.0602704 
464 0.237573 0.0600892 
465 0.237105 0.0597225 
466 0.236597 0.059564 
467 0.236443 0.0597216 
468 0.235726 0.0598725 
469 0.234473 0.0600502 
470 0.235534 0.0599952 
471 0.23395 0.0599769 
472 0.233061 0.0598501 
473 0.232947 0.0597239 
474 0.232753 0.059829 
475 0.232264 0.0606365 
476 0.231777 0.0609509 
477 0.230424 0.060702 
478 0.229683 0.0605127 
479 0.229204 0.0603866 
480 0.228728 0.0602611 
481 0.228253 0.0602965 
482 0.22765 0.0603933 
483 0.22718 0.0602161 
484 0.22565 0.0601112 
485 0.226797 0.0601723 
486 0.225279 0.0601824 
487 0.224817 0.0600591 
488 0.223496 0.0599363 
489 0.224374 0.0596882 
490 0.223585 0.0595667 
491 0.223131 0.0594456 
492 0.223323 0.059339 
493 0.222388 0.0591794 
494 0.221433 0.0590599 
495 0.22153 0.0591118 
496 0.220772 0.0591267 
497 0.221515 0.0589995 
498 0.221046 0.0588389 
499 0.220489 0.0586473 
500 0.221192 0.058823 
501 0.220194 0.0587058 
502 0.219868 0.0585891 
503 0.220043 0.0584729 
504 0.219505 0.0589406 
505 0.220044 0.0588241 
506 0.21977 0.0587085 
507 0.220183 0.0585929 
508 0.220307 0.058271 
509 0.219316 0.0583998 
510 0.218887 0.0582855 
511 0.218557 0.0583002 
512 0.218107 0.0584296 
513 0.218271 0.0582048 
514 0.218081 0.0580918 
515 0.217845 0.0579792 
516 0.217341 0.0580556 
517 0.217367 0.0579436 
518 0.216948 0.0578319 
519 0.216565 0.0577207 
520 0.216371 0.0575106 
521 0.215957 0.0574004 
522 0.216864 0.0572907 
523 0.21645 0.0571952 
524 0.215744 0.0570862 
525 0.216045 0.0569777 
526 0.215635 0.0569938 
527 0.215947 0.0569002 
528 0.215355 0.0566665 
529 0.215442 0.0565596 
530 0.214818 0.056453 
531 0.214415 0.0563469 
532 0.214321 0.056368 
533 0.214093 0.0566193 
534 0.21398 0.056335 
535 0.213676 0.0562299 
536 0.213278 0.0561252 
537 0.212655 0.0562327 
538 0.212289 0.056291 
539 0.211896 0.0561867 
540 0.211587 0.0561273 
541 0.212416 0.0557723 
542 0.212528 0.0558368 
543 0.212192 0.0557342 
544 0.212853 0.0556319 
545 0.212271 0.0555321 
546 0.211922 0.0554306 
547 0.212386 0.0553294 
548 0.212616 0.0552081 
549 0.21223 0.0551479 
550 0.21181 0.0550478 
551 0.211426 0.0549533 
552 0.211157 0.0548539 
553 0.210841 0.0547265 
554 0.210661 0.0546279 
555 0.210175 0.0541796 
556 0.209797 0.0540823 
557 0.209111 0.0539854 
558 0.208692 0.0538888 
559 0.208266 0.0537782 
560 0.207895 0.0532733 
561 0.207525 0.0532407 
562 0.207563 0.0531462 
563 0.207351 0.0528861 
564 0.206984 0.0527925 
565 0.206189 0.052543 
566 0.205748 0.0526831 
567 0.205435 0.0522527 
568 0.204827 0.0521609 
569 0.204468 0.0520693 
570 0.204254 0.0519782 
571 0.203352 0.0521571 
572 0.202916 0.0525214 
573 0.202587 0.0524299 
574 0.201706 0.0522728 
575 0.201333 0.0521821 
576 0.200984 0.052115 
577 0.200637 0.0519327 
578 0.20029 0.0517133 
579 0.199386 0.0519482 
580 0.199092 0.0513136 
581 0.198868 0.0509752 
582 0.198527 0.0508555 
583 0.198262 0.0507684 
584 0.197923 0.0515513 
585 0.197509 0.0520619 
586 0.197172 0.0521418 
587 0.19735 0.0517789 
588 0.197033 0.0515964 
589 0.196699 0.051509 
590 0.196366 0.0514218 
591 0.196034 0.051335 
592 0.195853 0.0513528 
593 0.195523 0.0512669 
594 0.194614 0.0511807 
595 0.194429 0.0510948 
596 0.19416 0.0510092 
597 0.193836 0.0507771 
598 0.193512 0.0506923 
599 0.193189 0.0506078 
600 0.193046 0.0502711 
601 0.192726 0.0501876 
602 0.192406 0.0501043 
603 0.192087 0.0498608 
604 0.191757 0.0497784 
605 0.191796 0.0496963 
606 0.19148 0.0496144 
607 0.191165 0.0495328 
608 0.191068 0.0494478 
609 0.190755 0.0502236 
610 0.190443 0.0501414 
611 0.190131 0.0500594 
612 0.189821 0.0499778 
613 0.189512 0.0504982 
614 0.189204 0.0498272 
615 0.188897 0.0497463 
616 0.188591 0.0496656 
617 0.188285 0.0495853 
618 0.187981 0.0495052 
619 0.187678 0.0494253 
620 0.187376 0.0493457 
621 0.186952 0.0492755 
622 0.186873 0.0485317 
623 0.186574 0.048454 
624 0.186433 0.0486903 
625 0.186135 0.0486126 
626 0.185974 0.0485431 
627 0.185677 0.0484658 
628 0.185382 0.0483887 
629 0.185088 0.0491498 
630 0.184907 0.0490719 
631 0.184615 0.0489942 
632 0.1841 0.0489168 
633 0.183809 0.0488397 
634 0.183593 0.0493981 
635 0.183304 0.0493204 
636 0.183016 0.049243 
637 0.183051 0.0491658 
638 0.182765 0.0490888 
639 0.18246 0.0490121 
640 0.182176 0.0494686 
641 0.181892 0.0493915 
642 0.181861 0.049248 
643 0.181579 0.0490231 
644 0.181297 0.0492089 
645 0.181191 0.0491327 
646 0.180911 0.049352 
647 0.180631 0.0493332 
648 0.180353 0.0498108 
649 0.180076 0.0497341 
650 0.179799 0.0496577 
651 0.179771 0.0495816 
652 0.179468 0.0495056 
653 0.179193 0.0494299 
654 0.179026 0.0493545 
655 0.178753 0.0492792 
656 0.178481 0.0492042 
657 0.178209 0.0491295 
658 0.177939 0.0490291 
659 0.177669 0.0488113 
660 0.17763 0.0487375 
661 0.177361 0.0487471 
662 0.177094 0.0486735 
663 0.176827 0.0486002 
664 0.176531 0.0485272 
665 0.176211 0.0484195 
666 0.175941 0.0483469 
667 0.175909 0.0478641 
668 0.175725 0.0480831 
669 0.175539 0.0480113 
670 0.175351 0.0479398 
671 0.175356 0.0478684 
672 0.175378 0.0477973 
673 0.175279 0.0476575 
674 0.175019 0.047594 
675 0.174744 0.0475236 
676 0.174753 0.0473457 
677 0.174518 0.0472758 
678 0.174455 0.0472062 
679 0.174198 0.0471368 
680 0.174058 0.0470676 
681 0.174035 0.0469985 
682 0.173781 0.0469325 
683 0.173527 0.0466548 
684 0.173374 0.0465867 
685 0.173121 0.0470707 
686 0.173005 0.0470022 
687 0.172754 0.0473537 
688 0.172503 0.0471933 
689 0.172326 0.0471249 
690 0.172077 0.0470567 
691 0.171765 0.0469887 
692 0.171517 0.0469209 
693 0.17144 0.0468533 
694 0.171193 0.0472051 
695 0.170947 0.0471372 
696 0.170702 0.0471964 
697 0.170457 0.0471288 
698 0.170363 0.0470614 
699 0.170286 0.0464886 
700 0.169914 0.0462956 
701 0.169672 0.0461392 
702 0.169527 0.0459875 
703 0.169286 0.0456926 
704 0.169046 0.0461277 
705 0.1685 0.0465529 
706 0.168388 0.0469519 
707 0.16815 0.0463872 
708 0.167913 0.0463218 
709 0.167728 0.0465785 
710 0.167746 0.046513 
711 0.167511 0.0468273 
712 0.16699 0.046767 
713 0.166935 0.0467015 
714 0.166702 0.0466362 
715 0.166531 0.0465711 
716 0.166673 0.0465061 
717 0.166441 0.0464414 
718 0.16621 0.0463768 
719 0.165979 0.0463124 
720 0.165813 0.0462551 
721 0.165761 0.046191 
722 0.165532 0.0461271 
723 0.165478 0.0460634 
724 0.16525 0.0459999 
725 0.165166 0.0462343 
726 0.164904 0.0461707 
727 0.164677 0.0459997 
728 0.164452 0.0459366 
729 0.164255 0.0458662 
730 0.16403 0.046022 
731 0.163806 0.0459591 
732 0.163583 0.0458563 
733 0.16336 0.0457938 
734 0.163212 0.0457315 
735 0.163057 0.0457949 
736 0.162726 0.0460405 
737 0.162505 0.0459782 
738 0.162039 0.0459159 
739 0.161683 0.0458539 
740 0.161465 0.045792 
741 0.161247 0.0457303 
742 0.16103 0.0456761 
743 0.160814 0.0456147 
744 0.160598 0.0455615 
745 0.160383 0.0455004 
746 0.159864 0.0461679 
747 0.15965 0.0459914 
748 0.159437 0.0459053 
749 0.159207 0.0458441 
750 0.158995 0.0456827 
751 0.158808 0.0457089 
752 0.158597 0.0455259 
753 0.158387 0.0458696 
754 0.158177 0.0458088 
755 0.157968 0.0457482 
756 0.157693 0.0455447 
757 0.157485 0.0457331 
758 0.157278 0.0456729 
759 0.156834 0.0456119 
760 0.156607 0.045552 
761 0.156402 0.0454914 
762 0.156197 0.0454318 
763 0.155992 0.0453723 
764 0.155788 0.0453687 
765 0.155913 0.0456886 
766 0.155404 0.0458511 
767 0.154734 0.0457914 
768 0.154533 0.0455439 
769 0.154339 0.0452772 
770 0.154138 0.045539 
771 0.153889 0.04548 
772 0.153498 0.0452987 
773 0.153299 0.0452402 
774 0.153102 0.0451818 
775 0.152904 0.0451236 
776 0.152708 0.0450655 
777 0.152511 0.0447385 
778 0.152619 0.0448772 
779 0.152424 0.0448197 
780 0.151867 0.0447623 
781 0.151673 0.0448449 
782 0.151479 0.0447877 
783 0.150801 0.0447305 
784 0.150609 0.0448873 
785 0.150576 0.0448302 
786 0.150385 0.0447732 
787 0.150194 0.0447164 
788 0.150004 0.0446597 
789 0.149188 0.0446032 
790 0.148999 0.0444182 
791 0.148915 0.0443621 
792 0.149027 0.0441766 
793 0.14884 0.0441209 
794 0.14853 0.0440654 
795 0.148716 0.0437746 
796 0.148524 0.0438824 
797 0.148338 0.0438274 
798 0.147897 0.0440677 
799 0.147632 0.0440126 
800 0.147362 0.0439576 
801 0.147178 0.0439028 
802 0.146738 0.0438482 
803 0.146555 0.043589 
804 0.147032 0.0434711 
805 0.14699 0.043684 
806 0.146808 0.0433915 
807 0.146634 0.0435176 
808 0.146069 0.0434638 
809 0.145889 0.0432711 
810 0.145785 0.0433382 
811 0.145605 0.0434005 
812 0.145426 0.0431051 
813 0.145499 0.0430521 
814 0.145591 0.0430763 
815 0.14598 0.0430235 
816 0.145973 0.0429709 
817 0.145546 0.0429183 
818 0.145613 0.0431464 
819 0.145435 0.0430938 
820 0.145763 0.0430413 
821 0.145822 0.042989 
822 0.145305 0.0428676 
823 0.145366 0.0428155 
824 0.145197 0.0427636 
825 0.145231 0.0427119 
826 0.145242 0.0426602 
827 0.144956 0.0423144 
828 0.144806 0.042221 
829 0.144631 0.0421701 
830 0.144457 0.0419045 
831 0.144283 0.0417216 
832 0.144164 0.0416715 
833 0.143994 0.0413296 
834 0.143822 0.0411901 
835 0.144027 0.041342 
836 0.143855 0.0414492 
837 0.144039 0.0416483 
838 0.144049 0.0415987 
839 0.144054 0.0411659 
840 0.143882 0.0409119 
841 0.143709 0.0414676 
842 0.143737 0.0414184 
843 0.143563 0.0419089 
844 0.143394 0.0418593 
845 0.143617 0.0416959 
846 0.143199 0.0416467 
847 0.143317 0.0415976 
848 0.143148 0.0419953 
849 0.142805 0.0419459 
850 0.142637 0.0418966 
851 0.142469 0.0420092 
852 0.142302 0.0418367 
853 0.142014 0.0417004 
854 0.141795 0.0419608 
855 0.141618 0.0419118 
856 0.141261 0.0415878 
857 0.141097 0.041864 
858 0.140932 0.0416584 
859 0.140983 0.04161 
860 0.14082 0.0415906 
861 0.140745 0.0417085 
862 0.140796 0.0416602 
863 0.140847 0.041612 
864 0.140438 0.0415639 
865 0.140276 0.0415159 
866 0.140114 0.0417332 
867 0.140112 0.0416851 
868 0.139975 0.0416655 
869 0.139894 0.0418058 
870 0.139713 0.0421305 
871 0.139553 0.0419395 
872 0.139393 0.0418765 
873 0.139234 0.0420078 
874 0.139267 0.0417768 
875 0.13932 0.0417291 
876 0.139379 0.0416815 
877 0.139083 0.0415828 
878 0.138822 0.0415355 
879 0.138773 0.0416557 
880 0.138434 0.0413711 
881 0.138485 0.0410155 
882 0.138114 0.040969 
883 0.138087 0.0409476 
884 0.137931 0.0406444 
885 0.137896 0.0406231 
886 0.137846 0.0403798 
887 0.137691 0.0402313 
888 0.137769 0.0401861 
889 0.137614 0.0401409 
890 0.137672 0.0404855 
891 0.137155 0.0404618 
892 0.137042 0.0404165 
893 0.136889 0.040779 
894 0.136893 0.0407334 
895 0.136741 0.0410885 
896 0.136588 0.0409369 
897 0.13624 0.0408913 
898 0.135866 0.041161 
899 0.135925 0.0413205 
900 0.135599 0.0415527 
901 0.135475 0.041711 
902 0.135099 0.0415876 
903 0.134755 0.0415301 
904 0.134606 0.0413319 
905 0.134487 0.0414882 
906 0.134338 0.041761 
907 0.134079 0.0419034 
908 0.133931 0.0418573 
909 0.133784 0.0418672 
910 0.133477 0.0418213 
911 0.133223 0.0417754 
912 0.133139 0.0416322 
913 0.133125 0.0415331 
914 0.1328 0.0414087 
915 0.13275 0.0412531 
916 0.132605 0.0415337 
917 0.132478 0.0417839 
918 0.132186 0.041564 
919 0.132043 0.0416662 
920 0.131958 0.0418988 
921 0.131815 0.0420009 
922 0.131464 0.0419554 
923 0.131322 0.04191 
924 0.13107 0.0418647 
925 0.130581 0.0417933 
926 0.130222 0.0416324 
927 0.130157 0.0413495 
928 0.130017 0.0412779 
929 0.129878 0.0412335 
930 0.129354 0.0411892 
931 0.129216 0.041145 
932 0.129077 0.0409019 
933 0.128939 0.0408581 
934 0.128822 0.0410462 
935 0.128685 0.0412754 
936 0.128664 0.0409245 
937 0.128104 0.0408809 
938 0.127968 0.0408373 
939 0.127942 0.0410547 
940 0.127828 0.0411914 
941 0.127693 0.0411476 
942 0.1276 0.0413146 
943 0.127461 0.0411959 
944 0.127297 0.0408831 
945 0.127374 0.0408399 
946 0.127105 0.0410052 
947 0.126905 0.0413235 
948 0.126687 0.0415891 
949 0.126595 0.0415454 
950 0.126225 0.0415902 
951 0.126224 0.041705 
952 0.12621 0.0416325 
953 0.126213 0.0417294 
954 0.12605 0.0416548 
955 0.125822 0.0413876 
956 0.125691 0.0413443 
957 0.12564 0.0410287 
958 0.125157 0.0407419 
959 0.125027 0.0408386 
960 0.125097 0.040899 
961 0.124967 0.0410028 
962 0.125028 0.040951 
963 0.124898 0.0409085 
964 0.124769 0.0411995 
965 0.124088 0.0411568 
966 0.124212 0.0411143 
967 0.124086 0.0410718 
968 0.123958 0.0412008 
969 0.12383 0.0414453 
970 0.123748 0.0413758 
971 0.123499 0.0413269 
972 0.123556 0.0414154 
973 0.123429 0.0413729 
974 0.123291 0.0414981 
975 0.12311 0.0414556 
976 0.123052 0.0413495 
977 0.122927 0.0413537 
978 0.123019 0.0414053 
979 0.122811 0.041404 
980 0.122686 0.041358 
981 0.122419 0.0413159 
982 0.122381 0.0413257 
983 0.122169 0.0412837 
984 0.122124 0.0409501 
985 0.122248 0.0411836 
986 0.12271 0.0413755 
987 0.122005 0.0411637 
988 0.122224 0.0411221 
989 0.122197 0.0413173 
990 0.121907 0.0412756 
991 0.121794 0.041234 
992 0.121671 0.0411871 
993 0.121454 0.0411291 
994 0.121219 0.0412472 
995 0.121121 0.041251 
996 0.121207 0.0412096 
997 0.121105 0.0413139 
998 0.121168 0.0412673 
999 0.120975 0.0414152 
1000 0.120854 0.0413738 
1100 0.109147 0.0379099 
1200 0.103096 0.0366053 
1300 0.0979429 0.0341966 
1400 0.0914048 0.0328748 
1500 0.0843605 0.0322855 
1600 0.07988 0.0310361 
1700 0.0763035 0.0294027 
1800 0.0727469 0.0271388 
1900 0.0697302 0.0259559 
2000 0.0683026 0.0263035 
2100 0.0657339 0.0246801 
2200 0.0616293 0.023956 
2300 0.0585348 0.0228672 
2400 0.0570195 0.0224676 
2500 0.054869 0.0223526 
2600 0.054445 0.0210099 
2700 0.0532571 0.0218249 
2800 0.0494531 0.0211581 
2900 0.050555 0.0210386 
3000 0.0506635 0.0212918 
3100 0.047686 0.0204 
3200 0.0467095 0.0204352 
3300 0.0461089 0.0198699 
3400 0.0453564 0.018877 
3500 0.0447069 0.0194224 
3600 0.0443234 0.0188413 
3700 0.0423798 0.0183213 
3800 0.0414731 0.0182574 
3900 0.0413973 0.0179452 
4000 0.0401209 0.0177472 
4100 0.0381158 0.0172457 
4200 0.0390771 0.0165711 
4300 0.0382971 0.0162927 
4400 0.0366617 0.0162835 
4500 0.0366022 0.0165568 
4600 0.0359053 0.0166207 
4700 0.0354377 0.0164645 
4800 0.0351757 0.0160354 
4900 0.0343441 0.0155564 
5000 0.0334048 0.0154495 
5100 0.0326292 0.0153655 
5200 0.0318814 0.0148243 
5300 0.0312174 0.0148015 
5400 0.0300809 0.01483 
5500 0.0299472 0.0145323 
5600 0.0293812 0.0145301 
5700 0.0299165 0.0139595 
5800 0.0294527 0.0140412 
5900 0.0291445 0.0141233 
6000 0.0288538 0.0137921 
6100 0.0283193 0.0133075 
6200 0.0267792 0.0129564 
6300 0.0270752 0.013085 
6400 0.0272277 0.0130429 
6500 0.0268163 0.0134639 
6600 0.0262843 0.0133824 
6700 0.0255861 0.0132971 
6800 0.0249814 0.0131589 
6900 0.0248288 0.013111 
7000 0.0247445 0.0129278 
7100 0.0248925 0.0128251 
7200 0.0247638 0.0123884 
7300 0.0243904 0.012513 
7400 0.0239747 0.0123788 
7500 0.0234051 0.0118936 
7600 0.0228667 0.0116624 
7700 0.0218681 0.0118169 
7800 0.0219979 0.0117875 
7900 0.0218476 0.0114945 
8000 0.0216117 0.0111037 
8100 0.0214353 0.011177 
8200 0.0211735 0.0110069 
8300 0.0212342 0.0107646 
8400 0.0211139 0.0113428 
8500 0.0212187 0.0110829 
8600 0.0211411 0.0108382 
8700 0.0209104 0.0110888 
8800 0.0206632 0.0109535 
8900 0.0203821 0.0106438 
9000 0.0199862 0.0102102 
9100 0.0194761 0.0101861 
9200 0.0185172 0.00986217 
9300 0.0190933 0.00997365 
9400 0.0196113 0.0100253 
9500 0.0194403 0.0102862 
9600 0.0192179 0.0102507 
9700 0.0189267 0.0102576 
9800 0.0186511 0.0102297 
9900 0.0184337 0.0101571 
10000 0.0182494 0.0100556 
10100 0.018035 0.00992737 
10200 0.0177892 0.00974333 
10300 0.0174781 0.00951254 
10400 0.0168453 0.00937941 
10500 0.01655 0.00919126 
10600 0.0167528 0.00914669 
10700 0.0167333 0.00932974 
10800 0.01636 0.00911429 
10900 0.0163485 0.00897017 
11000 0.0163058 0.00907335 
11100 0.0162026 0.00913125 
11200 0.0160859 0.00913953 
11300 0.0159395 0.00909741 
11400 0.0157997 0.00901762 
11500 0.0156623 0.00893921 
11600 0.0155273 0.00886216 
11700 0.0153946 0.00878642 
11800 0.0152642 0.00871196 
11900 0.0151359 0.00863876 
12000 0.0150098 0.00856678 
12100 0.0148858 0.00849598 
12200 0.0147583 0.0084305 
12300 0.0146044 0.00832635 
12400 0.0144567 0.00824921 
12500 0.0143181 0.00815245 
12600 0.0142702 0.00819303 
12700 0.0142069 0.00812694 
12800 0.0141053 0.00812386 
12900 0.0139959 0.00806107 
13000 0.0138883 0.00799907 
13100 0.0137823 0.00793801 
13200 0.0136736 0.00787795 
13300 0.0135875 0.00781664 
13400 0.0135816 0.00776774 
13500 0.0134945 0.00763499 
13600 0.0133268 0.00761734 
13700 0.0132694 0.00760026 
13800 0.0131425 0.00757504 
13900 0.013048 0.00752055 
14000 0.0129548 0.00746683 
14100 0.0128634 0.00741582 
14200 0.0127728 0.0073636 
14300 0.0126835 0.00731211 
14400 0.0125954 0.00726134 
14500 0.0125086 0.00721126 
14600 0.0124194 0.00715445 
14700 0.0123784 0.00701276 
14800 0.0123876 0.00687819 
14900 0.0124054 0.00685025 
15000 0.0122817 0.00679152 
15100 0.012066 0.00682724 
15200 0.0121231 0.00683839 
15300 0.0120861 0.0068537 
15400 0.0119975 0.00682555 
15500 0.0118448 0.00683319 
15600 0.0117504 0.00683761 
15700 0.0116691 0.00680469 
15800 0.0115886 0.00676997 
15900 0.0115157 0.0067274 
16000 0.0114437 0.00668535 
16100 0.0113726 0.00664383 
16200 0.0113024 0.00660282 
16300 0.0112331 0.00656232 
16400 0.0111646 0.00652231 
16500 0.011097 0.00648278 
16600 0.0110301 0.00644373 
16700 0.0109641 0.00640515 
16800 0.0108988 0.00636702 
16900 0.0108343 0.00632935 
17000 0.0107706 0.00629212 
17100 0.0107076 0.00625533 
17200 0.0106454 0.00621896 
17300 0.0105838 0.00618302 
17400 0.010523 0.00614748 
17500 0.0104629 0.00611236 
17600 0.0104048 0.00608549 
17700 0.0103233 0.00603411 
17800 0.0102375 0.00602718 
17900 0.0102058 0.00596334 
18000 0.0101152 0.00590959 
18100 0.0100626 0.00585249 
18200 0.0100903 0.00587658 
18300 0.00998578 0.0058921 
18400 0.00992001 0.00592071 
18500 0.00985631 0.00591415 
18600 0.00981425 0.00589475 
18700 0.00976549 0.0058662 
18800 0.00971355 0.005835 
18900 0.00966215 0.00580413 
19000 0.0096113 0.00577358 
19100 0.00956099 0.00574336 
19200 0.00951119 0.00571344 
19300 0.00946191 0.00568384 
19400 0.00941314 0.00565454 
19500 0.00936686 0.00556623 
19600 0.00945052 0.00549671 
19700 0.0095143 0.00548733 
19800 0.00950493 0.00557829 
19900 0.0094608 0.00557873 
20000 0.0094135 0.00555084 
20100 0.00936666 0.00552323 
20200 0.0093203 0.00549588 
20300 0.00927439 0.00546881 
20400 0.00922893 0.00544201 
20500 0.00918391 0.00541546 
20600 0.00913933 0.00538917 
20700 0.00909518 0.00536314 
20800 0.00905146 0.00533736 
20900 0.00900815 0.00531182 
21000 0.00896526 0.00528653 
21100 0.00892277 0.00526147 
21200 0.00888068 0.00523666 
21300 0.00883899 0.00521207 
21400 0.00879769 0.00518772 
21500 0.00875677 0.00516359 
21600 0.00871623 0.00513969 
21700 0.00867607 0.005116 
21800 0.00863627 0.00509254 
21900 0.00858819 0.0050516 
22000 0.00848306 0.0049772 
22100 0.0083284 0.00490063 
22200 0.00824248 0.00492163 
22300 0.00821565 0.00494361 
22400 0.00820891 0.00498702 
22500 0.0081777 0.00498438 
22600 0.00814152 0.00496233 
22700 0.00810565 0.00494047 
22800 0.00807011 0.0049188 
22900 0.00803487 0.00489732 
23000 0.00799993 0.00487603 
23100 0.0079653 0.00485492 
23200 0.00792466 0.00483752 
23300 0.00788969 0.00481855 
23400 0.00784678 0.00480046 
23500 0.00780185 0.00478354 
23600 0.00775391 0.00476687 
23700 0.00771442 0.00474617 
23800 0.0076628 0.00472925 
23900 0.00761906 0.00467728 
24000 0.00768139 0.00461761 
24100 0.007688 0.00458268 
24200 0.00763317 0.00461586 
24300 0.00757314 0.00463296 
24400 0.00752536 0.00463834 
24500 0.00749464 0.00461941 
24600 0.00746418 0.00460063 
24700 0.00743396 0.00458201 
24800 0.00739202 0.0045626 
24900 0.0073547 0.00454815 
25000 0.00731963 0.00453045 
25100 0.00726612 0.00451181 
25200 0.00722645 0.00450105 
25300 0.00717776 0.00448532 
25400 0.00715351 0.00447261 
25500 0.00712546 0.00445507 
25600 0.00709763 0.00443767 
25700 0.00707001 0.0044204 
25800 0.00704261 0.00440327 
25900 0.00701542 0.00438627 
26000 0.00698844 0.0043694 
26100 0.00696166 0.00435266 
26200 0.00693509 0.00433605 
26300 0.00690873 0.00431956 
26400 0.00688256 0.0043032 
26500 0.00685659 0.00428696 
26600 0.00683081 0.00427084 
26700 0.00680523 0.00425485 
26800 0.00677984 0.00423897 
26900 0.00675463 0.00422322 
27000 0.00672962 0.00420758 
27100 0.00670479 0.00419205 
27200 0.00668014 0.00417664 
27300 0.00665567 0.00416134 
27400 0.00663138 0.00414615 
27500 0.00660894 0.00413108 
27600 0.00657617 0.00411611 
27700 0.00656635 0.00410125 
27800 0.00657269 0.0040865 
27900 0.0065599 0.00407185 
28000 0.00649524 0.00405731 
28100 0.00641418 0.00404287 
28200 0.006304 0.00402854 
28300 0.00627025 0.0040143 
28400 0.00630941 0.00400017 
28500 0.00634397 0.00398613 
28600 0.00631381 0.00397219 
28700 0.00627623 0.00395835 
28800 0.00622649 0.00394461 
28900 0.00631385 0.00393096 
29000 0.00628382 0.00391741 
29100 0.00623107 0.00388535 
29200 0.0062133 0.00388169 
29300 0.00622511 0.00382581 
29400 0.00628417 0.00380056 
29500 0.00626344 0.00377523 
29600 0.00625444 0.00381397 
29700 0.00620296 0.00381773 
29800 0.00618472 0.00386227 
29900 0.0061895 0.00385877 
30000 0.00620452 0.00384591 
30100 0.00613919 0.00383313 
30200 0.00612185 0.00382044 
30300 0.0061289 0.00380783 
30400 0.00623551 0.0037953 
30500 0.00627349 0.00378286 
30600 0.0062747 0.0037705 
30700 0.00619389 0.00375822 
30800 0.00605763 0.00374602 
30900 0.00606211 0.00373389 
31000 0.00598187 0.00372185 
31100 0.00596781 0.00370988 
31200 0.00595114 0.00369799 
31300 0.00608475 0.00368618 
31400 0.00610699 0.00367444 
31500 0.00588691 0.00366262 
31600 0.00593023 0.00364871 
31700 0.00589803 0.00363127 
31800 0.00590326 0.00361693 
31900 0.00593501 0.00361109 
32000 0.00591812 0.00360596 
32100 0.00589115 0.00359764 
32200 0.0058702 0.00358835 
32300 0.00587676 0.0035776 
32400 0.00586989 0.00356655 
32500 0.00585563 0.00355558 
32600 0.00584023 0.00354467 
32700 0.00579331 0.00353383 
32800 0.00579014 0.00352306 
32900 0.00578844 0.00351235 
33000 0.00576603 0.00350171 
33100 0.00574684 0.00349113 
33200 0.00567135 0.00348062 
33300 0.00565631 0.00347016 
33400 0.00569932 0.00345977 
33500 0.00570364 0.00344945 
33600 0.00567595 0.00343918 
33700 0.00567678 0.00342898 
33800 0.00563362 0.00341883 
33900 0.0056197 0.00340875 
34000 0.00557759 0.00339872 
34100 0.0055693 0.00338875 
34200 0.00553222 0.00337885 
34300 0.00554199 0.003369 
34400 0.00551281 0.0033592 
34500 0.005499 0.00334947 
34600 0.00547696 0.00333979 
34700 0.00552894 0.00333016 
34800 0.00548689 0.00332059 
34900 0.00544529 0.00331108 
35000 0.00542698 0.00330162 
35100 0.00558238 0.00329221 
35200 0.00560622 0.00328286 
35300 0.00568156 0.00327356 
35400 0.00568175 0.00325689 
35500 0.00567005 0.00324619 
35600 0.00556139 0.00324516 
35700 0.00552701 0.00323485 
35800 0.00549744 0.00322523 
35900 0.00547686 0.00323067 
36000 0.0053605 0.00321955 
36100 0.00537167 0.00321532 
36200 0.00536692 0.00321073 
36300 0.00540314 0.00320956 
36400 0.00541523 0.00320396 
36500 0.00539644 0.00319519 
36600 0.00540517 0.00318646 
36700 0.00534959 0.00317777 
36800 0.00538068 0.00316914 
36900 0.00537956 0.00316055 
37000 0.00536172 0.00315201 
37100 0.00531616 0.00314351 
37200 0.00525346 0.00313413 
37300 0.00525497 0.00312082 
37400 0.0052479 0.00310703 
37500 0.00525431 0.00309759 
37600 0.00525152 0.00309244 
37700 0.00516863 0.00308372 
37800 0.00524451 0.00308261 
37900 0.00518378 0.00307934 
38000 0.00515641 0.00307124 
38100 0.00523908 0.00306318 
38200 0.0052125 0.00305516 
38300 0.00513415 0.00304174 
38400 0.00515107 0.002998 
38500 0.00514922 0.00299903 
38600 0.00518019 0.00300163 
38700 0.00519837 0.00301437 
38800 0.00520572 0.0030189 
38900 0.0052003 0.00301466 
39000 0.00521619 0.00300693 
39100 0.00520508 0.00299924 
39200 0.00523231 0.00299159 
39300 0.00515631 0.00298398 
39400 0.00517325 0.00297641 
39500 0.00514881 0.00296887 
39600 0.00512551 0.00296138 
39700 0.00508883 0.00295392 
39800 0.0051044 0.00294649 
39900 0.00515913 0.00293911 
40000 0.00506942 0.00293176 
40100 0.00507275 0.00292445 
40200 0.00504837 0.00291718 
40300 0.00511645 0.00290994 
40400 0.00505494 0.00290274 
40500 0.00509565 0.00289557 
40600 0.00508591 0.00288844 
40700 0.00501049 0.00288134 
40800 0.00500082 0.00287428 
40900 0.00501836 0.00286725 
41000 0.00502122 0.00286026 
41100 0.0050107 0.0028533 
41200 0.00500124 0.00284637 
41300 0.00507231 0.00283948 
41400 0.00505023 0.00283262 
41500 0.00501664 0.0028258 
41600 0.00508982 0.00281901 
41700 0.00509841 0.00281225 
41800 0.00509725 0.00280552 
41900 0.00509538 0.00279882 
42000 0.00513211 0.00279216 
42100 0.00509275 0.00278553 
42200 0.00504881 0.00277893 
42300 0.00499491 0.00276688 
42400 0.00494461 0.00275329 
42500 0.00492533 0.00274534 
42600 0.00496065 0.00273472 
42700 0.00494418 0.00272279 
42800 0.00503652 0.0027159 
42900 0.00495385 0.00270588 
43000 0.00491178 0.00269738 
43100 0.00488484 0.00269639 
43200 0.00490911 0.00270272 
43300 0.00484961 0.00270747 
43400 0.00487398 0.00270601 
43500 0.00488826 0.00269979 
43600 0.00487959 0.0026936 
43700 0.00485762 0.00268744 
43800 0.0047313 0.0026813 
43900 0.00461795 0.00267519 
44000 0.00468571 0.00266911 
44100 0.0046905 0.00266306 
44200 0.00466652 0.00265703 
44300 0.0047673 0.00265104 
44400 0.00478376 0.00264507 
44500 0.00483154 0.00263912 
44600 0.004864 0.00263321 
44700 0.00485604 0.00262731 
44800 0.00476221 0.00262145 
44900 0.00480984 0.00261561 
45000 0.00476841 0.0026098 
45100 0.00481364 0.00260401 
45200 0.00487407 0.00259825 
45300 0.00486544 0.00259252 
45400 0.00481786 0.00258681 
45500 0.00482754 0.00258112 
45600 0.00484265 0.00257546 
45700 0.00485999 0.00256983 
45800 0.00484582 0.00256421 
45900 0.00485313 0.00255863 
46000 0.00486622 0.00255307 
46100 0.00485961 0.00254753 
46200 0.00484929 0.00254201 
46300 0.00483551 0.00253652 
46400 0.00481817 0.00253106 
46500 0.00481819 0.00252561 
46600 0.00481913 0.00252019 
46700 0.00481069 0.0025148 
46800 0.00480467 0.00250943 
46900 0.00479443 0.00250407 
47000 0.00478423 0.00249875 
47100 0.00477407 0.00249344 
47200 0.00476264 0.00248816 
47300 0.00475246 0.0024829 
47400 0.00474848 0.00247766 
47500 0.00474201 0.00247244 
47600 0.0047338 0.00246725 
47700 0.00472484 0.00246208 
47800 0.00469282 0.00245693 
47900 0.00470363 0.0024518 
48000 0.00470577 0.00244669 
48100 0.00470183 0.0024416 
48200 0.00469255 0.00243654 
48300 0.00468527 0.00243149 
48400 0.00467864 0.00242647 
48500 0.00467357 0.00242147 
48600 0.00466444 0.00241649 
48700 0.00465976 0.00241152 
48800 0.00464658 0.00240658 
48900 0.00463266 0.00240166 
49000 0.00462687 0.00239676 
49100 0.00460234 0.00239188 
49200 0.00459008 0.00238702 
49300 0.00461005 0.00238217 
49400 0.00459069 0.00237735 
49500 0.00457866 0.00237255 
49600 0.00454564 0.00236777 
49700 0.00456431 0.00236311 
49800 0.00447389 0.00235684 
49900 0.00445291 0.00235335 
50000 0.00446837 0.0023485 
50100 0.00441843 0.00234642 
50200 0.00435557 0.00234313 
50300 0.00435928 0.00233847 
50400 0.00436298 0.00233383 
50500 0.00437635 0.00232921 
50600 0.00438959 0.0023246 
50700 0.00437275 0.00232002 
50800 0.00436554 0.00231545 
50900 0.00440579 0.0023109 
51000 0.00443297 0.00230637 
51100 0.00441838 0.00230186 
51200 0.00444283 0.00229736 
51300 0.00443685 0.00229289 
51400 0.00443711 0.00228842 
51500 0.00443778 0.00228398 
51600 0.00446091 0.00227956 
51700 0.00444946 0.00227515 
51800 0.00446192 0.00227075 
51900 0.004455 0.00226638 
52000 0.00443994 0.00226202 
52100 0.00442986 0.00225768 
52200 0.00441891 0.00225335 
52300 0.00441802 0.00224905 
52400 0.00440581 0.00224475 
52500 0.00439963 0.00224048 
52600 0.00439929 0.00223622 
52700 0.00439268 0.00223198 
52800 0.00438069 0.00222775 
52900 0.00434977 0.00222354 
53000 0.00432893 0.00221934 
53100 0.00432968 0.00221516 
53200 0.00433709 0.002211 
53300 0.00433028 0.00220685 
53400 0.00431016 0.00220272 
53500 0.00429645 0.0021986 
53600 0.00429679 0.0021945 
53700 0.00431066 0.00219041 
53800 0.00429816 0.00218634 
53900 0.00432777 0.00218228 
54000 0.00433236 0.00217824 
54100 0.00432672 0.00217422 
54200 0.00434619 0.00217021 
54300 0.00433281 0.00216621 
54400 0.00433729 0.00216223 
54500 0.00433962 0.00215826 
54600 0.00433172 0.00215431 
54700 0.0043238 0.00215037 
54800 0.00431662 0.00214644 
54900 0.00430876 0.00214254 
55000 0.00430092 0.00213864 
55100 0.00429338 0.00213476 
55200 0.00428736 0.00213089 
55300 0.00428055 0.00212704 
55400 0.00427293 0.0021232 
55500 0.00426523 0.00211937 
55600 0.00425756 0.00211556 
55700 0.00424992 0.00211176 
55800 0.00424273 0.00210798 
55900 0.00423474 0.00210421 
56000 0.00422151 0.00210045 
56100 0.00421645 0.00209671 
56200 0.00420595 0.00209298 
56300 0.0042099 0.00208926 
56400 0.00421007 0.00208555 
56500 0.0042058 0.00208186 
56600 0.00419878 0.00207818 
56700 0.00419137 0.00207452 
56800 0.00418524 0.00206483 
56900 0.00418527 0.00205217 
57000 0.00418824 0.00204133 
57100 0.00419113 0.00203443 
57200 0.00419376 0.00201852 
57300 0.00419349 0.00201444 
57400 0.00418875 0.0020108 
57500 0.00416876 0.00201536 
57600 0.00415308 0.00202002 
57700 0.00413672 0.00202351 
57800 0.00415864 0.00202792 
57900 0.00412743 0.00202924 
58000 0.00409265 0.0020303 
58100 0.00405966 0.00202829 
58200 0.00408007 0.0020248 
58300 0.00407397 0.00202133 
58400 0.00403011 0.00201787 
58500 0.00403583 0.00201442 
58600 0.00404089 0.00201098 
58700 0.00404539 0.00200755 
58800 0.00404458 0.00200414 
58900 0.00402848 0.00200074 
59000 0.00402292 0.00199735 
59100 0.00401215 0.00199397 
59200 0.0040062 0.0019906 
59300 0.0039948 0.00198724 
59400 0.00398357 0.0019839 
59500 0.00399415 0.00198056 
59600 0.00398856 0.00197724 
59700 0.00398788 0.00197393 
59800 0.00400106 0.00197063 
59900 0.00399988 0.00196734 
60000 0.00401393 0.00196406 
60100 0.00402112 0.00196079 
60200 0.0039883 0.00195753 
60300 0.00396923 0.00195429 
60400 0.00396367 0.00195105 
60500 0.0039626 0.00194783 
60600 0.0039694 0.00194461 
60700 0.00396778 0.00194141 
60800 0.00397348 0.00193822 
60900 0.00394489 0.00193503 
61000 0.00393991 0.00193186 
61100 0.00393462 0.0019287 
61200 0.00389543 0.00192555 
61300 0.00390996 0.00192241 
61400 0.00387431 0.00191928 
61500 0.00382746 0.00191616 
61600 0.00379595 0.00191304 
61700 0.00379733 0.00190994 
61800 0.00379196 0.00190685 
61900 0.00373789 0.00190377 
62000 0.00371764 0.0019007 
62100 0.0037047 0.00189764 
62200 0.00366832 0.00189459 
62300 0.00367873 0.00189155 
62400 0.00364993 0.00188852 
62500 0.003653 0.0018855 
62600 0.00364806 0.00188249 
62700 0.00363503 0.00187948 
62800 0.00366187 0.00187649 
62900 0.0036718 0.00187351 
63000 0.00365133 0.00187053 
63100 0.00366901 0.00186757 
63200 0.00368575 0.00186461 
63300 0.00369462 0.00186167 
63400 0.00365456 0.00185873 
63500 0.00359601 0.0018558 
63600 0.00364472 0.00185289 
63700 0.00366839 0.00184998 
63800 0.00367035 0.00184708 
63900 0.00369801 0.00184419 
64000 0.00371123 0.00184131 
64100 0.00368149 0.00183843 
64200 0.00368273 0.00183557 
64300 0.00365215 0.00183272 
64400 0.00364698 0.00182987 
64500 0.00364203 0.00182703 
64600 0.00357357 0.0018242 
64700 0.00356113 0.00182139 
64800 0.00357095 0.00181857 
64900 0.00355855 0.00181577 
65000 0.00350762 0.00181298 
65100 0.00353441 0.00181019 
65200 0.00347391 0.00180742 
65300 0.00347766 0.00180465 
65400 0.00345881 0.00180189 
65500 0.0034516 0.00179914 
65600 0.00344706 0.0017964 
65700 0.00343683 0.00179366 
65800 0.0034382 0.00179094 
65900 0.00347386 0.00178822 
66000 0.00349962 0.00178551 
66100 0.00349488 0.00178281 
66200 0.00345196 0.00178012 
66300 0.00347042 0.00177743 
66400 0.00342685 0.00177475 
66500 0.00340612 0.00177209 
66600 0.00340971 0.00176942 
66700 0.00340504 0.00176677 
66800 0.00338425 0.00176413 
66900 0.00339609 0.00176149 
67000 0.00345316 0.00175886 
67100 0.00345605 0.00175624 
67200 0.00343681 0.00175363 
67300 0.0034255 0.00175096 
67400 0.00344827 0.0017375 
67500 0.003424 0.00171468 
67600 0.00344144 0.00170606 
67700 0.00343902 0.00172046 
67800 0.00343069 0.00171979 
67900 0.00341223 0.00171057 
68000 0.00344267 0.00172035 
68100 0.00345683 0.00171949 
68200 0.00346135 0.00172997 
68300 0.0034706 0.00173483 
68400 0.00347841 0.00173257 
68500 0.00346236 0.00173005 
68600 0.00345227 0.00172752 
68700 0.00342883 0.00172501 
68800 0.00343769 0.0017225 
68900 0.0034204 0.00172 
69000 0.0034164 0.00171751 
69100 0.00342596 0.00171502 
69200 0.00345224 0.00171255 
69300 0.00344808 0.00171007 
69400 0.00343873 0.00170761 
69500 0.0034519 0.00170515 
69600 0.00343689 0.0017027 
69700 0.00340294 0.00170026 
69800 0.00341797 0.00169782 
69900 0.00345259 0.0016954 
70000 0.00346779 0.00169297 
70100 0.00344445 0.00169056 
70200 0.0034501 0.00168815 
70300 0.00346006 0.00168575 
70400 0.00348453 0.00168335 
70500 0.00348065 0.00168097 
70600 0.00349038 0.00167859 
70700 0.00349954 0.00166643 
70800 0.00348481 0.00164541 
70900 0.00347476 0.00168618 
71000 0.00349886 0.00168436 
71100 0.00352436 0.00168199 
71200 0.00349142 0.00167962 
71300 0.0035203 0.00165299 
71400 0.00351731 0.00164007 
71500 0.00351437 0.00168206 
71600 0.00350974 0.00168016 
71700 0.00350611 0.00167782 
71800 0.00350123 0.00167548 
71900 0.00349636 0.00167315 
72000 0.0034915 0.00167083 
72100 0.00348666 0.00166851 
72200 0.00348183 0.0016662 
72300 0.00347701 0.00166389 
72400 0.00347221 0.0016616 
72500 0.00346742 0.0016593 
72600 0.00346265 0.00165702 
72700 0.00345788 0.00165474 
72800 0.00345313 0.00165247 
72900 0.0034484 0.0016502 
73000 0.00344367 0.00164794 
73100 0.00343896 0.00164569 
73200 0.00343427 0.00164344 
73300 0.00342958 0.00164119 
73400 0.00342491 0.00163896 
73500 0.00342025 0.00163673 
73600 0.0034156 0.00163451 
73700 0.00341097 0.00163229 
73800 0.00340634 0.00163008 
73900 0.00340174 0.00162787 
74000 0.00339714 0.00162567 
74100 0.00339255 0.00162348 
74200 0.00338798 0.00162129 
74300 0.00338342 0.00161911 
74400 0.00337887 0.00161693 
74500 0.00337434 0.00161476 
74600 0.00336982 0.0016126 
74700 0.0033653 0.00161044 
74800 0.00336081 0.00160828 
74900 0.00335632 0.00160614 
75000 0.00335184 0.00160399 
75100 0.00334738 0.00160186 
75200 0.00334293 0.00159973 
75300 0.00333849 0.0015976 
75400 0.00333406 0.00159549 
75500 0.00332965 0.00159337 
75600 0.00332413 0.00159111 
75700 0.0033139 0.001582 
75800 0.00333746 0.00157656 
75900 0.0033457 0.00156221 
76000 0.00334109 0.00155857 
76100 0.00332491 0.00156872 
76200 0.00332034 0.00156816 
76300 0.00331233 0.0015757 
76400 0.00330514 0.00157615 
76500 0.00329172 0.00157555 
76600 0.00327238 0.00157349 
76700 0.00326995 0.00157144 
76800 0.00326696 0.0015694 
76900 0.00324322 0.00156736 
77000 0.00322527 0.00156532 
77100 0.00324115 0.00156329 
77200 0.00323332 0.00156127 
77300 0.00323937 0.00155925 
77400 0.00324054 0.00155723 
77500 0.00321866 0.00155522 
77600 0.00323796 0.00155322 
77700 0.00320262 0.00155122 
77800 0.00318918 0.00154922 
77900 0.0032064 0.00154724 
78000 0.00321283 0.00154525 
78100 0.00319029 0.00154327 
78200 0.00317674 0.0015413 
78300 0.00315706 0.00153933 
78400 0.00314826 0.00153737 
78500 0.0031451 0.00153541 
78600 0.00310473 0.00153346 
78700 0.00311405 0.00153151 
78800 0.00309199 0.00152956 
78900 0.00309526 0.00152763 
79000 0.00310467 0.00152569 
79100 0.0031136 0.00152376 
79200 0.00311651 0.00152184 
79300 0.00311841 0.00151833 
79400 0.00313488 0.00150533 
79500 0.00311645 0.00150923 
79600 0.003133 0.00150751 
79700 0.0030983 0.00151036 
79800 0.0031128 0.00150108 
79900 0.00309367 0.00148832 
80000 0.00306875 0.00147891 
80100 0.00303372 0.00146929 
80200 0.00301688 0.00147101 
80300 0.00300225 0.00148028 
80400 0.00298379 0.00148993 
80500 0.0030111 0.0014975 
80600 0.00304507 0.00150122 
80700 0.0030318 0.00150517 
80800 0.00301527 0.00150373 
80900 0.00304486 0.00150187 
81000 0.0030223 0.00150002 
81100 0.00298548 0.00149817 
81200 0.00295356 0.00149632 
81300 0.00298617 0.00149448 
81400 0.00301012 0.00149261 
81500 0.00300879 0.00148883 
81600 0.00299965 0.00148226 
81700 0.00301879 0.00147457 
81800 0.00302277 0.00146611 
81900 0.00300083 0.00145372 
82000 0.00296781 0.00144547 
82100 0.00298033 0.00143348 
82200 0.00299286 0.00142671 
82300 0.00298328 0.00142004 
82400 0.00297631 0.00141666 
82500 0.00295907 0.00142758 
82600 0.00293122 0.00144041 
82700 0.002909 0.0014415 
82800 0.00291698 0.00145395 
82900 0.00296231 0.00145376 
83000 0.00294657 0.0014635 
83100 0.00294822 0.00146497 
83200 0.0029464 0.00146018 
83300 0.00292637 0.00141175 
83400 0.00292212 0.00141057 
83500 0.00289809 0.00142949 
83600 0.00289957 0.00144537 
83700 0.00289077 0.00145149 
83800 0.0028822 0.0014517 
83900 0.00283586 0.00144967 
84000 0.0027556 0.00144303 
84100 0.00280063 0.00142815 
84200 0.00280124 0.00142347 
84300 0.00276392 0.00142911 
84400 0.00275476 0.00143995 
84500 0.00273876 0.00144592 
84600 0.00271911 0.00144505 
84700 0.00273325 0.00143711 
84800 0.00274627 0.00142799 
84900 0.00279198 0.00140471 
85000 0.00277209 0.00139147 
85100 0.00276053 0.00138381 
85200 0.0027777 0.00138106 
85300 0.00278 0.00137209 
85400 0.00280051 0.00137995 
85500 0.00276564 0.00138112 
85600 0.00272882 0.00138988 
85700 0.00275687 0.00137186 
85800 0.00281299 0.00140025 
85900 0.0028531 0.00140727 
86000 0.00287513 0.001395 
86100 0.0029283 0.00140178 
86200 0.00291664 0.00140627 
86300 0.00291388 0.00143861 
86400 0.00285678 0.00144428 
86500 0.00285405 0.00144308 
86600 0.0028447 0.00144141 
86700 0.00283572 0.00143975 
86800 0.00284595 0.00143809 
86900 0.00288632 0.00143644 
87000 0.00285846 0.00143449 
87100 0.00291338 0.00142453 
87200 0.0029088 0.00140878 
87300 0.00288612 0.0014047 
87400 0.00285204 0.00142194 
87500 0.00279561 0.00142761 
87600 0.00276864 0.00143402 
87700 0.0027205 0.00141437 
87800 0.00268243 0.0014057 
87900 0.00269809 0.00140508 
88000 0.00269783 0.00139909 
88100 0.00272825 0.00137905 
88200 0.00274764 0.00139707 
88300 0.00270175 0.00140616 
88400 0.00272163 0.00140914 
88500 0.00271523 0.0014026 
88600 0.00271925 0.00139107 
88700 0.00272403 0.00139389 
88800 0.00270502 0.00140564 
88900 0.00268469 0.00141558 
89000 0.00267838 0.00141645 
89100 0.00270786 0.00141771 
89200 0.00269708 0.00141869 
89300 0.0026875 0.0014171 
89400 0.00264709 0.00141552 
89500 0.0026404 0.00141393 
89600 0.00261536 0.00141236 
89700 0.002635 0.00141078 
89800 0.00263988 0.00140921 
89900 0.00259056 0.00140764 
90000 0.00261096 0.00140608 
90100 0.00258788 0.00140452 
90200 0.00258345 0.00140296 
90300 0.00260558 0.00140141 
90400 0.00260295 0.00139986 
90500 0.00259328 0.00139831 
90600 0.00257564 0.00139677 
90700 0.00259801 0.00139523 
90800 0.00259971 0.00139369 
90900 0.00257985 0.00139216 
91000 0.00259482 0.00139063 
91100 0.00262782 0.0013891 
91200 0.00261027 0.00138758 
91300 0.0025792 0.00138606 
91400 0.00257249 0.00138454 
91500 0.00259509 0.00138303 
91600 0.00259661 0.00138152 
91700 0.00259401 0.00138001 
91800 0.00259552 0.00137851 
91900 0.00260079 0.00137701 
92000 0.00260575 0.00137551 
92100 0.00259961 0.00137372 
92200 0.00259818 0.0013693 
92300 0.00258749 0.00136278 
92400 0.00259334 0.00135555 
92500 0.00257262 0.00135174 
92600 0.00255157 0.00134858 
92700 0.0025316 0.00135582 
92800 0.00255906 0.00136071 
92900 0.00253313 0.0013621 
93000 0.00253667 0.00136105 
93100 0.00254055 0.00135511 
93200 0.0025278 0.00135182 
93300 0.00254625 0.00134736 
93400 0.00254067 0.00134285 
93500 0.00254704 0.00133977 
93600 0.00255696 0.00133673 
93700 0.0025431 0.00133558 
93800 0.00254492 0.00133994 
93900 0.00251509 0.00134211 
94000 0.00253201 0.00132981 
94100 0.00259093 0.0013287 
94200 0.00259984 0.0013483 
94300 0.00264001 0.00135439 
94400 0.00262292 0.00136209 
94500 0.00261737 0.00136137 
94600 0.00263227 0.00135993 
94700 0.00261832 0.0013585 
94800 0.00261586 0.00135706 
94900 0.00261091 0.00135563 
95000 0.00260325 0.00135421 
95100 0.00262926 0.00135278 
95200 0.00265863 0.0013491 
95300 0.00264359 0.00131902 
95400 0.00262936 0.00132016 
95500 0.00254413 0.00130871 
95600 0.00256919 0.00131161 
95700 0.00255639 0.00130473 
95800 0.0025391 0.00130554 
95900 0.00253017 0.00132793 
96000 0.00250136 0.00134286 
96100 0.0025137 0.00134549 
96200 0.00249227 0.00135086 
96300 0.0025461 0.00134945 
96400 0.00254413 0.00134295 
96500 0.00256755 0.00132875 
96600 0.00258492 0.00131228 
96700 0.0025979 0.00132354 
96800 0.00257008 0.00132472 
96900 0.00255473 0.00132441 
97000 0.00256433 0.00132269 
97100 0.00256334 0.00131999 
97200 0.00249339 0.00130916 
97300 0.00248586 0.00129048 
97400 0.00249505 0.00131125 
97500 0.00251449 0.00131513 
97600 0.00253982 0.0013185 
97700 0.00257239 0.00131599 
97800 0.00260288 0.0013227 
97900 0.00263545 0.0013296 
98000 0.00266039 0.00133506 
98100 0.00268131 0.00133562 
98200 0.00265789 0.00133426 
98300 0.00267105 0.0013329 
98400 0.00268261 0.00133154 
98500 0.00268292 0.00133019 
98600 0.00268879 0.00132495 
98700 0.00266685 0.00131813 
98800 0.00263601 0.00132543 
98900 0.00263069 0.00132761 
99000 0.00262178 0.00132714 
99100 0.00260821 0.00132581 
99200 0.00260601 0.00132447 
99300 0.00258663 0.00132304 
99400 0.00259744 0.00132042 
99500 0.00259591 0.00131686 
99600 0.00257846 0.00131909 
99700 0.00256307 0.00131312 
99800 0.00254906 0.00130664 
99900 0.00252167 0.00131255 
100000 0.00250326 0.00131537 
110000 0.00250414 0.00119887 
120000 0.0022417 0.00112672 
130000 0.00206307 0.00109881 
140000 0.00200376 0.00101862 
150000 0.001858 0.000977729 
160000 0.00189583 0.000928719 
170000 0.00178502 0.000874089 
180000 0.00158267 0.000838034 
190000 0.00151808 0.000821584 
200000 0.00142678 0.000811616 
210000 0.00134223 0.000792492 
220000 0.00126967 0.000763468 
230000 0.00121446 0.000730274 
240000 0.00116428 0.000708706 
250000 0.00111011 0.000684627 
260000 0.00106742 0.000658296 
270000 0.00105623 0.000637947 
280000 0.00101851 0.000615163 
290000 0.000975842 0.000594833 
300000 0.000944583 0.000577735 
310000 0.000940466 0.000561043 
320000 0.000890024 0.000545306 
330000 0.000878128 0.000528781 
340000 0.000873069 0.000516116 
350000 0.000850258 0.00050137 
360000 0.000838296 0.00048962 
370000 0.00081564 0.000476387 
380000 0.000795962 0.000467526 
390000 0.000775553 0.000455538 
400000 0.000756164 0.00044415 
410000 0.000707828 0.000434933 
420000 0.000690975 0.000424578 
430000 0.000674906 0.000414704 
440000 0.000651066 0.000408226 
450000 0.000636598 0.000399154 
460000 0.000620311 0.000390808 
470000 0.000607113 0.000382493 
480000 0.000594465 0.000374525 
490000 0.000581845 0.000367646 
500000 0.000570208 0.000360293 
510000 0.000575261 0.000354388 
520000 0.000565665 0.000348859 
530000 0.000555122 0.000342277 
540000 0.000553137 0.000336053 
550000 0.000541671 0.000329943 
560000 0.00054295 0.000324051 
570000 0.000533424 0.000318366 
580000 0.000524227 0.000312877 
590000 0.000515342 0.000307574 
600000 0.000506753 0.000302448 
610000 0.000498446 0.00029749 
620000 0.000490406 0.000292691 
630000 0.000482622 0.000288045 
640000 0.000473093 0.000284821 
650000 0.000465814 0.000280439 
660000 0.000458756 0.00027619 
670000 0.000451909 0.000272067 
680000 0.000445264 0.000268066 
690000 0.000438811 0.000264181 
700000 0.000432542 0.000260407 
710000 0.00042645 0.00025674 
720000 0.000420527 0.000253174 
730000 0.000414766 0.000249706 
740000 0.000412952 0.000248232 
750000 0.000408521 0.000245475 
760000 0.000403146 0.000242246 
770000 0.00039791 0.000239099 
780000 0.000392809 0.000236034 
790000 0.000387836 0.000233046 
800000 0.000382988 0.000230133 
810000 0.00037826 0.000227292 
820000 0.000373647 0.00022452 
830000 0.000369146 0.000221815 
840000 0.000364751 0.000219175 
850000 0.00035674 0.000217484 
860000 0.000352592 0.000214955 
870000 0.000347569 0.000213956 
880000 0.000343619 0.000211525 
890000 0.000339758 0.000209148 
900000 0.000335983 0.000206824 
910000 0.000333045 0.000204551 
920000 0.000329425 0.000202328 
930000 0.000338125 0.000201151 
940000 0.000334527 0.000199011 
950000 0.000331006 0.000196916 
960000 0.000327558 0.000194865 
970000 0.000324181 0.000192856 
980000 0.000320873 0.000190888 
990000 0.000317632 0.00018896 
1000000 0.000314456 0.00018707 
1010000 0.000311342 0.000185218 
1020000 0.00030829 0.000183402 
1030000 0.000305297 0.000181622 
1040000 0.000302361 0.000179875 
1050000 0.000299482 0.000178162 
1060000 0.000296656 0.000176481 
1070000 0.000293884 0.000174832 
1080000 0.000291163 0.000173213 
1090000 0.000288492 0.000171624 
1100000 0.000285869 0.000170064 
1110000 0.000299896 0.000168532 
1120000 0.000298327 0.000167027 
1130000 0.000295686 0.000165549 
1140000 0.000293093 0.000164097 
1150000 0.000290544 0.00016267 
1160000 0.000299305 0.000162387 
1170000 0.000324971 0.000162879 
1180000 0.000322217 0.000161499 
1190000 0.000313686 0.000160543 
1200000 0.000290014 0.00015943 
1210000 0.000288312 0.000159861 
1220000 0.000307714 0.000159104 
1230000 0.000302194 0.000158219 
1240000 0.000317035 0.000157398 
1250000 0.000314498 0.000156139 
1260000 0.000312002 0.000154899 
1270000 0.000320048 0.000153934 
1280000 0.000317548 0.000152732 
1290000 0.000307513 0.000151862 
1300000 0.000305147 0.000150694 
1310000 0.000302818 0.000149543 
1320000 0.000300524 0.00014841 
1330000 0.000303008 0.000148062 
1340000 0.000286859 0.000148006 
1350000 0.000294451 0.00014691 
1360000 0.000296231 0.000146381 
1370000 0.000307433 0.000145312 
1380000 0.000316761 0.000144348 
1390000 0.000314957 0.000143473 
1400000 0.000277528 0.000144311 
1410000 0.000307713 0.000143686 
1420000 0.000308244 0.000142674 
1430000 0.000310573 0.00014085 
1440000 0.000318543 0.00014175 
1450000 0.000326658 0.000142892 
1460000 0.000324651 0.000141913 
1470000 0.000322442 0.000140948 
1480000 0.000311223 0.000139995 
1490000 0.000312574 0.000139056 
1500000 0.000313863 0.000139558 
1510000 0.000322393 0.00013991 
1520000 0.000320272 0.00013899 
1530000 0.000318178 0.000138081 
1540000 0.000316112 0.000137185 
1550000 0.000314073 0.0001363 
1560000 0.00030042 0.000136037 
1570000 0.000297353 0.000136678 
1580000 0.000295479 0.000135813 
1590000 0.000294454 0.000134959 
1600000 0.000308017 0.000134733 
1610000 0.000306424 0.000133896 
1620000 0.000286543 0.000133298 
1630000 0.000281464 0.000132688 
1640000 0.000305845 0.000132396 
1650000 0.00030737 0.000131594 
1660000 0.000306349 0.000130801 
1670000 0.000304514 0.000130018 
1680000 0.000302702 0.000129244 
1690000 0.00028151 0.00012902 
1700000 0.000302671 0.000129065 
1710000 0.000302637 0.000126542 
1720000 0.000298754 0.000127679 
1730000 0.000297027 0.000126941 
1740000 0.00029532 0.000126212 
1750000 0.000293633 0.00012549 
1760000 0.000275307 0.000123701 
1770000 0.000273022 0.000125013 
1780000 0.000271488 0.00012431 
1790000 0.000269972 0.000123616 
1800000 0.000268472 0.000122929 
1810000 0.000245983 0.000122886 
1820000 0.000244631 0.000122211 
1830000 0.000243294 0.000121543 
1840000 0.000241972 0.000120883 
1850000 0.000240664 0.000120229 
1860000 0.000277686 0.00012057 
1870000 0.000276201 0.000119925 
1880000 0.000274732 0.000119287 
1890000 0.000252024 0.000119793 
1900000 0.000250698 0.000119163 
1910000 0.000249385 0.000118539 
1920000 0.000248086 0.000117921 
1930000 0.000246801 0.00011731 
1940000 0.000245529 0.000116706 
1950000 0.000244269 0.000116459 
1960000 0.000243023 0.000115864 
1970000 0.000241789 0.000115276 
1980000 0.000240568 0.000114694 
1990000 0.000244874 0.000112726 
2000000 0.000258729 0.000114788 
2010000 0.000250959 0.00011235 
2020000 0.000254308 0.000115122 
2030000 0.000253056 0.000114555 
2040000 0.000260642 0.000114876 
2050000 0.000260167 0.000113576 
2060000 0.000258344 0.000113853 
2070000 0.000257096 0.000113303 
2080000 0.00025586 0.000112758 
2090000 0.000254635 0.000112219 
2100000 0.000253423 0.000111684 
2110000 0.000252222 0.000111155 
2120000 0.000251032 0.000110631 
2130000 0.000249854 0.000110111 
2140000 0.000248686 0.000109597 
2150000 0.000228888 0.000104815 
2160000 0.000222759 0.000109096 
2170000 0.000221732 0.000108594 
2180000 0.000220715 0.000108095 
2190000 0.000219707 0.000107602 
2200000 0.000223913 0.000107413 
2210000 0.000222899 0.000106927 
2220000 0.000221895 0.000106445 
2230000 0.0002209 0.000105968 
2240000 0.000219914 0.000105495 
2250000 0.000218937 0.000105026 
2260000 0.000217968 0.000104561 
2270000 0.000217008 0.0001041 
2280000 0.000212453 0.000103856 
2290000 0.000211526 0.000103403 
2300000 0.000210606 0.000102953 
2310000 0.000209694 0.000102507 
2320000 0.00020879 0.000102065 
2330000 0.000207894 0.000101627 
2340000 0.000207006 0.000101193 
2350000 0.000206125 0.000100763 
2360000 0.000205252 0.000100336 
2370000 0.000204386 9.99122e-05 
2380000 0.000203527 9.94924e-05 
2390000 0.000202675 9.90761e-05 
2400000 0.000201831 9.86633e-05 
2410000 0.000200993 9.82539e-05 
2420000 0.000200163 9.78479e-05 
2430000 0.000199339 9.74452e-05 
2440000 0.000198522 9.70459e-05 
2450000 0.000197712 9.66498e-05 
2460000 0.000196908 9.62569e-05 
2470000 0.000196111 9.58672e-05 
2480000 0.00019532 9.54806e-05 
2490000 0.000194536 9.50972e-05 
2500000 0.000193758 9.47168e-05 
2510000 0.000192986 9.43394e-05 
2520000 0.00019222 9.39651e-05 
2530000 0.00019146 9.35936e-05 
2540000 0.000190706 9.32252e-05 
2550000 0.000189958 9.28596e-05 
2560000 0.000189216 9.24968e-05 
2570000 0.00018848 9.21369e-05 
2580000 0.00018775 9.17798e-05 
2590000 0.000187025 9.14255e-05 
2600000 0.000186305 9.10738e-05 
2610000 0.000185591 9.07249e-05 
2620000 0.000184883 9.03786e-05 
2630000 0.000184175 9.0035e-05 
2640000 0.00018416 8.96939e-05 
2650000 0.000183465 8.93554e-05 
2660000 0.000188846 8.74829e-05 
2670000 0.000202703 9.03249e-05 
2680000 0.000201947 8.99879e-05 
2690000 0.000201196 8.96533e-05 
2700000 0.000200451 8.93213e-05 
2710000 0.000199711 8.89917e-05 
2720000 0.000198977 8.86645e-05 
2730000 0.000198248 8.83397e-05 
2740000 0.000197525 8.80173e-05 
2750000 0.000196961 8.8371e-05 
2760000 0.000196247 8.80508e-05 
2770000 0.000195538 8.77329e-05 
2780000 0.000194835 8.74173e-05 
2790000 0.000194137 8.7104e-05 
2800000 0.000193443 8.67929e-05 
2810000 0.000192755 8.6484e-05 
2820000 0.000192071 8.61774e-05 
2830000 0.000191393 8.58728e-05 
2840000 0.000190719 8.55705e-05 
2850000 0.00019005 8.52702e-05 
2860000 0.000189385 8.49721e-05 
2870000 0.000188725 8.4676e-05 
2880000 0.00018807 8.4382e-05 
2890000 0.000187419 8.409e-05 
2900000 0.000186773 8.38001e-05 
2910000 0.000186131 8.35121e-05 
2920000 0.000185494 8.32261e-05 
2930000 0.000184861 8.2942e-05 
2940000 0.000184232 8.26599e-05 
2950000 0.000183607 8.23797e-05 
2960000 0.000182987 8.21014e-05 
2970000 0.000182371 8.1825e-05 
2980000 0.000181759 8.15504e-05 
2990000 0.000181151 8.12776e-05 
3000000 0.000180547 8.10067e-05 
3010000 0.000179947 8.07376e-05 
3020000 0.000179352 8.04703e-05 
3030000 0.00017876 8.02047e-05 
3040000 0.000178844 7.94016e-05 
3050000 0.000177561 7.97847e-05 
3060000 0.000176981 7.9524e-05 
3070000 0.000176404 7.9265e-05 
3080000 0.000175831 7.90076e-05 
3090000 0.000175262 7.87519e-05 
3100000 0.000174697 7.84979e-05 
3110000 0.000174135 7.82455e-05 
3120000 0.000173577 7.79947e-05 
3130000 0.00016918 7.63137e-05 
3140000 0.000166939 7.79774e-05 
3150000 0.000166409 7.77299e-05 
3160000 0.000165882 7.74839e-05 
3170000 0.000165359 7.72395e-05 
3180000 0.000164839 7.69966e-05 
3190000 0.000164322 7.67552e-05 
3200000 0.000163809 7.65154e-05 
3210000 0.000163299 7.6277e-05 
3220000 0.000162791 7.60401e-05 
3230000 0.000162287 7.58047e-05 
3240000 0.000161787 7.55707e-05 
3250000 0.000161289 7.53382e-05 
3260000 0.000160794 7.51071e-05 
3270000 0.000160302 7.48774e-05 
3280000 0.000159814 7.46491e-05 
3290000 0.000159328 7.44222e-05 
3300000 0.000158845 7.41967e-05 
3310000 0.000158365 7.39726e-05 
3320000 0.000157888 7.37497e-05 
3330000 0.000156898 7.41544e-05 
3340000 0.00015678 7.41369e-05 
3350000 0.000156312 7.39156e-05 
3360000 0.000155846 7.36956e-05 
3370000 0.000155384 7.34769e-05 
3380000 0.000154924 7.32595e-05 
3390000 0.000154467 7.30434e-05 
3400000 0.000154013 7.28286e-05 
3410000 0.000153561 7.2615e-05 
3420000 0.000153112 7.24027e-05 
3430000 0.000152666 7.21916e-05 
3440000 0.000152222 7.19817e-05 
3450000 0.000151781 7.17731e-05 
3460000 0.000151342 7.15657e-05 
3470000 0.000150906 7.13594e-05 
3480000 0.000150472 7.11544e-05 
3490000 0.000150041 7.09505e-05 
3500000 0.000149613 7.07478e-05 
3510000 0.000149186 7.05462e-05 
3520000 0.000148762 7.03458e-05 
3530000 0.000148341 7.01465e-05 
3540000 0.000143052 7.01144e-05 
3550000 0.000142467 7.0231e-05 
3560000 0.000142067 7.00337e-05 
3570000 0.000141669 6.98375e-05 
3580000 0.000141273 6.96425e-05 
3590000 0.00014088 6.94485e-05 
3600000 0.000140488 6.92556e-05 
3610000 0.000140099 6.90637e-05 
3620000 0.000139712 6.88729e-05 
3630000 0.000139327 6.86832e-05 
3640000 0.000138944 6.84945e-05 
3650000 0.000138564 6.83069e-05 
3660000 0.000138185 6.81202e-05 
3670000 0.000137809 6.79346e-05 
3680000 0.000137434 6.775e-05 
3690000 0.000137062 6.75664e-05 
3700000 0.000136691 6.73838e-05 
3710000 0.000136323 6.72022e-05 
3720000 0.000134571 6.74374e-05 
3730000 0.000134221 6.73023e-05 
3740000 0.000133862 6.71223e-05 
3750000 0.000133505 6.69433e-05 
3760000 0.00013315 6.67653e-05 
3770000 0.000132797 6.65882e-05 
3780000 0.000132445 6.6412e-05 
3790000 0.000132096 6.62368e-05 
3800000 0.000131748 6.60625e-05 
3810000 0.000131402 6.58891e-05 
3820000 0.000131058 6.57166e-05 
3830000 0.000130716 6.5545e-05 
3840000 0.000130376 6.53743e-05 
3850000 0.000130037 6.52045e-05 
3860000 0.0001297 6.50356e-05 
3870000 0.000129365 6.48676e-05 
3880000 0.000129032 6.47004e-05 
3890000 0.0001287 6.45341e-05 
3900000 0.00012837 6.43686e-05 
3910000 0.000128042 6.4204e-05 
3920000 0.000127715 6.40402e-05 
3930000 0.00012739 6.38772e-05 
3940000 0.000127067 6.37151e-05 
3950000 0.000126745 6.35538e-05 
3960000 0.000126425 6.33933e-05 
3970000 0.000126107 6.32336e-05 
3980000 0.00012579 6.30747e-05 
3990000 0.000125474 6.29167e-05 
4000000 0.000125161 6.27594e-05 
4010000 0.000124849 6.26029e-05 
4020000 0.000124538 6.24471e-05 
4030000 0.000124229 6.22922e-05 
4040000 0.000123921 6.2138e-05 
4050000 0.000123616 6.19846e-05 
4060000 0.000123311 6.18319e-05 
4070000 0.000123008 6.168e-05 
4080000 0.000122707 6.15288e-05 
4090000 0.000122407 6.13784e-05 
4100000 0.000122108 6.12287e-05 
4110000 0.000121811 6.10797e-05 
4120000 0.000121515 6.09314e-05 
4130000 0.000121221 6.07839e-05 
4140000 0.000120928 6.06371e-05 
4150000 0.000120637 6.0491e-05 
4160000 0.000120347 6.03456e-05 
4170000 0.000120058 6.02008e-05 
4180000 0.000119771 6.00568e-05 
4190000 0.000119485 5.99135e-05 
4200000 0.000119201 5.97708e-05 
4210000 0.000118918 5.96289e-05 
4220000 0.000118636 5.94876e-05 
4230000 0.000118355 5.93469e-05 
4240000 0.000118076 5.9207e-05 
4250000 0.000117798 5.90676e-05 
4260000 0.000117522 5.8929e-05 
4270000 0.000117247 5.8791e-05 
4280000 0.000116973 5.86536e-05 
4290000 0.0001167 5.85169e-05 
4300000 0.000116429 5.83808e-05 
4310000 0.000116158 5.82454e-05 
4320000 0.00011589 5.81105e-05 
4330000 0.000115622 5.79763e-05 
4340000 0.000115355 5.78427e-05 
4350000 0.00011509 5.77098e-05 
4360000 0.000114826 5.75774e-05 
4370000 0.000114564 5.74457e-05 
4380000 0.000114302 5.73145e-05 
4390000 0.000114042 5.71839e-05 
4400000 0.000113782 5.7054e-05 
4410000 0.000113524 5.69246e-05 
4420000 0.000113268 5.67958e-05 
4430000 0.000113012 5.66676e-05 
4440000 0.000112757 5.654e-05 
4450000 0.000112504 5.64129e-05 
4460000 0.000112252 5.62864e-05 
4470000 0.000112001 5.61605e-05 
4480000 0.000111751 5.60352e-05 
4490000 0.000111502 5.59104e-05 
4500000 0.000111254 5.57861e-05 
4510000 0.000111007 5.56624e-05 
4520000 0.000110762 5.55393e-05 
4530000 0.000110517 5.54167e-05 
4540000 0.000110274 5.52946e-05 
4550000 0.000110031 5.51731e-05 
4560000 0.00010979 5.50521e-05 
4570000 0.00010955 5.49316e-05 
4580000 0.000109311 5.48117e-05 
4590000 0.000109073 5.46923e-05 
4600000 0.000108835 5.45734e-05 
4610000 0.000108599 5.4455e-05 
4620000 0.000108364 5.43371e-05 
4630000 0.00010813 5.42198e-05 
4640000 0.000107897 5.41029e-05 
4650000 0.000107665 5.39866e-05 
4660000 0.000107434 5.38707e-05 
4670000 0.000107204 5.37554e-05 
4680000 0.000106975 5.36405e-05 
4690000 0.000106747 5.35261e-05 
4700000 0.00010652 5.34122e-05 
4710000 0.000106294 5.32988e-05 
4720000 0.000106068 5.31859e-05 
4730000 0.000105844 5.30735e-05 
4740000 0.000105621 5.29615e-05 
4750000 0.000105398 5.285e-05 
4760000 0.000105177 5.2739e-05 
4770000 0.000104957 5.26284e-05 
4780000 0.000104765 5.25183e-05 
4790000 0.000104547 5.24087e-05 
4800000 0.000104329 5.22995e-05 
4810000 0.000104112 5.21907e-05 
4820000 0.000108603 5.25808e-05 
4830000 0.000107722 5.26707e-05 
4840000 0.000108136 5.25619e-05 
4850000 0.0001095 5.24535e-05 
4860000 0.000108533 5.24345e-05 
4870000 0.000108885 5.23268e-05 
4880000 0.000109652 5.22196e-05 
4890000 0.000109428 5.21128e-05 
4900000 0.000109204 5.20065e-05 
4910000 0.000109064 5.19005e-05 
4920000 0.000108842 5.1795e-05 
4930000 0.000108621 5.169e-05 
4940000 0.000108401 5.15854e-05 
4950000 0.000115671 5.21732e-05 
4960000 0.000115438 5.2068e-05 
4970000 0.000115206 5.19633e-05 
4980000 0.000114975 5.18589e-05 
4990000 0.000114744 5.1755e-05 
5000000 0.000114515 5.16515e-05 
5010000 0.000114286 5.15484e-05 
5020000 0.000114058 5.14457e-05 
5030000 0.000113832 5.13434e-05 
5040000 0.000113606 5.12416e-05 
5050000 0.000113381 5.11401e-05 
5060000 0.000113157 5.1039e-05 
5070000 0.000109647 5.15348e-05 
5080000 0.000109426 5.14459e-05 
5090000 0.000109211 5.13449e-05 
5100000 0.000108996 5.12442e-05 
5110000 0.000108783 5.11439e-05 
5120000 0.000108582 5.1044e-05 
5130000 0.000108374 5.09445e-05 
5140000 0.000108277 5.08454e-05 
5150000 0.000108441 5.07467e-05 
5160000 0.000108244 5.06483e-05 
5170000 0.000108301 4.98933e-05 
5180000 0.000105536 5.08942e-05 
5190000 0.000106167 5.07961e-05 
5200000 0.000106138 5.06984e-05 
5210000 0.000105626 5.06011e-05 
5220000 0.000106433 5.05042e-05 
5230000 0.00010623 5.04076e-05 
5240000 0.000106027 5.03114e-05 
5250000 0.000105825 5.02156e-05 
5260000 0.000105624 5.01201e-05 
5270000 0.000105423 5.0025e-05 
5280000 0.000105224 4.99303e-05 
5290000 0.000105025 4.98359e-05 
5300000 0.000104827 4.97419e-05 
5310000 0.000104629 4.96482e-05 
5320000 0.000104433 4.95549e-05 
5330000 0.000104237 4.94619e-05 
5340000 0.000104041 4.93693e-05 
5350000 0.000103847 4.9277e-05 
5360000 0.000103653 4.9185e-05 
5370000 0.00010346 4.90935e-05 
5380000 0.000103268 4.90022e-05 
5390000 0.000103076 4.89113e-05 
5400000 9.59438e-05 4.89186e-05 
5410000 0.000108536 4.87567e-05 
5420000 0.000110657 4.72858e-05 
5430000 0.000108209 4.97467e-05 
5440000 0.00010801 4.96553e-05 
5450000 0.000107812 4.95641e-05 
5460000 0.000107615 4.94734e-05 
5470000 0.000107418 4.93829e-05 
5480000 0.000107222 4.92928e-05 
5490000 0.000107027 4.9203e-05 
5500000 0.000106832 4.91136e-05 
5510000 0.000106638 4.90244e-05 
5520000 0.000106445 4.89356e-05 
5530000 0.000106253 4.88471e-05 
5540000 0.000106061 4.87589e-05 
5550000 0.00010587 4.86711e-05 
5560000 0.000105679 4.85836e-05 
5570000 0.00010549 4.84963e-05 
5580000 0.0001053 4.84094e-05 
5590000 0.000105112 4.83228e-05 
5600000 0.000104924 4.82365e-05 
5610000 0.000104737 4.81505e-05 
5620000 0.000104551 4.80649e-05 
5630000 0.000104365 4.79795e-05 
5640000 0.00010418 4.78944e-05 
5650000 0.000103996 4.78097e-05 
5660000 0.000103812 4.77252e-05 
5670000 0.000103963 4.78253e-05 
5680000 0.00010378 4.77411e-05 
5690000 0.000103597 4.76572e-05 
5700000 0.000103416 4.75736e-05 
5710000 0.000103235 4.74903e-05 
5720000 0.000103054 4.74073e-05 
5730000 0.000102874 4.73245e-05 
5740000 0.000102695 4.72421e-05 
5750000 0.000102516 4.71599e-05 
5760000 0.000102338 4.70781e-05 
5770000 0.000102161 4.69965e-05 
5780000 0.000101984 4.69152e-05 
5790000 0.000101808 4.68341e-05 
5800000 0.000101633 4.67534e-05 
5810000 0.000101458 4.66729e-05 
5820000 0.000101283 4.65927e-05 
5830000 0.00010111 4.6625e-05 
5840000 9.96232e-05 4.54965e-05 
5850000 9.46041e-05 4.65862e-05 
5860000 9.44427e-05 4.65067e-05 
5870000 9.42818e-05 4.64274e-05 
5880000 9.41215e-05 4.63485e-05 
5890000 9.39617e-05 4.62698e-05 
5900000 9.38024e-05 4.61914e-05 
5910000 9.19489e-05 4.61955e-05 
5920000 9.17936e-05 4.61175e-05 
5930000 9.16388e-05 4.60397e-05 
5940000 9.14845e-05 4.59622e-05 
5950000 9.13307e-05 4.58849e-05 
5960000 9.11775e-05 4.58079e-05 
5970000 9.10248e-05 4.57312e-05 
5980000 9.08726e-05 4.56547e-05 
5990000 9.07209e-05 4.55785e-05 
6000000 9.05697e-05 4.55026e-05 
6010000 9.0419e-05 4.54268e-05 
6020000 9.02688e-05 4.53514e-05 
6030000 9.01191e-05 4.52762e-05 
6040000 8.99699e-05 4.52012e-05 
6050000 8.98211e-05 4.51265e-05 
6060000 8.96729e-05 4.5052e-05 
6070000 8.95252e-05 4.49778e-05 
6080000 8.9378e-05 4.49038e-05 
6090000 8.98254e-05 4.48547e-05 
6100000 8.96781e-05 4.47811e-05 
6110000 8.95313e-05 4.47078e-05 
6120000 8.9385e-05 4.46348e-05 
6130000 8.92392e-05 4.4562e-05 
6140000 8.90939e-05 4.44894e-05 
6150000 8.8949e-05 4.4417e-05 
6160000 8.88046e-05 4.43449e-05 
6170000 8.86607e-05 4.42731e-05 
6180000 8.85172e-05 4.42014e-05 
6190000 8.83742e-05 4.413e-05 
6200000 8.82317e-05 4.40588e-05 
6210000 8.80896e-05 4.39879e-05 
6220000 8.7948e-05 4.39172e-05 
6230000 8.78068e-05 4.38467e-05 
6240000 8.76661e-05 4.37764e-05 
6250000 8.75258e-05 4.37064e-05 
6260000 8.7386e-05 4.36366e-05 
6270000 8.72466e-05 4.3567e-05 
6280000 8.71077e-05 4.34976e-05 
6290000 9.26705e-05 4.38314e-05 
6300000 9.25234e-05 4.3791e-05 
6310000 9.23768e-05 4.37216e-05 
6320000 9.22306e-05 4.36525e-05 
6330000 9.20849e-05 4.35835e-05 
6340000 9.19397e-05 4.35148e-05 
6350000 9.17949e-05 4.34462e-05 
6360000 9.16506e-05 4.33779e-05 
6370000 9.15067e-05 4.33098e-05 
6380000 9.13632e-05 4.32419e-05 
6390000 9.12203e-05 4.31794e-05 
6400000 9.10777e-05 4.31119e-05 
6410000 9.09357e-05 4.30447e-05 
6420000 9.0794e-05 4.29776e-05 
6430000 9.06528e-05 4.29108e-05 
6440000 9.0512e-05 4.28441e-05 
6450000 9.03717e-05 4.27777e-05 
6460000 9.02318e-05 4.27115e-05 
6470000 9.03177e-05 4.26927e-05 
6480000 9.01783e-05 4.26268e-05 
6490000 9.00394e-05 4.25611e-05 
6500000 8.99009e-05 4.24956e-05 
6510000 8.97628e-05 4.24303e-05 
6520000 8.96251e-05 4.23653e-05 
6530000 8.94879e-05 4.23004e-05 
6540000 8.9351e-05 4.22357e-05 
6550000 8.92146e-05 4.21712e-05 
6560000 8.90786e-05 4.21069e-05 
6570000 8.8943e-05 4.20429e-05 
6580000 8.88079e-05 4.1979e-05 
6590000 8.86731e-05 4.19153e-05 
6600000 8.83504e-05 4.18517e-05 
6610000 8.8926e-05 4.18066e-05 
6620000 8.90673e-05 4.17435e-05 
6630000 8.89994e-05 4.16805e-05 
6640000 8.88653e-05 4.16177e-05 
6650000 8.87317e-05 4.15551e-05 
6660000 8.85985e-05 4.14927e-05 
6670000 8.84656e-05 4.14305e-05 
6680000 8.83332e-05 4.13685e-05 
6690000 8.82012e-05 4.13067e-05 
6700000 8.80695e-05 4.1245e-05 
6710000 8.79383e-05 4.11836e-05 
6720000 8.78074e-05 4.11223e-05 
6730000 8.76769e-05 4.10612e-05 
6740000 8.75469e-05 4.10003e-05 
6750000 8.74172e-05 4.09395e-05 
6760000 8.72878e-05 4.08789e-05 
6770000 8.71589e-05 4.08186e-05 
6780000 8.70304e-05 4.07584e-05 
6790000 8.69022e-05 4.06983e-05 
6800000 8.67744e-05 4.06385e-05 
6810000 8.6647e-05 4.05788e-05 
6820000 8.65199e-05 4.05193e-05 
6830000 8.64466e-05 4.046e-05 
6840000 8.59629e-05 4.04008e-05 
6850000 8.64631e-05 4.03752e-05 
6860000 8.42655e-05 4.03164e-05 
6870000 8.53094e-05 4.02577e-05 
6880000 8.30679e-05 4.01992e-05 
6890000 8.35679e-05 4.01408e-05 
6900000 8.74383e-05 4.00826e-05 
6910000 8.27009e-05 4.00246e-05 
6920000 8.39732e-05 3.99668e-05 
6930000 8.36116e-05 3.99091e-05 
6940000 8.51436e-05 3.98516e-05 
6950000 8.70793e-05 3.97943e-05 
6960000 8.74492e-05 3.97371e-05 
6970000 9.01468e-05 3.96801e-05 
6980000 9.00082e-05 3.96232e-05 
6990000 8.8448e-05 3.95666e-05 
7000000 9.25412e-05 3.951e-05 
7010000 8.7814e-05 3.94586e-05 
7020000 8.68691e-05 3.94024e-05 
7030000 8.55295e-05 3.93464e-05 
7040000 8.62319e-05 3.92905e-05 
7050000 8.42044e-05 3.92347e-05 
7060000 8.52908e-05 3.91792e-05 
7070000 8.72757e-05 3.91237e-05 
7080000 8.64523e-05 3.90685e-05 
7090000 8.52636e-05 3.90134e-05 
7100000 8.9526e-05 3.89584e-05 
7110000 9.15524e-05 3.89036e-05 
7120000 8.79654e-05 3.8849e-05 
7130000 9.57554e-05 3.87945e-05 
7140000 9.60176e-05 3.87402e-05 
7150000 9.81623e-05 3.8686e-05 
7160000 9.70464e-05 3.8632e-05 
7170000 9.73997e-05 3.85781e-05 
7180000 9.36714e-05 3.85244e-05 
7190000 9.62936e-05 3.84708e-05 
7200000 9.83546e-05 3.84173e-05 
7210000 9.45454e-05 3.83641e-05 
7220000 9.65502e-05 3.83109e-05 
7230000 9.32376e-05 3.82579e-05 
7240000 9.98182e-05 3.82051e-05 
7250000 0.000100024 3.81524e-05 
7260000 0.000101656 3.80998e-05 
7270000 0.00010034 3.80474e-05 
7280000 9.88766e-05 3.79952e-05 
7290000 0.000100793 3.79431e-05 
7300000 0.000105544 3.80458e-05 
7310000 0.000103888 3.79937e-05 
7320000 0.000104586 3.79418e-05 
7330000 0.000107193 3.78901e-05 
7340000 0.000107114 3.78384e-05 
7350000 0.00010672 3.7787e-05 
7360000 0.0001067 3.77356e-05 
7370000 0.000107156 3.76844e-05 
7380000 0.000107189 3.76334e-05 
7390000 0.000105934 3.75824e-05 
7400000 0.000104099 3.75316e-05 
7410000 0.00010505 3.7481e-05 
7420000 0.000106162 3.74305e-05 
7430000 0.000104744 3.73801e-05 
7440000 0.000103672 3.73299e-05 
7450000 0.000106487 3.72797e-05 
7460000 0.000104388 3.72298e-05 
7470000 0.000105186 3.71799e-05 
7480000 0.000106406 3.71302e-05 
7490000 0.000105855 3.70807e-05 
7500000 0.00010275 3.70312e-05 
7510000 0.00010542 3.69819e-05 
7520000 0.000104611 3.69327e-05 
7530000 0.000105024 3.68837e-05 
7540000 0.000106085 3.68348e-05 
7550000 0.000104281 3.6786e-05 
7560000 0.000110085 3.67373e-05 
7570000 0.000109081 3.66888e-05 
7580000 0.000103906 3.66404e-05 
7590000 0.000103719 3.65921e-05 
7600000 0.000106094 3.66071e-05 
7610000 0.000107299 3.6559e-05 
7620000 0.000104529 3.6511e-05 
7630000 0.000104906 3.64632e-05 
7640000 0.000106657 3.64154e-05 
7650000 0.000107879 3.63678e-05 
7660000 0.000108967 3.63203e-05 
7670000 0.000107866 3.6273e-05 
7680000 0.000106926 3.60698e-05 
7690000 0.000107883 3.62103e-05 
7700000 0.000109509 3.61809e-05 
7710000 0.000109117 3.6134e-05 
7720000 0.000108122 3.60872e-05 
7730000 0.000108296 3.60405e-05 
7740000 0.000108504 3.59939e-05 
7750000 0.000108357 3.59475e-05 
7760000 0.000109542 3.59012e-05 
7770000 0.000110472 3.5855e-05 
7780000 0.000109546 3.58089e-05 
7790000 0.00011007 3.57629e-05 
7800000 0.000108508 3.5717e-05 
7810000 0.000108362 3.56713e-05 
7820000 0.000106693 3.56257e-05 
7830000 0.000109749 3.55802e-05 
7840000 0.000109486 3.55348e-05 
7850000 0.000109811 3.54896e-05 
7860000 0.000109292 3.54444e-05 
7870000 0.000109051 3.53994e-05 
7880000 0.000110702 3.53544e-05 
7890000 0.000109522 3.53096e-05 
7900000 0.000109578 3.52649e-05 
7910000 0.000108639 3.52204e-05 
7920000 0.000106791 3.51759e-05 
7930000 0.000107987 3.51315e-05 
7940000 0.000107172 3.50873e-05 
7950000 0.000104674 3.50431e-05 
7960000 0.000106195 3.49991e-05 
7970000 0.000107038 3.49552e-05 
7980000 0.000107361 3.49114e-05 
7990000 0.000105758 3.48677e-05 
8000000 0.000103828 3.48241e-05 
8010000 0.000107298 3.47806e-05 
8020000 0.000107971 3.47373e-05 
8030000 0.00010815 3.4694e-05 
8040000 0.000110036 3.46509e-05 
8050000 0.000109776 3.46078e-05 
8060000 0.000108708 3.45649e-05 
8070000 0.000109553 3.45221e-05 
8080000 0.000109069 3.44793e-05 
8090000 0.000108683 3.44367e-05 
8100000 0.00010883 3.43942e-05 
8110000 0.000108853 3.43518e-05 
8120000 0.000109494 3.43095e-05 
8130000 0.000108497 3.42673e-05 
8140000 0.000106354 3.42252e-05 
8150000 0.000108051 3.41832e-05 
8160000 0.000106623 3.41413e-05 
8170000 0.000106809 3.40995e-05 
8180000 0.000106691 3.40578e-05 
8190000 0.00010623 3.40162e-05 
8200000 0.000106899 3.39748e-05 
8210000 0.000105474 3.39334e-05 
8220000 0.000104602 3.38921e-05 
8230000 0.000104396 3.38509e-05 
8240000 0.000104288 3.38098e-05 
8250000 0.000106528 3.37688e-05 
8260000 0.000111474 3.3728e-05 
8270000 0.000114892 3.36872e-05 
8280000 0.000115839 3.36465e-05 
8290000 0.000116756 3.36059e-05 
8300000 0.000117117 3.35654e-05 
8310000 0.00011366 3.3525e-05 
8320000 0.000108595 3.35864e-05 
8330000 0.00010802 3.35703e-05 
8340000 0.000104697 3.35301e-05 
8350000 0.000108254 3.34899e-05 
8360000 0.000108175 3.34498e-05 
8370000 0.000108237 3.34099e-05 
8380000 0.000109991 3.337e-05 
8390000 0.000108859 3.33302e-05 
8400000 0.000108709 3.32906e-05 
8410000 0.000109816 3.3251e-05 
8420000 0.000109826 3.32115e-05 
8430000 0.00010877 3.31721e-05 
8440000 0.00010959 3.31445e-05 
8450000 0.000110082 3.31053e-05 
8460000 0.000108912 3.30662e-05 
8470000 0.000109671 3.30272e-05 
8480000 0.000110429 3.29882e-05 
8490000 0.000110689 3.29646e-05 
8500000 0.000109319 3.29258e-05 
8510000 0.000110503 3.28871e-05 
8520000 0.000110745 3.28485e-05 
8530000 0.000110023 3.281e-05 
8540000 0.000110074 3.27716e-05 
8550000 0.000111192 3.27333e-05 
8560000 0.000109612 3.2695e-05 
8570000 0.00010985 3.26569e-05 
8580000 0.000111218 3.26188e-05 
8590000 0.00011141 3.25809e-05 
8600000 0.000112348 3.2543e-05 
8610000 0.00011117 3.25052e-05 
8620000 0.000112638 3.24675e-05 
8630000 0.000113686 3.24298e-05 
8640000 0.000113132 3.23923e-05 
8650000 0.000113499 3.23549e-05 
8660000 0.00011356 3.23175e-05 
8670000 0.000113143 3.22802e-05 
8680000 0.000113397 3.2243e-05 
8690000 0.000112927 3.22059e-05 
8700000 0.000113723 3.21689e-05 
8710000 0.000114348 3.2132e-05 
8720000 0.00011459 3.20951e-05 
8730000 0.000114234 3.20584e-05 
8740000 0.000115067 3.20217e-05 
8750000 0.000115523 3.19851e-05 
8760000 0.000115391 3.19486e-05 
8770000 0.000115259 3.19122e-05 
8780000 0.000115128 3.18758e-05 
8790000 0.00011547 3.18432e-05 
8800000 0.000115339 3.18071e-05 
8810000 0.000115208 3.17709e-05 
8820000 0.000115078 3.17349e-05 
8830000 0.000114947 3.1699e-05 
8840000 0.000114817 3.16631e-05 
8850000 0.000114688 3.16274e-05 
8860000 0.000114558 3.15917e-05 
8870000 0.000114429 3.1556e-05 
8880000 0.0001143 3.15205e-05 
8890000 0.000114171 3.1485e-05 
8900000 0.000114043 3.14497e-05 
8910000 0.000113915 3.14144e-05 
8920000 0.000113788 3.13792e-05 
8930000 0.00011366 3.1344e-05 
8940000 0.000113533 3.1309e-05 
8950000 0.000113406 3.1274e-05 
8960000 0.000111172 3.13201e-05 
8970000 0.000111048 3.12852e-05 
8980000 0.000110925 3.12504e-05 
8990000 0.000110801 3.12156e-05 
9000000 0.000110678 3.11809e-05 
9010000 0.000110555 3.11463e-05 
9020000 0.000110433 3.11118e-05 
9030000 0.00011031 3.10773e-05 
9040000 0.000110188 3.1043e-05 
9050000 0.000110067 3.10087e-05 
9060000 0.000109945 3.09744e-05 
9070000 0.000109824 3.09403e-05 
9080000 0.000109703 3.09062e-05 
9090000 0.000109582 3.08722e-05 
9100000 0.000109462 3.08383e-05 
9110000 0.000109342 3.08044e-05 
9120000 0.000109222 3.07706e-05 
9130000 0.000109102 3.07369e-05 
9140000 0.000108983 3.07033e-05 
9150000 0.000108864 3.06698e-05 
9160000 0.000108745 3.06363e-05 
9170000 0.000108626 3.06029e-05 
9180000 0.000108508 3.05695e-05 
9190000 0.00010839 3.05363e-05 
9200000 0.000108267 3.05031e-05 
9210000 0.000108299 3.047e-05 
9220000 0.000108403 3.04369e-05 
9230000 0.000108602 3.04039e-05 
9240000 0.000108523 3.0371e-05 
9250000 0.000108223 3.03382e-05 
9260000 0.000108242 3.03054e-05 
9270000 0.000108338 3.02727e-05 
9280000 0.000108414 3.02401e-05 
9290000 0.000107595 3.02076e-05 
9300000 0.000107733 3.01751e-05 
9310000 0.000107743 3.01427e-05 
9320000 0.00010801 3.01103e-05 
9330000 0.000107358 3.00781e-05 
9340000 0.000108079 3.00459e-05 
9350000 0.000109096 3.00137e-05 
9360000 0.000109261 2.99817e-05 
9370000 0.000109221 2.99497e-05 
9380000 0.000108718 2.99177e-05 
9390000 0.000108755 2.98859e-05 
9400000 0.000107501 2.98541e-05 
9410000 0.000108794 2.98223e-05 
9420000 0.000108544 2.97907e-05 
9430000 0.000108269 2.97591e-05 
9440000 0.000106889 2.97276e-05 
9450000 0.000107068 2.96961e-05 
9460000 0.000109911 2.96647e-05 
9470000 0.000111714 2.96334e-05 
9480000 0.000116893 2.96021e-05 
9490000 0.000116768 2.95709e-05 
9500000 0.000115794 2.95398e-05 
9510000 0.000117169 2.95088e-05 
9520000 0.000120348 2.94778e-05 
9530000 0.000119929 2.94468e-05 
9540000 0.000119826 2.9416e-05 
9550000 0.00012092 2.93852e-05 
9560000 0.000116408 2.93544e-05 
9570000 0.00011427 2.93238e-05 
9580000 0.000114475 2.92931e-05 
9590000 0.000112728 2.92963e-05 
9600000 0.000109942 2.92658e-05 
9610000 0.00011063 2.92354e-05 
9620000 0.000109327 2.9205e-05 
9630000 0.000111107 2.91746e-05 
9640000 0.000112269 2.91444e-05 
9650000 0.000114445 2.91142e-05 
9660000 0.000110481 2.9084e-05 
9670000 0.00011446 2.9054e-05 
9680000 0.000115875 2.90888e-05 
9690000 0.000112447 2.90587e-05 
9700000 0.000112454 2.90288e-05 
9710000 0.000112299 2.89989e-05 
9720000 0.00011328 2.89691e-05 
9730000 0.000113137 2.89393e-05 
9740000 0.00011459 2.89096e-05 
9750000 0.000114337 2.88799e-05 
9760000 0.000114348 2.88503e-05 
9770000 0.000114136 2.88208e-05 
9780000 0.000115452 2.87913e-05 
9790000 0.000116442 2.87619e-05 
9800000 0.000117751 2.87326e-05 
9810000 0.000117367 2.87033e-05 
9820000 0.000117882 2.86741e-05 
9830000 0.000116361 2.86449e-05 
9840000 0.000117556 2.86158e-05 
9850000 0.000115473 2.85867e-05 
9860000 0.000117683 2.85577e-05 
9870000 0.00011752 2.85288e-05 
9880000 0.000117355 2.84999e-05 
9890000 0.000117399 2.84711e-05 
9900000 0.000117588 2.84423e-05 
