0 0 0 
1 0 0 
2 0 0.903215 
3 0.025 0.677411 
4 1.75926 0.541929 
5 2.86904 0.451608 
6 2.45918 0.39529 
7 2.20438 0.51478 
8 2.92269 0.457582 
9 2.88133 0.426823 
10 3.40996 0.388021 
11 3.17265 0.355686 
12 3.11704 0.419866 
13 3.12733 0.533076 
14 3.4751 0.53849 
15 3.25887 0.548888 
16 3.10061 0.563572 
17 2.94587 0.532262 
18 2.8056 0.525916 
19 2.7871 0.542309 
20 2.68175 0.593849 
21 2.71591 0.572034 
22 2.63815 0.547163 
23 2.52958 0.524365 
24 2.59737 0.561909 
25 2.51011 0.6044 
26 2.43305 0.63628 
27 2.37901 0.67478 
28 2.30736 0.651512 
29 2.24326 0.629795 
30 2.19794 0.609479 
31 2.18307 0.663711 
32 2.21033 0.644602 
33 2.19969 0.625643 
34 2.1462 0.607767 
35 2.15374 0.590885 
36 2.09694 0.58518 
37 2.06607 0.577219 
38 2.02351 0.607576 
39 2.01895 0.6554 
40 2.00086 0.644233 
41 1.99775 0.653815 
42 1.97258 0.668118 
43 1.95846 0.655999 
44 1.91494 0.649851 
45 1.87331 0.635724 
46 1.87609 0.622198 
47 1.85883 0.644146 
48 1.83621 0.631 
49 1.79981 0.624461 
50 1.78591 0.614093 
51 1.79337 0.603304 
52 1.75954 0.591921 
53 1.73958 0.585614 
54 1.70971 0.597034 
55 1.76332 0.587874 
56 1.73238 0.576599 
57 1.70274 0.593456 
58 1.67442 0.591946 
59 1.68947 0.582081 
60 1.69986 0.572538 
61 1.67244 0.563304 
62 1.69306 0.554362 
63 1.65803 0.545701 
64 1.63756 0.537305 
65 1.63245 0.529164 
66 1.60823 0.521266 
67 1.58664 0.540786 
68 1.59129 0.532949 
69 1.57597 0.525335 
70 1.5876 0.536366 
71 1.56595 0.541262 
72 1.54709 0.555768 
73 1.53527 0.548257 
74 1.51487 0.540947 
75 1.49494 0.550544 
76 1.48084 0.553187 
77 1.46186 0.546094 
78 1.45112 0.54713 
79 1.43504 0.545306 
80 1.41787 0.538574 
81 1.40058 0.532006 
82 1.39176 0.537877 
83 1.3824 0.531474 
84 1.36887 0.525221 
85 1.35295 0.52945 
86 1.34623 0.523365 
87 1.33086 0.517417 
88 1.31568 0.511604 
89 1.30038 0.505919 
90 1.2924 0.50036 
91 1.2908 0.495133 
92 1.27985 0.489809 
93 1.26595 0.484598 
94 1.25262 0.479497 
95 1.23685 0.474502 
96 1.22436 0.472133 
97 1.21638 0.481143 
98 1.2041 0.476283 
99 1.19206 0.47152 
100 1.18025 0.466852 
101 1.17657 0.462275 
102 1.17605 0.457882 
103 1.16474 0.454173 
104 1.15365 0.468283 
105 1.14381 0.463865 
106 1.13326 0.460363 
107 1.13305 0.459685 
108 1.12836 0.455468 
109 1.12727 0.451327 
110 1.11712 0.447797 
111 1.10564 0.444399 
112 1.09639 0.442438 
113 1.08577 0.451276 
114 1.0911 0.453989 
115 1.08169 0.451252 
116 1.07245 0.454345 
117 1.06068 0.45489 
118 1.05176 0.452662 
119 1.0452 0.448896 
120 1.03652 0.445187 
121 1.02802 0.441537 
122 1.02241 0.437922 
123 1.0196 0.447395 
124 1.01072 0.442881 
125 1.01129 0.439831 
126 1.00332 0.442292 
127 0.996079 0.438623 
128 0.988968 0.435223 
129 0.981837 0.431875 
130 0.992432 0.433789 
131 0.984913 0.430503 
132 0.975846 0.427682 
133 0.974666 0.42449 
134 0.972671 0.422471 
135 0.965519 0.419365 
136 0.964239 0.417709 
137 0.966205 0.414249 
138 0.959113 0.411269 
139 0.964397 0.408331 
140 0.961724 0.405435 
141 0.960209 0.40258 
142 0.952169 0.400649 
143 0.949518 0.399293 
144 0.942934 0.39654 
145 0.939611 0.394624 
146 0.932089 0.392906 
147 0.925791 0.390251 
148 0.919578 0.387411 
149 0.913448 0.388693 
150 0.912152 0.386599 
151 0.906151 0.384055 
152 0.903633 0.382585 
153 0.902061 0.381097 
154 0.896241 0.378638 
155 0.890496 0.375718 
156 0.88438 0.373325 
157 0.878575 0.37062 
158 0.873049 0.368289 
159 0.867592 0.365987 
160 0.861079 0.364457 
161 0.856692 0.362207 
162 0.851436 0.359985 
163 0.850791 0.35779 
164 0.850892 0.355621 
165 0.845543 0.353479 
166 0.843517 0.351362 
167 0.838496 0.350863 
168 0.835101 0.350063 
169 0.830189 0.351599 
170 0.825334 0.350312 
171 0.820535 0.348276 
172 0.815792 0.347165 
173 0.81436 0.345858 
174 0.81266 0.343882 
175 0.810196 0.341928 
176 0.805619 0.340615 
177 0.802487 0.338575 
178 0.7962 0.338098 
179 0.791771 0.336611 
180 0.788434 0.335511 
181 0.784102 0.333971 
182 0.788447 0.332261 
183 0.785228 0.330163 
184 0.78161 0.328378 
185 0.778682 0.326612 
186 0.782718 0.324714 
187 0.778555 0.323085 
188 0.774838 0.321468 
189 0.772051 0.322377 
190 0.768968 0.320679 
191 0.764963 0.318897 
192 0.760999 0.317441 
193 0.757076 0.316539 
194 0.753194 0.314916 
195 0.753246 0.317633 
196 0.749422 0.316937 
197 0.745637 0.315182 
198 0.742802 0.316391 
199 0.739088 0.315008 
200 0.735411 0.313441 
201 0.731967 0.311889 
202 0.727664 0.310353 
203 0.724097 0.308832 
204 0.720564 0.307325 
205 0.71821 0.305833 
206 0.714728 0.304356 
207 0.711291 0.303194 
208 0.707055 0.301744 
209 0.703689 0.300307 
210 0.705345 0.298884 
211 0.702018 0.297474 
212 0.698722 0.296077 
213 0.695457 0.294591 
214 0.692223 0.293221 
215 0.689018 0.291897 
216 0.686346 0.290552 
217 0.683198 0.289234 
218 0.679967 0.287913 
219 0.676876 0.286605 
220 0.677092 0.285018 
221 0.674042 0.283734 
222 0.67102 0.282228 
223 0.668024 0.28316 
224 0.667066 0.282542 
225 0.664115 0.281291 
226 0.659163 0.280052 
227 0.656272 0.278824 
228 0.653406 0.277606 
229 0.651395 0.276399 
230 0.648575 0.275203 
231 0.645779 0.274017 
232 0.642179 0.272841 
233 0.639434 0.271675 
234 0.637335 0.270519 
235 0.636535 0.269372 
236 0.633849 0.268236 
237 0.631186 0.267127 
238 0.628545 0.26601 
239 0.623402 0.264901 
240 0.621421 0.263802 
241 0.618853 0.262712 
242 0.617415 0.261631 
243 0.614884 0.260559 
244 0.61139 0.259495 
245 0.609518 0.2591 
246 0.607285 0.258782 
247 0.608312 0.257738 
248 0.60462 0.256703 
249 0.602201 0.255676 
250 0.602443 0.25497 
251 0.605235 0.253958 
252 0.602843 0.252954 
253 0.599765 0.251958 
254 0.596072 0.25097 
255 0.593744 0.24999 
256 0.589526 0.253463 
257 0.587241 0.252481 
258 0.582255 0.251506 
259 0.580016 0.250457 
260 0.577794 0.249498 
261 0.573719 0.251344 
262 0.571537 0.250389 
263 0.567987 0.24944 
264 0.567831 0.248499 
265 0.565696 0.247565 
266 0.563578 0.246637 
267 0.564769 0.245717 
268 0.565294 0.244998 
269 0.5632 0.24409 
270 0.561122 0.243708 
271 0.560558 0.24327 
272 0.559448 0.242378 
273 0.557406 0.241494 
274 0.555379 0.240616 
275 0.553367 0.240434 
276 0.55137 0.239566 
277 0.549386 0.238985 
278 0.552133 0.238128 
279 0.550161 0.237278 
280 0.548203 0.236433 
281 0.546259 0.235595 
282 0.544329 0.234762 
283 0.542412 0.233936 
284 0.540509 0.233115 
285 0.53791 0.2323 
286 0.536036 0.23149 
287 0.534175 0.230686 
288 0.534818 0.229888 
289 0.532974 0.229096 
290 0.531143 0.228308 
291 0.529324 0.227526 
292 0.527517 0.22675 
293 0.525723 0.225979 
294 0.523941 0.225213 
295 0.520268 0.224452 
296 0.518517 0.223696 
297 0.518829 0.222945 
298 0.517094 0.2222 
299 0.51537 0.221459 
300 0.513658 0.220723 
301 0.512628 0.219992 
302 0.510936 0.219188 
303 0.509255 0.218467 
304 0.507313 0.219922 
305 0.503985 0.219204 
306 0.506292 0.218305 
307 0.504648 0.217596 
308 0.503015 0.218065 
309 0.499529 0.217362 
310 0.497923 0.216663 
311 0.500395 0.215969 
312 0.498024 0.215279 
313 0.497883 0.213915 
314 0.498006 0.213236 
315 0.49643 0.212561 
316 0.494864 0.211891 
317 0.492283 0.211225 
318 0.491343 0.210257 
319 0.48815 0.2096 
320 0.487686 0.208947 
321 0.489198 0.208298 
322 0.487683 0.207653 
323 0.486178 0.207012 
324 0.483286 0.206375 
325 0.481481 0.205742 
326 0.480009 0.205113 
327 0.477767 0.204348 
328 0.476314 0.203726 
329 0.474871 0.203109 
330 0.472025 0.202495 
331 0.470603 0.201886 
332 0.46919 0.201279 
333 0.466415 0.200677 
334 0.465023 0.200078 
335 0.463639 0.199482 
336 0.463844 0.199332 
337 0.462472 0.198742 
338 0.463076 0.198156 
339 0.461714 0.197573 
340 0.46036 0.196993 
341 0.459014 0.196417 
342 0.460976 0.195845 
343 0.459636 0.195275 
344 0.458304 0.196602 
345 0.456979 0.196034 
346 0.455662 0.195504 
347 0.454353 0.194975 
348 0.453051 0.194416 
349 0.451757 0.193874 
350 0.450469 0.193321 
351 0.450756 0.192772 
352 0.448663 0.192239 
353 0.447395 0.191696 
354 0.446135 0.191156 
355 0.444882 0.190619 
356 0.443635 0.190086 
357 0.444264 0.190295 
358 0.443027 0.189691 
359 0.441796 0.189164 
360 0.441414 0.18864 
361 0.440195 0.188119 
362 0.438982 0.187601 
363 0.43662 0.187085 
364 0.435149 0.186363 
365 0.43639 0.185854 
366 0.435748 0.196027 
367 0.436009 0.195495 
368 0.434827 0.194965 
369 0.433652 0.195292 
370 0.434128 0.194349 
371 0.432961 0.193827 
372 0.431801 0.193307 
373 0.42963 0.193444 
374 0.428418 0.192928 
375 0.427279 0.192601 
376 0.426145 0.19209 
377 0.427856 0.191582 
378 0.425541 0.191076 
379 0.426232 0.190573 
380 0.425113 0.190073 
381 0.423578 0.189575 
382 0.422472 0.18908 
383 0.422128 0.188588 
384 0.420086 0.188098 
385 0.418998 0.187611 
386 0.419376 0.187126 
387 0.417347 0.186644 
388 0.418766 0.186164 
389 0.417753 0.185688 
390 0.41781 0.185782 
391 0.416801 0.185138 
392 0.41477 0.184666 
393 0.413815 0.184198 
394 0.413293 0.183731 
395 0.412249 0.183961 
396 0.412612 0.183559 
397 0.412966 0.183145 
398 0.411931 0.182686 
399 0.410895 0.182227 
400 0.409524 0.181773 
401 0.407026 0.18132 
402 0.404965 0.18087 
403 0.403962 0.180423 
404 0.402965 0.179977 
405 0.402512 0.179534 
406 0.401523 0.179093 
407 0.400539 0.178654 
408 0.401941 0.178074 
409 0.402495 0.17764 
410 0.401516 0.178281 
411 0.399116 0.177849 
412 0.399422 0.178133 
413 0.397418 0.177703 
414 0.39646 0.177274 
415 0.395507 0.176854 
416 0.394558 0.176429 
417 0.395116 0.176007 
418 0.394173 0.175587 
419 0.391791 0.175784 
420 0.390861 0.17699 
421 0.388226 0.177031 
422 0.388193 0.176612 
423 0.38867 0.176195 
424 0.388628 0.175781 
425 0.387715 0.175368 
426 0.388706 0.174958 
427 0.387798 0.175053 
428 0.386894 0.174325 
429 0.385994 0.173919 
430 0.385099 0.173927 
431 0.384207 0.173525 
432 0.38332 0.17335 
433 0.382437 0.17295 
434 0.381012 0.172553 
435 0.380138 0.171798 
436 0.37813 0.171405 
437 0.376169 0.171013 
438 0.373775 0.170624 
439 0.373777 0.170236 
440 0.37293 0.16985 
441 0.372086 0.169466 
442 0.371246 0.169083 
443 0.372021 0.168702 
444 0.371185 0.168323 
445 0.371465 0.167946 
446 0.371778 0.168094 
447 0.371606 0.167719 
448 0.370778 0.167346 
449 0.369151 0.166974 
450 0.368332 0.166603 
451 0.368275 0.166235 
452 0.36664 0.165868 
453 0.365832 0.165503 
454 0.365028 0.165429 
455 0.363289 0.166442 
456 0.362494 0.166078 
457 0.360317 0.165716 
458 0.359532 0.165355 
459 0.358751 0.164995 
460 0.357972 0.164637 
461 0.358555 0.164281 
462 0.35778 0.163926 
463 0.357009 0.163573 
464 0.357238 0.164571 
465 0.356472 0.16461 
466 0.355708 0.164257 
467 0.354814 0.163903 
468 0.354057 0.163554 
469 0.354353 0.163206 
470 0.353601 0.162859 
471 0.352794 0.162514 
472 0.352792 0.162171 
473 0.354491 0.161829 
474 0.353745 0.161427 
475 0.353001 0.160988 
476 0.352663 0.160651 
477 0.351925 0.160315 
478 0.350161 0.15998 
479 0.349432 0.160803 
480 0.347839 0.160469 
481 0.347117 0.160136 
482 0.346399 0.159804 
483 0.34547 0.160681 
484 0.347041 0.16035 
485 0.344353 0.16002 
486 0.343646 0.159691 
487 0.342942 0.159364 
488 0.342241 0.159038 
489 0.341542 0.158642 
490 0.340847 0.158319 
491 0.33951 0.157998 
492 0.340022 0.157677 
493 0.339334 0.157358 
494 0.338648 0.15704 
495 0.337965 0.156723 
496 0.338206 0.156408 
497 0.338773 0.156094 
498 0.338883 0.155781 
499 0.337387 0.155418 
500 0.33647 0.155108 
501 0.335723 0.154799 
502 0.334783 0.154491 
503 0.334119 0.154185 
504 0.335539 0.15388 
505 0.335701 0.153575 
506 0.335208 0.153273 
507 0.333215 0.152971 
508 0.332134 0.15267 
509 0.331482 0.152371 
510 0.330834 0.152073 
511 0.330187 0.151776 
512 0.329544 0.151376 
513 0.328903 0.151081 
514 0.328264 0.150788 
515 0.326379 0.150496 
516 0.324993 0.150204 
517 0.326483 0.149778 
518 0.324347 0.14949 
519 0.323523 0.149202 
520 0.322902 0.148916 
521 0.322283 0.148631 
522 0.321667 0.148346 
523 0.321053 0.147897 
524 0.320442 0.147616 
525 0.319833 0.147335 
526 0.319226 0.147055 
527 0.319166 0.146777 
528 0.318563 0.146499 
529 0.317962 0.146223 
530 0.317363 0.145948 
531 0.316766 0.147192 
532 0.31758 0.146916 
533 0.316986 0.146641 
534 0.314381 0.146366 
535 0.313794 0.146093 
536 0.313336 0.145821 
537 0.312454 0.14555 
538 0.310432 0.14528 
539 0.311161 0.145011 
540 0.310585 0.144743 
541 0.311615 0.144924 
542 0.312847 0.144657 
543 0.312272 0.144302 
544 0.311699 0.144037 
545 0.311128 0.143773 
546 0.309899 0.14351 
547 0.310986 0.143248 
548 0.31042 0.142987 
549 0.309855 0.142727 
550 0.309293 0.142468 
551 0.307236 0.14221 
552 0.307632 0.141953 
553 0.307077 0.142343 
554 0.306523 0.142086 
555 0.305972 0.141831 
556 0.304683 0.141576 
557 0.304137 0.141323 
558 0.302616 0.14107 
559 0.301989 0.140818 
560 0.301451 0.140874 
561 0.299975 0.140842 
562 0.301059 0.140592 
563 0.301829 0.140342 
564 0.302504 0.140094 
565 0.301969 0.139846 
566 0.301437 0.1396 
567 0.301939 0.139456 
568 0.302446 0.139452 
569 0.300762 0.139208 
570 0.300235 0.140427 
571 0.29971 0.140182 
572 0.29791 0.140151 
573 0.297391 0.140063 
574 0.296874 0.13982 
575 0.295405 0.139577 
576 0.294893 0.139335 
577 0.29598 0.139094 
578 0.295468 0.138854 
579 0.294959 0.138737 
580 0.294451 0.138498 
581 0.293945 0.13826 
582 0.293273 0.138023 
583 0.292771 0.137787 
584 0.292248 0.137502 
585 0.293464 0.137267 
586 0.292964 0.137033 
587 0.292465 0.1368 
588 0.291969 0.136462 
589 0.290985 0.13556 
590 0.292286 0.135331 
591 0.291792 0.135102 
592 0.2913 0.13482 
593 0.29081 0.134991 
594 0.290321 0.134764 
595 0.289834 0.134538 
596 0.289348 0.134313 
597 0.288116 0.134088 
598 0.287635 0.133864 
599 0.286998 0.133641 
600 0.28652 0.133357 
601 0.284901 0.133136 
602 0.284428 0.132915 
603 0.283957 0.132695 
604 0.284986 0.132476 
605 0.284203 0.132176 
606 0.283735 0.131958 
607 0.283268 0.131741 
608 0.28343 0.131726 
609 0.282965 0.13151 
610 0.281536 0.131295 
611 0.281076 0.131044 
612 0.280618 0.13083 
613 0.280161 0.130533 
614 0.279705 0.13032 
615 0.279251 0.130109 
616 0.278799 0.129898 
617 0.278348 0.129688 
618 0.277898 0.129478 
619 0.27745 0.129269 
620 0.278187 0.129061 
621 0.277259 0.128854 
622 0.276814 0.128831 
623 0.27637 0.128624 
624 0.275928 0.128419 
625 0.276729 0.128213 
626 0.276288 0.128009 
627 0.275626 0.127805 
628 0.274082 0.127602 
629 0.273119 0.127399 
630 0.272686 0.127197 
631 0.273016 0.126996 
632 0.272585 0.126796 
633 0.272155 0.126596 
634 0.271726 0.127244 
635 0.271299 0.127044 
636 0.270873 0.127011 
637 0.270449 0.126812 
638 0.270945 0.126614 
639 0.270521 0.126416 
640 0.269825 0.126218 
641 0.269404 0.126022 
642 0.268631 0.125826 
643 0.267823 0.12563 
644 0.267408 0.125436 
645 0.266994 0.125242 
646 0.265661 0.125048 
647 0.265251 0.124855 
648 0.264842 0.124663 
649 0.264435 0.124471 
650 0.264934 0.12428 
651 0.265662 0.124089 
652 0.265255 0.123899 
653 0.26485 0.12371 
654 0.264445 0.123521 
655 0.263443 0.123332 
656 0.263042 0.123145 
657 0.261819 0.122957 
658 0.263099 0.122771 
659 0.264256 0.122585 
660 0.263856 0.122399 
661 0.263458 0.122215 
662 0.26306 0.122029 
663 0.262706 0.121845 
664 0.262311 0.121662 
665 0.261524 0.121479 
666 0.261586 0.121396 
667 0.26271 0.121308 
668 0.263675 0.120997 
669 0.263031 0.120816 
670 0.262639 0.120636 
671 0.262248 0.120408 
672 0.260539 0.120229 
673 0.259539 0.120051 
674 0.258346 0.119873 
675 0.256969 0.119695 
676 0.255449 0.119519 
677 0.255072 0.119626 
678 0.254696 0.11945 
679 0.25474 0.119274 
680 0.254366 0.119099 
681 0.253993 0.118925 
682 0.253 0.11875 
683 0.254188 0.118485 
684 0.253817 0.118312 
685 0.253447 0.118019 
686 0.25187 0.117848 
687 0.251504 0.117676 
688 0.252588 0.117505 
689 0.252854 0.117335 
690 0.252367 0.117146 
691 0.252387 0.116934 
692 0.252023 0.116765 
693 0.252525 0.116619 
694 0.252162 0.116451 
695 0.2518 0.116262 
696 0.251955 0.116095 
697 0.250423 0.115929 
698 0.250065 0.115763 
699 0.249708 0.115597 
700 0.249351 0.115432 
701 0.249981 0.115355 
702 0.249517 0.115191 
703 0.249162 0.115027 
704 0.248986 0.114864 
705 0.247685 0.114701 
706 0.247335 0.114539 
707 0.246319 0.11434 
708 0.245971 0.114179 
709 0.245625 0.114018 
710 0.244749 0.113858 
711 0.244406 0.113698 
712 0.244063 0.113539 
713 0.242872 0.11338 
714 0.242533 0.113221 
715 0.242194 0.113063 
716 0.241856 0.112905 
717 0.241519 0.112748 
718 0.242578 0.112591 
719 0.242241 0.112435 
720 0.241905 0.112279 
721 0.24157 0.112123 
722 0.241032 0.111968 
723 0.239647 0.112521 
724 0.239316 0.112365 
725 0.238987 0.112211 
726 0.238658 0.112056 
727 0.238693 0.111902 
728 0.238365 0.111749 
729 0.238039 0.111596 
730 0.237713 0.111443 
731 0.238085 0.111291 
732 0.23776 0.111139 
733 0.238679 0.110988 
734 0.238354 0.110837 
735 0.238669 0.110686 
736 0.238214 0.110536 
737 0.237892 0.110386 
738 0.23757 0.110237 
739 0.237249 0.110088 
740 0.238287 0.109939 
741 0.238939 0.109791 
742 0.238618 0.109643 
743 0.239403 0.109496 
744 0.239082 0.109349 
745 0.238761 0.109202 
746 0.238441 0.109056 
747 0.238123 0.109611 
748 0.238845 0.109465 
749 0.238526 0.109319 
750 0.238208 0.109174 
751 0.237301 0.109028 
752 0.237797 0.108884 
753 0.236731 0.108739 
754 0.237447 0.108595 
755 0.236293 0.108451 
756 0.23598 0.108308 
757 0.235669 0.108165 
758 0.235146 0.10842 
759 0.233936 0.108277 
760 0.232922 0.108135 
761 0.232617 0.107993 
762 0.232312 0.107851 
763 0.232008 0.10771 
764 0.231704 0.107569 
765 0.231402 0.107429 
766 0.230085 0.107289 
767 0.229786 0.107149 
768 0.229487 0.10701 
769 0.229097 0.106871 
770 0.229808 0.106732 
771 0.229511 0.106594 
772 0.229214 0.106456 
773 0.228982 0.106319 
774 0.228687 0.106181 
775 0.228448 0.1061 
776 0.228154 0.105963 
777 0.228088 0.105827 
778 0.227795 0.105691 
779 0.227503 0.105556 
780 0.228214 0.105421 
781 0.227761 0.105286 
782 0.22747 0.105151 
783 0.228101 0.105017 
784 0.22781 0.104883 
785 0.227521 0.10475 
786 0.226613 0.104617 
787 0.225545 0.104484 
788 0.225259 0.104352 
789 0.224974 0.10422 
790 0.224689 0.104088 
791 0.224405 0.103956 
792 0.224122 0.103825 
793 0.22384 0.103695 
794 0.223559 0.103564 
795 0.223278 0.103434 
796 0.222998 0.103304 
797 0.22265 0.103175 
798 0.222371 0.103046 
799 0.222093 0.102917 
800 0.222618 0.102788 
801 0.222341 0.10266 
802 0.222064 0.102532 
803 0.222389 0.102405 
804 0.222113 0.102278 
805 0.221896 0.102151 
806 0.221461 0.102024 
807 0.222089 0.101898 
808 0.221815 0.101772 
809 0.221541 0.101646 
810 0.220908 0.101521 
811 0.220412 0.101396 
812 0.219378 0.101271 
813 0.219109 0.101147 
814 0.220265 0.101023 
815 0.219995 0.100899 
816 0.219726 0.100775 
817 0.219457 0.100652 
818 0.220524 0.100529 
819 0.220255 0.100407 
820 0.219987 0.100284 
821 0.219719 0.100162 
822 0.219452 0.100041 
823 0.218954 0.0999193 
824 0.218688 0.0997982 
825 0.217512 0.0996773 
826 0.217249 0.0995568 
827 0.216986 0.0994366 
828 0.216724 0.0993166 
829 0.21772 0.099197 
830 0.217458 0.0990776 
831 0.217196 0.0989585 
832 0.216118 0.0988397 
833 0.215859 0.0987212 
834 0.215601 0.098603 
835 0.214385 0.098485 
836 0.214129 0.0983674 
837 0.21357 0.09825 
838 0.213316 0.0981329 
839 0.212638 0.0980161 
840 0.211854 0.0978995 
841 0.212193 0.0977832 
842 0.211941 0.0976672 
843 0.21169 0.0975515 
844 0.211439 0.0974361 
845 0.211818 0.0973209 
846 0.211937 0.097206 
847 0.212794 0.0970914 
848 0.212544 0.096977 
849 0.212294 0.0968629 
850 0.212044 0.0967491 
851 0.211711 0.0966356 
852 0.210535 0.0965223 
853 0.210255 0.0964092 
854 0.210009 0.0962965 
855 0.209763 0.096184 
856 0.209519 0.0960718 
857 0.209274 0.0959598 
858 0.209031 0.0958481 
859 0.210228 0.0957366 
860 0.209984 0.0956254 
861 0.20974 0.0955145 
862 0.209887 0.0954038 
863 0.210982 0.0952934 
864 0.210512 0.0951832 
865 0.210269 0.0950733 
866 0.210027 0.0949637 
867 0.209785 0.0948543 
868 0.210775 0.0947451 
869 0.210532 0.0946362 
870 0.210291 0.0945275 
871 0.210049 0.0944191 
872 0.209809 0.094311 
873 0.209569 0.0942031 
874 0.209329 0.0940954 
875 0.209216 0.093988 
876 0.208978 0.0938808 
877 0.20874 0.0937739 
878 0.208502 0.0936672 
879 0.208265 0.0935608 
880 0.209139 0.0934546 
881 0.208298 0.0933486 
882 0.208062 0.0932429 
883 0.207826 0.0931374 
884 0.208418 0.0930322 
885 0.208183 0.0929272 
886 0.209195 0.0928224 
887 0.210003 0.0927179 
888 0.209767 0.0926136 
889 0.209256 0.0925095 
890 0.209021 0.0924057 
891 0.208787 0.0923021 
892 0.208257 0.0921988 
893 0.208024 0.0920956 
894 0.208779 0.0919927 
895 0.208546 0.0918901 
896 0.207618 0.0917876 
897 0.207526 0.0916854 
898 0.207295 0.0915834 
899 0.207065 0.0914817 
900 0.206835 0.0913801 
901 0.206606 0.0912788 
902 0.206377 0.0912177 
903 0.206149 0.0911168 
904 0.205685 0.0910161 
905 0.206269 0.0909156 
906 0.205392 0.0908154 
907 0.205165 0.0907154 
908 0.20494 0.0906156 
909 0.204714 0.090516 
910 0.204959 0.0904166 
911 0.204308 0.0903175 
912 0.204084 0.0902186 
913 0.203861 0.0901199 
914 0.204126 0.0900214 
915 0.203903 0.0899231 
916 0.203681 0.089825 
917 0.204143 0.0897272 
918 0.203921 0.0897713 
919 0.2037 0.0896738 
920 0.203478 0.0895764 
921 0.202703 0.0894793 
922 0.202483 0.0893823 
923 0.201951 0.0892856 
924 0.201733 0.089189 
925 0.20084 0.0890927 
926 0.201051 0.0889966 
927 0.201516 0.0889007 
928 0.201299 0.088805 
929 0.201616 0.0887095 
930 0.201399 0.0886143 
931 0.202383 0.0885192 
932 0.202166 0.0884243 
933 0.201949 0.0883296 
934 0.201733 0.0882352 
935 0.201044 0.0881409 
936 0.20083 0.0881683 
937 0.200064 0.0880743 
938 0.199435 0.0879805 
939 0.199223 0.0878869 
940 0.198334 0.0877935 
941 0.197611 0.0877003 
942 0.197401 0.0876073 
943 0.197979 0.0875145 
944 0.197769 0.0874219 
945 0.19756 0.0873294 
946 0.197351 0.0872372 
947 0.197143 0.0871452 
948 0.196935 0.0870534 
949 0.197402 0.0869617 
950 0.197195 0.0868703 
951 0.196987 0.0868696 
952 0.196781 0.0867784 
953 0.195888 0.0866874 
954 0.196107 0.0865967 
955 0.196175 0.0865061 
956 0.19597 0.0864157 
957 0.195766 0.0863255 
958 0.195011 0.0862355 
959 0.195479 0.0861456 
960 0.195275 0.086056 
961 0.19448 0.0859665 
962 0.194832 0.0858773 
963 0.19463 0.0857882 
964 0.194428 0.0856993 
965 0.194227 0.0856106 
966 0.194449 0.085522 
967 0.19483 0.0854337 
968 0.194359 0.0853455 
969 0.194158 0.0852575 
970 0.193958 0.0851697 
971 0.193759 0.0850821 
972 0.193029 0.0849947 
973 0.192831 0.0849074 
974 0.192633 0.0848203 
975 0.192436 0.0847334 
976 0.192239 0.0846743 
977 0.192042 0.0845877 
978 0.191846 0.0845013 
979 0.192658 0.084415 
980 0.192461 0.084329 
981 0.192265 0.0842431 
982 0.192228 0.0841574 
983 0.192033 0.0840719 
984 0.192307 0.0839865 
985 0.192112 0.0839014 
986 0.193054 0.0838164 
987 0.192858 0.0837315 
988 0.192663 0.0836469 
989 0.192469 0.0835624 
990 0.192275 0.0834781 
991 0.192088 0.0833939 
992 0.191588 0.0833099 
993 0.191396 0.0832261 
994 0.192222 0.0831425 
995 0.192029 0.083059 
996 0.191837 0.0829757 
997 0.191675 0.0828925 
998 0.191483 0.0828096 
999 0.191292 0.0827267 
1000 0.191101 0.0826441 
1100 0.172789 0.0758084 
1200 0.158332 0.0699132 
1300 0.150451 0.0642861 
1400 0.146369 0.0602701 
1500 0.132745 0.056823 
1600 0.126179 0.0534428 
1700 0.122801 0.0503009 
1800 0.114928 0.0475836 
1900 0.110056 0.0450805 
2000 0.1074 0.0428276 
2100 0.10438 0.0407892 
2200 0.0995309 0.038936 
2300 0.0954588 0.0372365 
2400 0.0916156 0.0354983 
2500 0.0903884 0.0343021 
2600 0.0862001 0.0335843 
2700 0.0834071 0.0326229 
2800 0.084127 0.0313529 
2900 0.0831325 0.0306173 
3000 0.0820555 0.0295991 
3100 0.0797433 0.0289746 
3200 0.0781631 0.0280694 
3300 0.0760542 0.0272479 
3400 0.0740767 0.0264468 
3500 0.0715207 0.0256916 
3600 0.0710228 0.024979 
3700 0.0681369 0.0243042 
3800 0.0652211 0.0236648 
3900 0.0640886 0.0230582 
4000 0.062465 0.0224819 
4100 0.0608115 0.0219337 
4200 0.0598024 0.0213312 
4300 0.0596731 0.0210352 
4400 0.0607278 0.0206332 
4500 0.0600427 0.0201748 
4600 0.057728 0.0197363 
4700 0.0565798 0.0193519 
4800 0.0567578 0.0189856 
4900 0.056786 0.0185982 
5000 0.0555669 0.0182263 
5100 0.0547883 0.017869 
5200 0.0537747 0.0175254 
5300 0.0530835 0.0171948 
5400 0.0515445 0.0168765 
5500 0.0510553 0.0165697 
5600 0.0497375 0.0162738 
5700 0.0489369 0.0159884 
5800 0.0481243 0.0157128 
5900 0.0470465 0.0154465 
6000 0.0464299 0.0151891 
6100 0.0468921 0.0149401 
6200 0.0456269 0.0146992 
6300 0.0460895 0.0144659 
6400 0.0460463 0.0142399 
6500 0.0449652 0.0140209 
6600 0.0441421 0.0138085 
6700 0.0431141 0.0136024 
6800 0.0417633 0.0134024 
6900 0.0403946 0.0132082 
7000 0.0401392 0.0130195 
7100 0.0400181 0.0128362 
7200 0.0404195 0.0126579 
7300 0.0400852 0.0124846 
7400 0.0393371 0.0123159 
7500 0.0388671 0.0121517 
7600 0.0384469 0.0119918 
7700 0.0379891 0.0118361 
7800 0.0379786 0.0116844 
7900 0.0374721 0.0115365 
8000 0.0368648 0.0113923 
8100 0.0360108 0.0112517 
8200 0.0355216 0.0111145 
8300 0.0355131 0.0109806 
8400 0.0356912 0.0108499 
8500 0.0356119 0.0107222 
8600 0.034807 0.0105976 
8700 0.0348471 0.0104758 
8800 0.0345369 0.0103567 
8900 0.0342125 0.0102404 
9000 0.0341699 0.0101266 
9100 0.0333596 0.0100154 
9200 0.0340598 0.0099065 
9300 0.0342478 0.00979999 
9400 0.0338173 0.00969575 
9500 0.0336663 0.0095937 
9600 0.0334517 0.00949377 
9700 0.0333722 0.00939591 
9800 0.0326215 0.00930004 
9900 0.0325941 0.00920611 
10000 0.0325285 0.00911406 
10100 0.0319261 0.00902383 
10200 0.0318202 0.00893537 
10300 0.031358 0.00884863 
10400 0.03137 0.00876355 
10500 0.029998 0.0086801 
10600 0.0294101 0.00859822 
10700 0.0292617 0.00851787 
10800 0.0283723 0.00843901 
10900 0.028244 0.00836159 
11000 0.0276573 0.00828558 
11100 0.0276983 0.00820004 
11200 0.0275178 0.00813789 
11300 0.0265151 0.00810753 
11400 0.026602 0.00803752 
11500 0.0266643 0.00796764 
11600 0.0264377 0.00789896 
11700 0.0270485 0.00777836 
11800 0.0265773 0.00774986 
11900 0.0270791 0.00769686 
12000 0.0262702 0.00761878 
12100 0.0258463 0.00758885 
12200 0.0257013 0.00748713 
12300 0.0256303 0.00747161 
12400 0.0253773 0.00752052 
12500 0.0254678 0.00746036 
12600 0.0256113 0.00741302 
12700 0.025366 0.00735465 
12800 0.0249738 0.0072972 
12900 0.0250732 0.00724064 
13000 0.0256249 0.00718494 
13100 0.025554 0.0071301 
13200 0.0255204 0.00707609 
13300 0.0251485 0.00702289 
13400 0.0251088 0.00697048 
13500 0.0245974 0.00692097 
13600 0.0242266 0.00690258 
13700 0.0239083 0.0068522 
13800 0.0238452 0.00681401 
13900 0.0234999 0.00676604 
14000 0.0233792 0.0067279 
14100 0.022434 0.00667261 
14200 0.0226689 0.00654563 
14300 0.0223838 0.00653594 
14400 0.0224126 0.00661114 
14500 0.0229456 0.00651113 
14600 0.0227212 0.00640934 
14700 0.0228249 0.00638246 
14800 0.0230754 0.00636236 
14900 0.0233165 0.0063184 
15000 0.0233301 0.00630319 
15100 0.0233442 0.00638524 
15200 0.0231146 0.00631659 
15300 0.0236361 0.0063313 
15400 0.0233947 0.00630352 
15500 0.0235822 0.00629189 
15600 0.0234658 0.00625168 
15700 0.0232079 0.00621186 
15800 0.0230877 0.00617255 
15900 0.0230814 0.00613373 
16000 0.0226289 0.00609539 
16100 0.0226545 0.00605754 
16200 0.0223329 0.00602015 
16300 0.0222559 0.00598322 
16400 0.0220488 0.00594674 
16500 0.0218862 0.0059107 
16600 0.0214912 0.00587509 
16700 0.0216129 0.00583991 
16800 0.0216096 0.00580516 
16900 0.0218895 0.00577081 
17000 0.0217976 0.00573686 
17100 0.0214936 0.00570332 
17200 0.0216817 0.00567016 
17300 0.021878 0.00563739 
17400 0.0216932 0.00560499 
17500 0.0217233 0.00557296 
17600 0.0216375 0.0055413 
17700 0.0215947 0.00550999 
17800 0.0216157 0.00547904 
17900 0.0215108 0.00544843 
18000 0.0213331 0.00541817 
18100 0.0211792 0.00538823 
18200 0.0215515 0.00535863 
18300 0.0216884 0.00532935 
18400 0.0214102 0.00530039 
18500 0.021466 0.00527174 
18600 0.021526 0.0052434 
18700 0.0210273 0.00521536 
18800 0.0209212 0.00518762 
18900 0.0208009 0.00516017 
19000 0.0208112 0.00513301 
19100 0.0202312 0.00510614 
19200 0.0199517 0.00507955 
19300 0.0198148 0.00505323 
19400 0.0198982 0.00502718 
19500 0.0196624 0.00500141 
19600 0.0193571 0.00497589 
19700 0.019259 0.00495063 
19800 0.0191529 0.00492563 
19900 0.018939 0.00490088 
20000 0.0187718 0.00487638 
20100 0.0186907 0.00485212 
20200 0.0189437 0.00482907 
20300 0.0185993 0.00483707 
20400 0.0186334 0.0048167 
20500 0.0186447 0.00479321 
20600 0.0185191 0.00476423 
20700 0.0186179 0.00472501 
20800 0.0185067 0.00473144 
20900 0.0184243 0.00472959 
21000 0.0181021 0.00470707 
21100 0.018045 0.00468476 
21200 0.0180872 0.00466266 
21300 0.0181132 0.00464077 
21400 0.018038 0.00461909 
21500 0.0177549 0.00459761 
21600 0.0175481 0.00457632 
21700 0.0172979 0.00455523 
21800 0.0174837 0.00453434 
21900 0.0174276 0.00451363 
22000 0.0174234 0.00449312 
22100 0.0175478 0.00447279 
22200 0.0173854 0.00445264 
22300 0.0171968 0.00443268 
22400 0.0173003 0.00441289 
22500 0.0173236 0.00439328 
22600 0.0174771 0.00437384 
22700 0.0174502 0.00435457 
22800 0.0172639 0.00433547 
22900 0.0173574 0.00431654 
23000 0.0171976 0.00429777 
23100 0.0172576 0.00427917 
23200 0.0169807 0.00426073 
23300 0.016741 0.00424244 
23400 0.0166906 0.00422431 
23500 0.0162685 0.00420634 
23600 0.0165636 0.00418851 
23700 0.0166649 0.00417084 
23800 0.0162608 0.00415332 
23900 0.0163528 0.00413594 
24000 0.0163202 0.00411871 
24100 0.016103 0.00410162 
24200 0.0161157 0.00408467 
24300 0.016055 0.00406786 
24400 0.016158 0.00405119 
24500 0.01627 0.00403466 
24600 0.0161494 0.00401826 
24700 0.0161971 0.00400199 
24800 0.0159382 0.00398585 
24900 0.0158913 0.00396984 
25000 0.0160205 0.00395397 
25100 0.0159952 0.00393821 
25200 0.0160133 0.00392259 
25300 0.0157992 0.00390708 
25400 0.0155071 0.0038917 
25500 0.0154519 0.00387644 
25600 0.0154872 0.0038613 
25700 0.0154426 0.00384627 
25800 0.0153507 0.00383137 
25900 0.0157133 0.00381658 
26000 0.0155259 0.0038019 
26100 0.0155766 0.00378733 
26200 0.0156676 0.00377288 
26300 0.0157864 0.00375853 
26400 0.0158589 0.00374429 
26500 0.0160026 0.00373017 
26600 0.0157332 0.00371614 
26700 0.0156976 0.00370223 
26800 0.0155263 0.00368841 
26900 0.0155188 0.0036747 
27000 0.0154936 0.00366109 
27100 0.0154101 0.00364758 
27200 0.0152515 0.00363417 
27300 0.0153298 0.00362086 
27400 0.015193 0.00360765 
27500 0.0151535 0.00359453 
27600 0.0153555 0.0035815 
27700 0.0151808 0.00356858 
27800 0.0151914 0.00355574 
27900 0.0149968 0.003543 
28000 0.0149528 0.00353034 
28100 0.0148434 0.00351778 
28200 0.0148055 0.00350531 
28300 0.0149215 0.00349292 
28400 0.0149144 0.00348062 
28500 0.0147596 0.00346841 
28600 0.0146063 0.00345628 
28700 0.0146751 0.00344424 
28800 0.0146223 0.00343228 
28900 0.0146047 0.0034204 
29000 0.0143495 0.00340861 
29100 0.0141384 0.0033969 
29200 0.0139414 0.00338526 
29300 0.0139114 0.00337371 
29400 0.0138728 0.00336224 
29500 0.0139757 0.00335084 
29600 0.0139289 0.00333952 
29700 0.0136697 0.00332828 
29800 0.0135689 0.00331711 
29900 0.0135668 0.00330601 
30000 0.0135242 0.00329499 
30100 0.013273 0.00328405 
30200 0.0134143 0.00327317 
30300 0.0133383 0.00326237 
30400 0.0131279 0.00325164 
30500 0.013111 0.00324098 
30600 0.0133332 0.00323039 
30700 0.0132861 0.00321987 
30800 0.0134361 0.00320941 
30900 0.0135585 0.00319903 
31000 0.0133574 0.00318871 
31100 0.0135987 0.00317845 
31200 0.0136227 0.00316827 
31300 0.0136487 0.00315815 
31400 0.0135553 0.00314809 
31500 0.0137187 0.00313809 
31600 0.0135144 0.00312816 
31700 0.0135633 0.0031183 
31800 0.0134905 0.00310849 
31900 0.0132898 0.00309875 
32000 0.0134061 0.00308906 
32100 0.0133356 0.00307944 
32200 0.0133853 0.00306988 
32300 0.0136228 0.00306037 
32400 0.0135604 0.00305093 
32500 0.0135746 0.00304154 
32600 0.0135985 0.00303221 
32700 0.0134477 0.00302294 
32800 0.013503 0.00301372 
32900 0.0135049 0.00300456 
33000 0.013475 0.00299546 
33100 0.0134212 0.00298641 
33200 0.0135399 0.00297741 
33300 0.0136375 0.00296847 
33400 0.0133465 0.00295959 
33500 0.0133779 0.00295075 
33600 0.0132286 0.00294197 
33700 0.0132931 0.00293324 
33800 0.0131105 0.00292456 
33900 0.0130815 0.00291593 
34000 0.0129575 0.00290736 
34100 0.0129434 0.00289883 
34200 0.012698 0.00289036 
34300 0.0125903 0.00288193 
34400 0.0125764 0.00287355 
34500 0.0125483 0.00286522 
34600 0.0124274 0.00285694 
34700 0.0125193 0.00284871 
34800 0.0125045 0.00284052 
34900 0.012461 0.00283239 
35000 0.0124075 0.00282429 
35100 0.0123794 0.00281625 
35200 0.0122226 0.00280825 
35300 0.0122506 0.00280029 
35400 0.0121882 0.00279238 
35500 0.0121524 0.00278452 
35600 0.012114 0.00277669 
35700 0.0118663 0.00276892 
35800 0.0117715 0.00276118 
35900 0.0118453 0.00275349 
36000 0.0118267 0.00274584 
36100 0.0117033 0.00273824 
36200 0.0116809 0.00273067 
36300 0.0116226 0.00272315 
36400 0.0116203 0.00271567 
36500 0.0118261 0.00270823 
36600 0.0116514 0.00270083 
36700 0.0116614 0.00269347 
36800 0.0116431 0.00268615 
36900 0.0116016 0.00267887 
37000 0.0116598 0.00267163 
37100 0.0115798 0.00266443 
37200 0.0113968 0.00265727 
37300 0.0112141 0.00265015 
37400 0.0113751 0.00264306 
37500 0.0112712 0.00263601 
37600 0.0111522 0.002629 
37700 0.0111511 0.00262203 
37800 0.011377 0.00261509 
37900 0.011316 0.00260819 
38000 0.011377 0.00260133 
38100 0.0114768 0.0025945 
38200 0.0114136 0.00258771 
38300 0.0113776 0.00258095 
38400 0.011453 0.00257423 
38500 0.0113985 0.00256755 
38600 0.011271 0.0025609 
38700 0.0113094 0.00255428 
38800 0.0112911 0.00254769 
38900 0.0113606 0.00254115 
39000 0.0115442 0.00253463 
39100 0.0115726 0.00252815 
39200 0.0115614 0.0025217 
39300 0.0113874 0.00251528 
39400 0.0112721 0.0025089 
39500 0.0112532 0.00250255 
39600 0.0113804 0.00249623 
39700 0.0114503 0.00248455 
39800 0.0113364 0.0024509 
39900 0.0113387 0.00245382 
40000 0.0112868 0.00246268 
40100 0.0112311 0.00246692 
40200 0.01123 0.00246889 
40300 0.0111155 0.00246641 
40400 0.011137 0.0024603 
40500 0.0112626 0.00245423 
40600 0.0111358 0.00244818 
40700 0.0111151 0.00244573 
40800 0.0112442 0.00243981 
40900 0.011106 0.00240779 
41000 0.0111925 0.00240589 
41100 0.0113168 0.00243004 
41200 0.0110463 0.00242414 
41300 0.0110996 0.00241827 
41400 0.0108796 0.00241243 
41500 0.0108405 0.00240662 
41600 0.0107532 0.00240083 
41700 0.0105899 0.00239508 
41800 0.010489 0.00238935 
41900 0.0107065 0.00238364 
42000 0.0107068 0.00237797 
42100 0.0109787 0.00237232 
42200 0.0109806 0.0023667 
42300 0.0109827 0.0023611 
42400 0.011 0.00235554 
42500 0.0110425 0.00234999 
42600 0.0109539 0.00234448 
42700 0.0108353 0.00233899 
42800 0.0106856 0.00233352 
42900 0.0108075 0.00232808 
43000 0.0106618 0.00232267 
43100 0.0106259 0.00231728 
43200 0.0105181 0.00231192 
43300 0.0104746 0.00230658 
43400 0.0105252 0.00230126 
43500 0.0105599 0.00229597 
43600 0.0105373 0.00229071 
43700 0.0105277 0.0022924 
43800 0.0104031 0.00228717 
43900 0.010418 0.00228196 
44000 0.0105229 0.00227677 
44100 0.0103962 0.00227161 
44200 0.0104668 0.00226647 
44300 0.0103592 0.00226135 
44400 0.0102573 0.00225626 
44500 0.0102231 0.00225119 
44600 0.0102426 0.00224614 
44700 0.0102242 0.00224112 
44800 0.0101375 0.00223611 
44900 0.0101699 0.00223113 
45000 0.0101016 0.00222618 
45100 0.0100864 0.00222124 
45200 0.00994595 0.00221633 
45300 0.0100068 0.00221143 
45400 0.00983912 0.00220656 
45500 0.0098205 0.00220171 
45600 0.00991716 0.00219689 
45700 0.00979402 0.00219208 
45800 0.00966434 0.00218729 
45900 0.00959681 0.00218253 
46000 0.00957209 0.00217778 
46100 0.00976491 0.00217306 
46200 0.00973754 0.00216836 
46300 0.00980806 0.00216367 
46400 0.00985509 0.00215901 
46500 0.00978507 0.00215437 
46600 0.00972118 0.00214974 
46700 0.0098351 0.00214514 
46800 0.0097633 0.00214056 
46900 0.00981046 0.00213599 
47000 0.00984424 0.00213145 
47100 0.00971773 0.00212692 
47200 0.00985097 0.00212242 
47300 0.00976402 0.00211793 
47400 0.00990992 0.00211346 
47500 0.0099019 0.00210901 
47600 0.00985408 0.00210458 
47700 0.00988438 0.00210017 
47800 0.00989318 0.00209578 
47900 0.00995835 0.0020914 
48000 0.00994495 0.00208704 
48100 0.0100172 0.0020827 
48200 0.0099595 0.00207838 
48300 0.0100064 0.00207408 
48400 0.00995373 0.0020698 
48500 0.0099674 0.00206553 
48600 0.00997757 0.00206128 
48700 0.00999706 0.00205705 
48800 0.0100091 0.00205283 
48900 0.00995613 0.00204863 
49000 0.00983559 0.00204445 
49100 0.00987639 0.00204029 
49200 0.0098797 0.00203614 
49300 0.00985974 0.00203201 
49400 0.00978255 0.0020279 
49500 0.00987532 0.0020238 
49600 0.00981537 0.00201972 
49700 0.00968788 0.00201566 
49800 0.00973368 0.00201161 
49900 0.00965977 0.00200098 
50000 0.00961329 0.00197627 
50100 0.00955061 0.0019554 
50200 0.00967967 0.00200531 
50300 0.00973257 0.00202057 
50400 0.00986191 0.00202693 
50500 0.00991993 0.00202097 
50600 0.0101126 0.002016 
50700 0.0101903 0.00201304 
50800 0.0102624 0.0019782 
50900 0.010309 0.00197519 
51000 0.0103843 0.00200386 
51100 0.0104197 0.00201202 
51200 0.0104487 0.00200604 
51300 0.0104976 0.00196535 
51400 0.0104673 0.00197061 
51500 0.0104111 0.00201106 
51600 0.0104625 0.00202879 
51700 0.0104784 0.00203323 
51800 0.0105117 0.00202931 
51900 0.0104688 0.0020254 
52000 0.010489 0.0020215 
52100 0.0104446 0.00201762 
52200 0.0103023 0.00201376 
52300 0.0104142 0.00200991 
52400 0.0104177 0.00200607 
52500 0.0104422 0.00200225 
52600 0.0104525 0.00199844 
52700 0.0104915 0.00199465 
52800 0.0105225 0.00199087 
52900 0.0105255 0.00198711 
53000 0.0105492 0.00198336 
53100 0.0105002 0.00197963 
53200 0.0105904 0.00197591 
53300 0.0105238 0.0019722 
53400 0.0105549 0.00196851 
53500 0.010558 0.00196483 
53600 0.0105336 0.00196116 
53700 0.0105067 0.00195751 
53800 0.0105211 0.00195387 
53900 0.010566 0.00195025 
54000 0.0105592 0.00194663 
54100 0.0105079 0.00194304 
54200 0.0103548 0.00193945 
54300 0.0103025 0.00193588 
54400 0.0103643 0.00193232 
54500 0.0104143 0.00192878 
54600 0.0104003 0.00192524 
54700 0.0104718 0.00192172 
54800 0.01047 0.00191822 
54900 0.0104925 0.00191472 
55000 0.0104732 0.00191124 
55100 0.0103221 0.00190777 
55200 0.0103216 0.00190432 
55300 0.0102756 0.00190087 
55400 0.0101493 0.00189744 
55500 0.0102019 0.00189402 
55600 0.0102208 0.00189062 
55700 0.0101675 0.00188722 
55800 0.0100652 0.00188384 
55900 0.00994704 0.00188047 
56000 0.00989691 0.00187711 
56100 0.00981953 0.00187377 
56200 0.00973743 0.00187043 
56300 0.00962908 0.00186711 
56400 0.00964553 0.0018638 
56500 0.00971926 0.0018605 
56600 0.00969861 0.00185721 
56700 0.00974392 0.00185394 
56800 0.00965843 0.00185067 
56900 0.00958331 0.00184742 
57000 0.00951821 0.00184418 
57100 0.00938082 0.00184095 
57200 0.00943036 0.00183773 
57300 0.00938342 0.00183453 
57400 0.00948115 0.00183133 
57500 0.00961275 0.00182815 
57600 0.00974135 0.00182497 
57700 0.00984628 0.00182181 
57800 0.00980424 0.00181866 
57900 0.00979781 0.00181552 
58000 0.00989108 0.00181239 
58100 0.00998051 0.00180927 
58200 0.00999699 0.00180616 
58300 0.0100077 0.00180306 
58400 0.0101106 0.00179997 
58500 0.010195 0.0017969 
58600 0.0100662 0.00179383 
58700 0.010168 0.00179077 
58800 0.0102733 0.00178773 
58900 0.010257 0.00178469 
59000 0.0102024 0.00178167 
59100 0.0101114 0.00177865 
59200 0.0100635 0.00177565 
59300 0.0101141 0.00177265 
59400 0.0100943 0.00176967 
59500 0.0101462 0.0017667 
59600 0.0100556 0.00176373 
59700 0.0100677 0.00176078 
59800 0.010061 0.00175783 
59900 0.010071 0.00174328 
60000 0.0100034 0.0017716 
60100 0.0100526 0.00177142 
60200 0.010003 0.00176847 
60300 0.00993645 0.00176554 
60400 0.00990994 0.00176262 
60500 0.00968663 0.0017597 
60600 0.0094294 0.0017568 
60700 0.00914753 0.00175391 
60800 0.00912806 0.00175102 
60900 0.00917587 0.00174815 
61000 0.00928664 0.00174528 
61100 0.00938417 0.00174242 
61200 0.00938387 0.00173958 
61300 0.00938584 0.00173674 
61400 0.00940013 0.00173391 
61500 0.00938161 0.00173109 
61600 0.00950938 0.00172828 
61700 0.00948371 0.00172548 
61800 0.00948287 0.00170619 
61900 0.00948866 0.00168957 
62000 0.00953235 0.00172562 
62100 0.00961667 0.0017254 
62200 0.00965947 0.00172262 
62300 0.00964785 0.00171986 
62400 0.00963651 0.0017171 
62500 0.00951318 0.00171435 
62600 0.00945675 0.00171162 
62700 0.0093379 0.00170889 
62800 0.00929491 0.00170617 
62900 0.00910198 0.00170345 
63000 0.00903538 0.00170075 
63100 0.00907789 0.00169805 
63200 0.00902346 0.00169537 
63300 0.00906545 0.00169269 
63400 0.00910496 0.00169002 
63500 0.00909755 0.00168736 
63600 0.00907936 0.0016847 
63700 0.00919871 0.00168206 
63800 0.00928599 0.00167942 
63900 0.00921771 0.0016768 
64000 0.00919712 0.00167418 
64100 0.00926096 0.00167156 
64200 0.00919711 0.00166896 
64300 0.00926671 0.00166636 
64400 0.00918713 0.00166378 
64500 0.00925405 0.0016612 
64600 0.00931732 0.00165863 
64700 0.00926 0.00165606 
64800 0.0091777 0.00165351 
64900 0.0091948 0.00165096 
65000 0.00918052 0.00164842 
65100 0.00924125 0.00164589 
65200 0.00933495 0.00164336 
65300 0.00928194 0.00164085 
65400 0.00922333 0.00163834 
65500 0.00920241 0.00163584 
65600 0.00912071 0.00163334 
65700 0.00910146 0.00163086 
65800 0.00909038 0.00162838 
65900 0.00902339 0.00162591 
66000 0.00916473 0.00162344 
66100 0.00920947 0.00162099 
66200 0.00922839 0.00161854 
66300 0.00924672 0.0016161 
66400 0.00926 0.00161366 
66500 0.00918579 0.00161124 
66600 0.00921411 0.00160882 
66700 0.00922723 0.00160641 
66800 0.00930123 0.001604 
66900 0.0093416 0.0016016 
67000 0.00946741 0.00159921 
67100 0.00947214 0.00159683 
67200 0.00945583 0.00159445 
67300 0.00937701 0.00159208 
67400 0.00931955 0.00158972 
67500 0.00928531 0.00158737 
67600 0.00933672 0.00158502 
67700 0.00929383 0.00158268 
67800 0.0092932 0.00158034 
67900 0.00932381 0.00157802 
68000 0.00930262 0.0015757 
68100 0.00933921 0.00157338 
68200 0.00936943 0.00157107 
68300 0.00937252 0.00156877 
68400 0.00937372 0.00156648 
68500 0.00935786 0.00156419 
68600 0.00928026 0.00156191 
68700 0.00914313 0.00155964 
68800 0.00912938 0.00155737 
68900 0.00912837 0.00155511 
69000 0.00914004 0.00155286 
69100 0.00911432 0.00155061 
69200 0.00912828 0.00154837 
69300 0.00909033 0.00154614 
69400 0.00909309 0.00154391 
69500 0.00913469 0.00154169 
69600 0.00920089 0.00153947 
69700 0.00918481 0.00153726 
69800 0.00926937 0.00153506 
69900 0.00921128 0.00153287 
70000 0.00924615 0.00153068 
70100 0.0092272 0.00152849 
70200 0.00919822 0.00152632 
70300 0.0091314 0.00152414 
70400 0.00916793 0.00152198 
70500 0.00924653 0.00151982 
70600 0.0092867 0.00151767 
70700 0.00931379 0.00151552 
70800 0.00928795 0.00151338 
70900 0.00926939 0.00151125 
71000 0.00920504 0.00150912 
71100 0.0092251 0.00150411 
71200 0.00918436 0.00151431 
71300 0.00911733 0.00151254 
71400 0.00905183 0.00151043 
71500 0.00898291 0.00150831 
71600 0.00896605 0.00150621 
71700 0.00902628 0.00150411 
71800 0.00909655 0.00150201 
71900 0.00910081 0.00149992 
72000 0.009144 0.00149784 
72100 0.00911672 0.00149576 
72200 0.00907974 0.00149369 
72300 0.00901214 0.00149162 
72400 0.00904048 0.00148956 
72500 0.00897823 0.00148751 
72600 0.00891686 0.00148546 
72700 0.00900385 0.00148342 
72800 0.00889241 0.00148138 
72900 0.00875004 0.00147935 
73000 0.00859707 0.00147732 
73100 0.00848761 0.0014753 
73200 0.00834038 0.00146091 
73300 0.00838415 0.00148035 
73400 0.00830365 0.00147834 
73500 0.00824412 0.00147633 
73600 0.00825948 0.00147432 
73700 0.00823159 0.00147232 
73800 0.00818616 0.00147032 
73900 0.00817262 0.00146834 
74000 0.00813884 0.00146635 
74100 0.00816334 0.00146437 
74200 0.00806425 0.0014624 
74300 0.00803689 0.00146043 
74400 0.00804838 0.00145847 
74500 0.00814651 0.00145651 
74600 0.00816558 0.00145456 
74700 0.00816842 0.00145261 
74800 0.00828854 0.00145075 
74900 0.00813437 0.00144917 
75000 0.00819162 0.00144496 
75100 0.00828835 0.0014448 
75200 0.00826649 0.00144072 
75300 0.00834844 0.00142774 
75400 0.00842297 0.00140733 
75500 0.00835295 0.00140473 
75600 0.00826729 0.00138918 
75700 0.00829257 0.00138598 
75800 0.00830949 0.00138825 
75900 0.0083417 0.00138923 
76000 0.00831705 0.00139916 
76100 0.00832469 0.00140549 
76200 0.00836441 0.00138938 
76300 0.00842295 0.00138932 
76400 0.0084959 0.00137818 
76500 0.0085272 0.00137222 
76600 0.00856093 0.00138148 
76700 0.00860788 0.00139669 
76800 0.00866153 0.00141532 
76900 0.00862583 0.00141613 
77000 0.00859481 0.00141123 
77100 0.0085478 0.00143734 
77200 0.00851053 0.00143547 
77300 0.00851489 0.00143362 
77400 0.00849625 0.00143177 
77500 0.0084595 0.00142992 
77600 0.00849796 0.00142808 
77700 0.00842081 0.00142624 
77800 0.00839854 0.0014244 
77900 0.00829897 0.00142258 
78000 0.00834079 0.00142075 
78100 0.00830202 0.00141893 
78200 0.00841989 0.00141712 
78300 0.00835332 0.00141531 
78400 0.00843315 0.0014135 
78500 0.00841249 0.0014117 
78600 0.0083829 0.00140991 
78700 0.00832248 0.00140812 
78800 0.00832731 0.00140633 
78900 0.00826336 0.00140455 
79000 0.00831994 0.00140277 
79100 0.00837195 0.00140099 
79200 0.00842636 0.00139923 
79300 0.00846468 0.00139746 
79400 0.00848067 0.0013957 
79500 0.00848543 0.00139395 
79600 0.00848862 0.00139219 
79700 0.00847367 0.00139045 
79800 0.00854366 0.00138871 
79900 0.00862749 0.00138697 
80000 0.00861151 0.00138523 
80100 0.00866396 0.0013835 
80200 0.00867244 0.00138178 
80300 0.00872041 0.00138006 
80400 0.00871962 0.00137834 
80500 0.00875426 0.00137663 
80600 0.00876735 0.00137492 
80700 0.00875591 0.00134614 
80800 0.00875029 0.00137431 
80900 0.00871937 0.00138254 
81000 0.00876056 0.00138083 
81100 0.0087572 0.00137913 
81200 0.00867901 0.00137743 
81300 0.00868277 0.00137574 
81400 0.00866002 0.00137405 
81500 0.00865878 0.00137236 
81600 0.00868239 0.00137068 
81700 0.00867008 0.001369 
81800 0.00872219 0.00136733 
81900 0.00873375 0.00136566 
82000 0.00869893 0.00136399 
82100 0.00866719 0.00136233 
82200 0.008636 0.00136067 
82300 0.00861262 0.00135902 
82400 0.00861643 0.00135737 
82500 0.00862758 0.00135572 
82600 0.00857595 0.00135408 
82700 0.00857462 0.00135245 
82800 0.00849054 0.00135081 
82900 0.00847322 0.00134918 
83000 0.00845028 0.00134756 
83100 0.00847486 0.00134594 
83200 0.00841712 0.00134432 
83300 0.00844138 0.0013427 
83400 0.0084037 0.00134109 
83500 0.0083925 0.00133949 
83600 0.00840591 0.00133789 
83700 0.00850386 0.00133629 
83800 0.00851238 0.00133469 
83900 0.00850559 0.0013331 
84000 0.00842147 0.00133152 
84100 0.00837685 0.00132993 
84200 0.00832703 0.00132835 
84300 0.00835061 0.00132678 
84400 0.00837214 0.00132521 
84500 0.00834562 0.00132364 
84600 0.00831298 0.00132207 
84700 0.0083452 0.00132051 
84800 0.00827417 0.00131895 
84900 0.00827756 0.0013174 
85000 0.00825659 0.00131585 
85100 0.00824022 0.0013143 
85200 0.00822928 0.00131276 
85300 0.00817033 0.00131122 
85400 0.00818021 0.00130969 
85500 0.00815503 0.00130816 
85600 0.00815494 0.00130663 
85700 0.00807283 0.0013051 
85800 0.00804882 0.00130358 
85900 0.00811574 0.00130206 
86000 0.00813724 0.00130055 
86100 0.00813558 0.00129904 
86200 0.0081007 0.00129753 
86300 0.00815744 0.00129603 
86400 0.00813989 0.00129453 
86500 0.00807551 0.00129303 
86600 0.00806065 0.00129154 
86700 0.00805353 0.00129005 
86800 0.00808293 0.00128856 
86900 0.00812492 0.00128708 
87000 0.00809283 0.0012856 
87100 0.00809793 0.00128413 
87200 0.00808484 0.00128265 
87300 0.00807005 0.00128118 
87400 0.00807739 0.00127972 
87500 0.00807533 0.00127826 
87600 0.00810375 0.0012768 
87700 0.00809007 0.00127534 
87800 0.00813388 0.00127389 
87900 0.00811262 0.00127244 
88000 0.00814099 0.00127099 
88100 0.00815718 0.00126955 
88200 0.00815845 0.00126811 
88300 0.00813261 0.00126667 
88400 0.00812923 0.00126524 
88500 0.00815604 0.00126381 
88600 0.00813267 0.00126239 
88700 0.00809718 0.00126096 
88800 0.00809811 0.00125954 
88900 0.0081088 0.00125813 
89000 0.00803395 0.00125671 
89100 0.00799413 0.0012553 
89200 0.00797131 0.00125389 
89300 0.00795376 0.00125249 
89400 0.00788892 0.00125109 
89500 0.00790343 0.00124969 
89600 0.00782761 0.0012483 
89700 0.00786133 0.00124691 
89800 0.00790375 0.00124552 
89900 0.00786903 0.00124413 
90000 0.00789625 0.00124275 
90100 0.00789795 0.00124137 
90200 0.00783632 0.00123999 
90300 0.00780591 0.00123862 
90400 0.00782642 0.00123725 
90500 0.00782572 0.00123588 
90600 0.007849 0.00123452 
90700 0.00784789 0.00123316 
90800 0.0078401 0.0012318 
90900 0.00782074 0.0012246 
91000 0.00781063 0.00121833 
91100 0.00778413 0.00123576 
91200 0.00777941 0.00124226 
91300 0.00774496 0.0012409 
91400 0.00766617 0.00124053 
91500 0.00761168 0.00124171 
91600 0.0075165 0.00124035 
91700 0.00741171 0.001239 
91800 0.00736186 0.00123765 
91900 0.00735171 0.0012363 
92000 0.00729213 0.00123496 
92100 0.00728094 0.00123362 
92200 0.00736271 0.00123084 
92300 0.00732239 0.00122338 
92400 0.00724679 0.00124206 
92500 0.00727907 0.00124542 
92600 0.00726926 0.00124407 
92700 0.00736863 0.00124273 
92800 0.00723042 0.00124139 
92900 0.00720201 0.00124006 
93000 0.00722985 0.00123872 
93100 0.00721901 0.00123739 
93200 0.00710233 0.00123606 
93300 0.00710935 0.00123474 
93400 0.00706304 0.00123342 
93500 0.00707544 0.0012321 
93600 0.00696266 0.00123078 
93700 0.00698315 0.00122947 
93800 0.00698493 0.00122816 
93900 0.00699125 0.00122685 
94000 0.00705523 0.00122554 
94100 0.00703788 0.00122424 
94200 0.00700363 0.00122294 
94300 0.00699887 0.00122165 
94400 0.00691718 0.00122035 
94500 0.0069809 0.00121906 
94600 0.00694053 0.00121777 
94700 0.00689808 0.00121649 
94800 0.00697427 0.0012152 
94900 0.00693261 0.00121392 
95000 0.00700549 0.00121264 
95100 0.00696512 0.00121137 
95200 0.00692384 0.0012101 
95300 0.0068135 0.00120883 
95400 0.00672101 0.00120756 
95500 0.00673617 0.0012063 
95600 0.00678069 0.00120503 
95700 0.00684019 0.00120377 
95800 0.00685613 0.00120252 
95900 0.00690019 0.00120126 
96000 0.00694578 0.00120001 
96100 0.00701114 0.00119876 
96200 0.00699451 0.00119752 
96300 0.00694032 0.00119627 
96400 0.00701665 0.00119503 
96500 0.00696004 0.0011938 
96600 0.00698322 0.00119256 
96700 0.00694091 0.00119133 
96800 0.00693713 0.0011901 
96900 0.00694243 0.00118887 
97000 0.00693959 0.00118764 
97100 0.00696476 0.00118642 
97200 0.00697512 0.0011852 
97300 0.00694831 0.00118398 
97400 0.00706055 0.00118276 
97500 0.00699121 0.00118155 
97600 0.00708795 0.00118034 
97700 0.00715839 0.00117913 
97800 0.00716711 0.00117793 
97900 0.00716588 0.00117672 
98000 0.00714239 0.00117552 
98100 0.00708852 0.00117432 
98200 0.00707395 0.00117313 
98300 0.00706642 0.00117194 
98400 0.00705506 0.00117074 
98500 0.00708226 0.00116956 
98600 0.00713349 0.00116837 
98700 0.00711757 0.00116719 
98800 0.00714564 0.001166 
98900 0.00707445 0.00116483 
99000 0.00702102 0.00116365 
99100 0.00699399 0.00116248 
99200 0.00701381 0.0011613 
99300 0.00701332 0.00116013 
99400 0.00702502 0.00115897 
99500 0.00706676 0.0011578 
99600 0.0070463 0.00115664 
99700 0.00708975 0.00115548 
99800 0.00703166 0.00115432 
99900 0.00701367 0.00115317 
100000 0.00698509 0.00115201 
110000 0.00669659 0.00104729 
120000 0.00650708 0.000960012 
130000 0.0063235 0.000886166 
140000 0.00590896 0.000822869 
150000 0.00586257 0.000768011 
160000 0.00578427 0.000720011 
170000 0.00553447 0.000677657 
180000 0.00487163 0.00064001 
190000 0.00477573 0.000606325 
200000 0.00515005 0.000594562 
210000 0.00491333 0.000566249 
220000 0.00477532 0.000540511 
230000 0.00446244 0.000517011 
240000 0.00440203 0.000495468 
250000 0.00423968 0.00047565 
260000 0.00426875 0.000457356 
270000 0.00420174 0.000440417 
280000 0.00404268 0.000424688 
290000 0.00399877 0.000410043 
300000 0.00387271 0.000396375 
310000 0.00370461 0.000383589 
320000 0.00364062 0.000371602 
330000 0.00350029 0.000360341 
340000 0.00341779 0.000349743 
350000 0.0032487 0.00033975 
360000 0.00315776 0.000330313 
370000 0.00310442 0.000321385 
380000 0.00301822 0.000312928 
390000 0.00294222 0.000304904 
400000 0.0029257 0.000297282 
410000 0.00293464 0.000290031 
420000 0.00284783 0.000283125 
430000 0.0030675 0.000303289 
440000 0.00297172 0.000296396 
450000 0.00293884 0.000287289 
460000 0.00292487 0.000286851 
470000 0.00289014 0.000280748 
480000 0.0029511 0.000274899 
490000 0.00286508 0.000269289 
500000 0.00280767 0.000263903 
510000 0.0027766 0.000258729 
520000 0.00263343 0.000253753 
530000 0.00255402 0.000248965 
540000 0.00249754 0.000244355 
550000 0.00256453 0.000239912 
560000 0.00249183 0.000235628 
570000 0.00259447 0.000231494 
580000 0.0026028 0.000227503 
590000 0.00261272 0.000223647 
600000 0.00260172 0.00021992 
610000 0.00258091 0.000216314 
620000 0.00259027 0.000212825 
630000 0.0026602 0.000211805 
640000 0.00262833 0.000210818 
650000 0.00263539 0.000207575 
660000 0.00258801 0.000204429 
670000 0.00251168 0.000201378 
680000 0.00248095 0.000198417 
690000 0.00249041 0.000195541 
700000 0.00250496 0.000192748 
710000 0.00248972 0.000190033 
720000 0.00244397 0.000187394 
730000 0.00236527 0.000184827 
740000 0.00237152 0.000182329 
750000 0.00234391 0.000179898 
760000 0.00232216 0.000177531 
770000 0.00230981 0.000175225 
780000 0.00227389 0.000172979 
790000 0.00226024 0.000170789 
800000 0.00220628 0.000168654 
810000 0.00221185 0.000166572 
820000 0.00218311 0.000164541 
830000 0.00217904 0.000162558 
840000 0.00216261 0.000160623 
850000 0.00211578 0.000158734 
860000 0.00214999 0.000156888 
870000 0.00214488 0.000155084 
880000 0.00213702 0.000153322 
890000 0.00209736 0.000151599 
900000 0.00205571 0.000149915 
910000 0.00205893 0.000148268 
920000 0.00205166 0.000146656 
930000 0.0019945 0.000145079 
940000 0.00201927 0.000143536 
950000 0.00205911 0.000142025 
960000 0.00201319 0.000142593 
970000 0.00206972 0.000142881 
980000 0.00205928 0.000141423 
990000 0.00204342 0.000139994 
1000000 0.00203925 0.000138594 
1010000 0.00198711 0.000137222 
1020000 0.00187412 0.000137605 
1030000 0.00183018 0.00013787 
1040000 0.00180708 0.000136544 
1050000 0.0017477 0.000135244 
1060000 0.00177874 0.000133968 
1070000 0.00175095 0.000132716 
1080000 0.00170044 0.000131487 
1090000 0.00173425 0.000130281 
1100000 0.00174863 0.000129096 
1110000 0.00177004 0.000127933 
1120000 0.00179308 0.000126791 
1130000 0.00180554 0.000125669 
1140000 0.00181305 0.000124567 
1150000 0.00180504 0.000123483 
1160000 0.00179615 0.000122419 
1170000 0.00181229 0.000121373 
1180000 0.00178101 0.000120344 
1190000 0.00176841 0.000119333 
1200000 0.00173784 0.000118338 
1210000 0.00173855 0.00011736 
1220000 0.00171487 0.000116398 
1230000 0.00171994 0.000115452 
1240000 0.00167585 0.000114521 
1250000 0.00168006 0.000113605 
1260000 0.00164241 0.000112703 
1270000 0.00164145 0.000111816 
1280000 0.00165984 0.000110942 
1290000 0.0016355 0.000110082 
1300000 0.00161428 0.000109235 
1310000 0.00156826 0.000108402 
1320000 0.00153822 0.00010758 
1330000 0.00157365 0.000106771 
1340000 0.00160587 0.000105975 
1350000 0.00159293 0.00010519 
1360000 0.0015746 0.000104416 
1370000 0.00156699 0.000103654 
1380000 0.0015582 0.000102903 
1390000 0.00156665 0.000102163 
1400000 0.00159197 0.000101433 
1410000 0.00156862 0.000100713 
1420000 0.00155693 0.000100004 
1430000 0.0015588 9.93049e-05 
1440000 0.00157472 9.86153e-05 
1450000 0.00152804 9.79352e-05 
1460000 0.00149677 9.72644e-05 
1470000 0.00151744 9.66027e-05 
1480000 0.00149631 9.595e-05 
1490000 0.00150217 9.53061e-05 
1500000 0.00150931 9.46707e-05 
1510000 0.00148189 9.40437e-05 
1520000 0.00148405 9.3425e-05 
1530000 0.00150641 9.28144e-05 
1540000 0.00147611 9.22117e-05 
1550000 0.00144409 9.16168e-05 
1560000 0.00144188 9.10295e-05 
1570000 0.00141267 9.04497e-05 
1580000 0.00139039 8.98772e-05 
1590000 0.0013828 8.9312e-05 
1600000 0.00137688 8.87538e-05 
1610000 0.00139853 8.82025e-05 
1620000 0.00137074 8.7658e-05 
1630000 0.00140021 8.71203e-05 
1640000 0.00138142 8.6589e-05 
1650000 0.00138898 8.60643e-05 
1660000 0.00136565 8.55458e-05 
1670000 0.00132286 8.58055e-05 
1680000 0.00145108 8.6031e-05 
1690000 0.00144372 8.5522e-05 
1700000 0.00142593 8.50189e-05 
1710000 0.00142645 8.45217e-05 
1720000 0.00141139 8.40303e-05 
1730000 0.00141453 8.35446e-05 
1740000 0.00140668 8.30644e-05 
1750000 0.0014153 8.25898e-05 
1760000 0.00142562 8.21205e-05 
1770000 0.00143113 8.16566e-05 
1780000 0.00141783 8.11978e-05 
1790000 0.00140145 8.07442e-05 
1800000 0.00137594 8.02956e-05 
1810000 0.00138905 7.9852e-05 
1820000 0.00137135 7.94133e-05 
1830000 0.00135888 7.89793e-05 
1840000 0.00135827 7.85501e-05 
1850000 0.00129815 7.81255e-05 
1860000 0.00127857 7.77054e-05 
1870000 0.00128588 7.72899e-05 
1880000 0.00129594 7.68788e-05 
1890000 0.00128202 7.6472e-05 
1900000 0.00130466 7.60695e-05 
1910000 0.0012964 7.56713e-05 
1920000 0.00126787 7.52771e-05 
1930000 0.00124024 7.48871e-05 
1940000 0.00123251 7.45011e-05 
1950000 0.00124394 7.4119e-05 
1960000 0.00123643 7.37409e-05 
1970000 0.00121715 7.33666e-05 
1980000 0.00123015 7.2996e-05 
1990000 0.0012042 7.26292e-05 
2000000 0.00122013 7.22661e-05 
2010000 0.00124 7.19065e-05 
2020000 0.00125714 7.15506e-05 
2030000 0.00124521 7.11981e-05 
2040000 0.00124277 7.08491e-05 
2050000 0.00124525 7.05035e-05 
2060000 0.00124735 7.01612e-05 
2070000 0.001248 6.98223e-05 
2080000 0.00126103 6.94866e-05 
2090000 0.00124388 6.91541e-05 
2100000 0.00124316 6.88248e-05 
2110000 0.00123698 6.84986e-05 
2120000 0.00124492 6.81755e-05 
2130000 0.00122577 6.78555e-05 
2140000 0.00120709 6.75384e-05 
2150000 0.00121914 6.72242e-05 
2160000 0.0012319 6.6913e-05 
2170000 0.00121833 6.66047e-05 
2180000 0.00122796 6.62991e-05 
2190000 0.00125069 6.59964e-05 
2200000 0.00124543 6.56964e-05 
2210000 0.00122035 6.53992e-05 
2220000 0.00119708 6.51046e-05 
2230000 0.00117676 6.48126e-05 
2240000 0.00116051 6.45233e-05 
2250000 0.00115319 6.42365e-05 
2260000 0.00115085 6.39523e-05 
2270000 0.00114133 6.36705e-05 
2280000 0.00112826 6.33913e-05 
2290000 0.00112794 6.31145e-05 
2300000 0.0011392 6.28401e-05 
2310000 0.00113533 6.2568e-05 
2320000 0.00113547 6.22983e-05 
2330000 0.00114783 6.2031e-05 
2340000 0.00113159 6.17659e-05 
2350000 0.00117257 6.1503e-05 
2360000 0.00119891 6.12424e-05 
2370000 0.00119802 6.0984e-05 
2380000 0.00119208 6.07278e-05 
2390000 0.00120584 6.04737e-05 
2400000 0.00120052 6.02217e-05 
2410000 0.00119608 5.99718e-05 
2420000 0.00118563 5.9724e-05 
2430000 0.00119893 5.94782e-05 
2440000 0.00120233 5.92345e-05 
2450000 0.00118172 5.89927e-05 
2460000 0.00118698 5.87529e-05 
2470000 0.00118568 5.8515e-05 
2480000 0.00118541 5.82791e-05 
2490000 0.00118588 5.8045e-05 
2500000 0.00119407 5.78129e-05 
2510000 0.00120256 5.75825e-05 
2520000 0.00117124 5.7354e-05 
2530000 0.00116333 5.71273e-05 
2540000 0.00114578 5.69024e-05 
2550000 0.00112681 5.66793e-05 
2560000 0.0011559 5.64579e-05 
2570000 0.00115283 5.62382e-05 
2580000 0.00115935 5.60202e-05 
2590000 0.00116114 5.58039e-05 
2600000 0.00116312 5.55893e-05 
2610000 0.00115665 5.53763e-05 
2620000 0.00115775 5.51649e-05 
2630000 0.00116072 5.49552e-05 
2640000 0.00113983 5.4747e-05 
2650000 0.0011357 5.45404e-05 
2660000 0.00114849 5.43354e-05 
2670000 0.00113359 5.41319e-05 
2680000 0.00112991 5.39299e-05 
2690000 0.00112883 5.37294e-05 
2700000 0.00113811 5.35304e-05 
2710000 0.00114367 5.33329e-05 
2720000 0.00113047 5.31368e-05 
2730000 0.00111599 5.29422e-05 
2740000 0.00110427 5.2749e-05 
2750000 0.00113283 5.25571e-05 
2760000 0.00114499 5.23667e-05 
2770000 0.00112544 5.21777e-05 
2780000 0.00112291 5.199e-05 
2790000 0.0011304 5.18036e-05 
2800000 0.00108373 5.16186e-05 
2810000 0.00109751 5.14349e-05 
2820000 0.00110315 5.12525e-05 
2830000 0.00109249 5.10714e-05 
2840000 0.00108568 5.08916e-05 
2850000 0.00108976 5.0713e-05 
2860000 0.00109126 5.05357e-05 
2870000 0.00107559 5.03596e-05 
2880000 0.00106859 5.01848e-05 
2890000 0.00107449 5.00111e-05 
2900000 0.00105217 4.98387e-05 
2910000 0.0010568 4.96674e-05 
2920000 0.00108394 4.94973e-05 
2930000 0.0011157 4.93284e-05 
2940000 0.00111809 4.91606e-05 
2950000 0.00112483 4.89939e-05 
2960000 0.00111923 4.88284e-05 
2970000 0.00113473 4.8664e-05 
2980000 0.00113774 4.85007e-05 
2990000 0.00112112 4.83385e-05 
3000000 0.00112013 4.81774e-05 
3010000 0.0011045 4.80173e-05 
3020000 0.00110098 4.78583e-05 
3030000 0.00109551 4.77004e-05 
3040000 0.00109652 4.75435e-05 
3050000 0.00109551 4.73876e-05 
3060000 0.00109565 4.72327e-05 
3070000 0.00110043 4.70789e-05 
3080000 0.00108301 4.6926e-05 
3090000 0.00108679 4.67742e-05 
3100000 0.00109147 4.66233e-05 
3110000 0.00109806 4.64734e-05 
3120000 0.00108885 4.63244e-05 
3130000 0.00108556 4.61764e-05 
3140000 0.0010782 4.60293e-05 
3150000 0.00107831 4.58832e-05 
3160000 0.00108318 4.5738e-05 
3170000 0.00108507 4.55937e-05 
3180000 0.00107093 4.54504e-05 
3190000 0.00106156 4.53079e-05 
3200000 0.00106353 4.51663e-05 
3210000 0.00104791 4.50256e-05 
3220000 0.00104885 4.48858e-05 
3230000 0.00103348 4.47468e-05 
3240000 0.0010488 4.46087e-05 
3250000 0.00104142 4.44714e-05 
3260000 0.00103855 4.4335e-05 
3270000 0.00104623 4.41994e-05 
3280000 0.00102534 4.40647e-05 
3290000 0.0010228 4.39307e-05 
3300000 0.001028 4.37976e-05 
3310000 0.00102943 4.36653e-05 
3320000 0.00102984 4.35338e-05 
3330000 0.0010354 4.34031e-05 
3340000 0.00102873 4.32731e-05 
3350000 0.00100278 4.31439e-05 
3360000 0.00102408 4.30155e-05 
3370000 0.00101106 4.28879e-05 
3380000 0.00100134 4.2761e-05 
3390000 0.00100518 4.26349e-05 
3400000 0.00101222 4.25095e-05 
3410000 0.00101088 4.23848e-05 
3420000 0.00100491 4.22609e-05 
3430000 0.00100376 4.21377e-05 
3440000 0.00100839 4.20152e-05 
3450000 0.00100155 4.18934e-05 
3460000 0.000997515 4.17723e-05 
3470000 0.000981506 4.16519e-05 
3480000 0.000976235 4.15322e-05 
3490000 0.000988683 4.14132e-05 
3500000 0.000978961 4.12949e-05 
3510000 0.000968929 4.11773e-05 
3520000 0.000967772 4.10603e-05 
3530000 0.000963519 4.0944e-05 
3540000 0.000966903 4.08283e-05 
3550000 0.000971863 4.07133e-05 
3560000 0.000970094 4.05989e-05 
3570000 0.000972895 4.04852e-05 
3580000 0.000972063 4.03721e-05 
3590000 0.00097348 4.02597e-05 
3600000 0.000971473 4.01478e-05 
3610000 0.000986326 4.00366e-05 
3620000 0.000984207 3.9926e-05 
3630000 0.000983029 3.9816e-05 
3640000 0.0009888 3.97066e-05 
3650000 0.000982448 3.95979e-05 
3660000 0.00097832 3.94897e-05 
3670000 0.000982136 3.93821e-05 
3680000 0.000987847 3.9275e-05 
3690000 0.0010011 3.91686e-05 
3700000 0.000986945 3.90627e-05 
3710000 0.000977016 3.89575e-05 
3720000 0.000974078 3.88527e-05 
3730000 0.000962391 3.87486e-05 
3740000 0.000964571 3.8645e-05 
3750000 0.000965779 3.85419e-05 
3760000 0.000972008 3.84394e-05 
3770000 0.000960502 3.83374e-05 
3780000 0.000943562 3.8236e-05 
3790000 0.000951268 3.81351e-05 
3800000 0.000941701 3.80348e-05 
3810000 0.000942102 3.7935e-05 
3820000 0.000937896 3.78356e-05 
3830000 0.000945377 3.77369e-05 
3840000 0.000937567 3.76386e-05 
3850000 0.000942586 3.75408e-05 
3860000 0.000947209 3.74436e-05 
3870000 0.000940301 3.73468e-05 
3880000 0.000937196 3.72506e-05 
3890000 0.000928208 3.71548e-05 
3900000 0.000942348 3.70595e-05 
3910000 0.000937702 3.69647e-05 
3920000 0.000934823 3.68705e-05 
3930000 0.000916271 3.67766e-05 
3940000 0.00093237 3.66833e-05 
3950000 0.000920858 3.65904e-05 
3960000 0.000901657 3.6498e-05 
3970000 0.000908435 3.64061e-05 
3980000 0.000909364 3.63146e-05 
3990000 0.000905765 3.62236e-05 
4000000 0.000904707 3.6133e-05 
4010000 0.000910948 3.60429e-05 
4020000 0.000903145 3.59533e-05 
4030000 0.000906256 3.58641e-05 
4040000 0.000914301 3.57753e-05 
4050000 0.000903621 3.5687e-05 
4060000 0.000906108 3.55991e-05 
4070000 0.000910103 3.55116e-05 
4080000 0.00090799 3.54246e-05 
4090000 0.000905363 3.53379e-05 
4100000 0.000911059 3.52517e-05 
4110000 0.000907098 3.5166e-05 
4120000 0.000911123 3.50806e-05 
4130000 0.000915776 3.49957e-05 
4140000 0.000913508 3.49112e-05 
4150000 0.00091465 3.4827e-05 
4160000 0.000915224 3.47433e-05 
4170000 0.000908761 3.466e-05 
4180000 0.00090255 3.45771e-05 
4190000 0.000901943 3.44946e-05 
4200000 0.000901258 3.44124e-05 
4210000 0.000903533 3.43307e-05 
4220000 0.000896206 3.42493e-05 
4230000 0.000888519 3.41684e-05 
4240000 0.000876234 3.40878e-05 
4250000 0.000869227 3.40076e-05 
4260000 0.000870408 3.39277e-05 
4270000 0.00087953 3.38483e-05 
4280000 0.000866164 3.37692e-05 
4290000 0.000870952 3.36905e-05 
4300000 0.000901092 3.41099e-05 
4310000 0.00094084 3.40308e-05 
4320000 0.00092472 3.3952e-05 
4330000 0.000893587 3.44857e-05 
4340000 0.000900687 3.44062e-05 
4350000 0.000900054 3.43271e-05 
4360000 0.00089249 3.42484e-05 
4370000 0.000899554 3.417e-05 
4380000 0.000897036 3.4092e-05 
4390000 0.000893901 3.40144e-05 
4400000 0.000890971 3.39371e-05 
4410000 0.000905068 3.38601e-05 
4420000 0.000905563 3.37835e-05 
4430000 0.000888726 3.37072e-05 
4440000 0.000888601 3.36313e-05 
4450000 0.000879735 3.35557e-05 
4460000 0.000877123 3.34805e-05 
4470000 0.000870412 3.34056e-05 
4480000 0.000868633 3.3331e-05 
4490000 0.000865172 3.32568e-05 
4500000 0.000862597 3.31829e-05 
4510000 0.000878212 3.31093e-05 
4520000 0.000885906 3.30361e-05 
