0 0 1.025 
1 3.83333e-10 1.15139 
2 2.55556e-10 0.800783 
3 0.157245 0.728132 
4 0.283604 0.784728 
5 0.37345 0.688172 
6 0.58214 0.651616 
7 0.590193 0.580788 
8 0.590138 0.571699 
9 0.719187 0.547413 
10 0.673491 0.498606 
11 0.617367 0.462038 
12 0.569877 0.426496 
13 0.529172 0.396032 
14 0.493893 0.36963 
15 0.463025 0.346528 
16 0.452715 0.342172 
17 0.443599 0.323163 
18 0.428098 0.306154 
19 0.426565 0.300502 
20 0.406253 0.288328 
21 0.403502 0.275222 
22 0.385958 0.268437 
23 0.367676 0.257252 
24 0.36057 0.260296 
25 0.347324 0.2535 
26 0.338701 0.247055 
27 0.326605 0.238232 
28 0.335312 0.231391 
29 0.312237 0.223677 
30 0.308359 0.216462 
31 0.298722 0.209734 
32 0.28967 0.204448 
33 0.281909 0.200812 
34 0.27333 0.195075 
35 0.270595 0.189656 
36 0.263282 0.18453 
37 0.260194 0.179674 
38 0.255799 0.175427 
39 0.267522 0.171042 
40 0.256323 0.16687 
41 0.25022 0.162897 
42 0.244401 0.162575 
43 0.243584 0.15888 
44 0.252256 0.155349 
45 0.241424 0.152187 
46 0.233055 0.148949 
47 0.232921 0.148302 
48 0.223973 0.145127 
49 0.212759 0.143268 
50 0.206482 0.140459 
51 0.207791 0.139064 
52 0.217793 0.136166 
53 0.206161 0.13411 
54 0.203395 0.131301 
55 0.197829 0.12832 
56 0.202294 0.126347 
57 0.200692 0.123289 
58 0.192918 0.122456 
59 0.185275 0.125113 
60 0.184762 0.124141 
61 0.187615 0.122322 
62 0.183416 0.120381 
63 0.178814 0.1185 
64 0.184741 0.120783 
65 0.181064 0.118953 
66 0.1762 0.120082 
67 0.181375 0.119906 
68 0.185833 0.119384 
69 0.182489 0.117679 
70 0.183812 0.11661 
71 0.179469 0.11572 
72 0.177461 0.114581 
73 0.17976 0.113033 
74 0.173345 0.111526 
75 0.17297 0.110157 
76 0.170723 0.109368 
77 0.174974 0.107403 
78 0.170226 0.105524 
79 0.168907 0.104549 
80 0.166821 0.103169 
81 0.170748 0.101911 
82 0.168691 0.100838 
83 0.171391 0.0996512 
84 0.164688 0.0991729 
85 0.166167 0.0980604 
86 0.16515 0.0969333 
87 0.164773 0.0958318 
88 0.162921 0.0936488 
89 0.168155 0.0929217 
90 0.164416 0.0919006 
91 0.160567 0.0927156 
92 0.163073 0.0917186 
93 0.159602 0.0922133 
94 0.154544 0.0928955 
95 0.153157 0.093198 
96 0.150322 0.0938461 
97 0.14632 0.0951545 
98 0.149335 0.0952488 
99 0.147343 0.0955298 
100 0.150823 0.0949354 
101 0.153277 0.0936672 
102 0.151698 0.0927578 
103 0.153185 0.0928996 
104 0.149979 0.0927799 
105 0.152325 0.0908131 
106 0.15329 0.0902085 
107 0.154356 0.0893732 
108 0.15294 0.0885533 
109 0.152428 0.0877482 
110 0.150724 0.0875217 
111 0.151055 0.0867402 
112 0.150781 0.0859929 
113 0.149433 0.0852386 
114 0.147641 0.0844973 
115 0.146368 0.0837734 
116 0.145635 0.0830574 
117 0.144372 0.0823535 
118 0.143158 0.0816615 
119 0.141965 0.080981 
120 0.140792 0.0793628 
121 0.141202 0.078929 
122 0.139642 0.0782873 
123 0.140053 0.077638 
124 0.140343 0.0770223 
125 0.138636 0.0762788 
126 0.137544 0.07685 
127 0.139046 0.0762496 
128 0.13974 0.0756585 
129 0.139788 0.0750766 
130 0.140416 0.0745034 
131 0.138476 0.073939 
132 0.137435 0.0735746 
133 0.138077 0.0738802 
134 0.136718 0.073333 
135 0.135713 0.0732834 
136 0.132952 0.0727485 
137 0.134256 0.0722213 
138 0.135048 0.0715667 
139 0.132984 0.0710555 
140 0.1306 0.0701414 
141 0.127918 0.0696475 
142 0.125646 0.0691604 
143 0.125308 0.0686802 
144 0.12537 0.0682065 
145 0.125381 0.0669222 
146 0.126388 0.0664669 
147 0.12542 0.0671193 
148 0.125918 0.0678561 
149 0.125811 0.0679138 
150 0.128213 0.067464 
151 0.12993 0.0670202 
152 0.129964 0.0659277 
153 0.128688 0.0654996 
154 0.127009 0.0647163 
155 0.125061 0.0643015 
156 0.126587 0.0638919 
157 0.1258 0.0634876 
158 0.12392 0.0630883 
159 0.124303 0.062694 
160 0.122485 0.06357 
161 0.122637 0.063111 
162 0.122162 0.0627238 
163 0.121417 0.0632841 
164 0.121946 0.0636587 
165 0.121211 0.0632752 
166 0.122752 0.0628963 
167 0.122021 0.0631998 
168 0.121242 0.0628478 
169 0.120529 0.0629664 
170 0.121227 0.0625826 
171 0.120523 0.0622283 
172 0.119826 0.0618468 
173 0.118029 0.061908 
174 0.115933 0.0613687 
175 0.115274 0.0605652 
176 0.114623 0.0604937 
177 0.113453 0.0607117 
178 0.114619 0.0598959 
179 0.113982 0.0596168 
180 0.115103 0.0594545 
181 0.114117 0.0602517 
182 0.112451 0.061049 
183 0.113705 0.0607173 
184 0.11309 0.0608426 
185 0.112482 0.0606705 
186 0.113434 0.060346 
187 0.112831 0.0606177 
188 0.113849 0.060297 
189 0.113646 0.0601644 
190 0.112374 0.0598494 
191 0.110406 0.0593371 
192 0.11106 0.0590297 
193 0.110274 0.0587254 
194 0.109708 0.0586685 
195 0.109827 0.0583692 
196 0.110299 0.0581512 
197 0.111665 0.0578575 
198 0.111125 0.0576922 
199 0.11057 0.0574037 
200 0.111404 0.0569521 
201 0.110852 0.0566702 
202 0.110306 0.056391 
203 0.109766 0.0561303 
204 0.108178 0.0558712 
205 0.108467 0.0555958 
206 0.107105 0.0553272 
207 0.105558 0.0550612 
208 0.105053 0.0547978 
209 0.104553 0.0538306 
210 0.105387 0.0535755 
211 0.104104 0.0533228 
212 0.102771 0.0530724 
213 0.101387 0.0528244 
214 0.0999448 0.0525787 
215 0.1012 0.0523353 
216 0.102066 0.0520941 
217 0.101598 0.0520409 
218 0.101134 0.0523884 
219 0.100674 0.0515205 
220 0.100219 0.0512873 
221 0.0986608 0.0509292 
222 0.0979149 0.0507008 
223 0.100746 0.0504745 
224 0.101175 0.0496472 
225 0.101067 0.0494275 
226 0.100695 0.0492097 
227 0.101042 0.0492536 
228 0.100626 0.0492563 
229 0.100188 0.0490422 
230 0.100296 0.0488299 
231 0.10107 0.049476 
232 0.100636 0.0498574 
233 0.101219 0.0497035 
234 0.101139 0.049492 
235 0.101297 0.0492823 
236 0.103664 0.0496395 
237 0.103228 0.049627 
238 0.101884 0.0494194 
239 0.104244 0.0492134 
240 0.105999 0.0490092 
241 0.105561 0.0488711 
242 0.105126 0.04867 
243 0.106172 0.0484705 
244 0.105739 0.0484214 
245 0.105309 0.0482246 
246 0.105522 0.0480294 
247 0.105097 0.0478357 
248 0.104675 0.0476436 
249 0.104526 0.047453 
250 0.104109 0.047264 
251 0.103696 0.0470764 
252 0.103286 0.0468903 
253 0.10288 0.0467057 
254 0.102476 0.0465226 
255 0.101819 0.0463408 
256 0.101423 0.0461605 
257 0.10103 0.0459816 
258 0.10064 0.0458041 
259 0.100512 0.0456279 
260 0.100127 0.0454531 
261 0.0997446 0.0452796 
262 0.0988856 0.0451074 
263 0.098511 0.0449366 
264 0.0981393 0.044767 
265 0.0977703 0.0445987 
266 0.0974041 0.0444317 
267 0.0970407 0.0442659 
268 0.0966799 0.0441013 
269 0.0963219 0.043938 
270 0.0959664 0.0437758 
271 0.0959127 0.0436149 
272 0.0955614 0.0434551 
273 0.0952126 0.0432965 
274 0.0948664 0.0431391 
275 0.0945227 0.0429828 
276 0.0941815 0.0428276 
277 0.0938427 0.0426736 
278 0.0937655 0.0425206 
279 0.0936519 0.0423688 
280 0.0933186 0.042218 
281 0.0929877 0.0420683 
282 0.0928345 0.0419196 
283 0.0925076 0.041772 
284 0.092183 0.0416255 
285 0.0918607 0.0414799 
286 0.0916598 0.0413354 
287 0.0913415 0.0411919 
288 0.0910922 0.0410493 
289 0.0908005 0.0409078 
290 0.0904885 0.0407672 
291 0.0901786 0.0406276 
292 0.0898708 0.0404889 
293 0.0895651 0.0403512 
294 0.0892615 0.0402144 
295 0.08896 0.0400786 
296 0.0882547 0.0399436 
297 0.0871196 0.0398096 
298 0.0868282 0.0396764 
299 0.0865388 0.0395442 
300 0.0862513 0.0394128 
301 0.0859657 0.0392823 
302 0.085682 0.0391527 
303 0.0854001 0.0390239 
304 0.0842182 0.0388959 
305 0.0840892 0.0387688 
306 0.0838153 0.0383784 
307 0.0827115 0.0382538 
308 0.0824438 0.03813 
309 0.0821779 0.0380227 
310 0.0819136 0.0379005 
311 0.0809207 0.037779 
312 0.0806622 0.0384459 
313 0.0804053 0.0383235 
314 0.0803186 0.0387728 
315 0.0802297 0.0386371 
316 0.0798062 0.0385152 
317 0.0795552 0.0383941 
318 0.0794669 0.0382737 
319 0.0788796 0.0381541 
320 0.0784697 0.0380353 
321 0.078226 0.0379171 
322 0.0779838 0.0377997 
323 0.0777431 0.0376831 
324 0.0773391 0.0375671 
325 0.0775527 0.0372832 
326 0.077504 0.0366935 
327 0.0778227 0.036284 
328 0.0775862 0.0361737 
329 0.077351 0.0360641 
330 0.0770519 0.0364889 
331 0.0764924 0.036379 
332 0.0769065 0.0362697 
333 0.0766762 0.0361611 
334 0.0770463 0.0360532 
335 0.0761432 0.0359188 
336 0.0752331 0.0358122 
337 0.0757671 0.0357062 
338 0.0762851 0.0361736 
339 0.0768581 0.0363234 
340 0.0765543 0.0362168 
341 0.077046 0.0364643 
342 0.0768213 0.0366284 
343 0.0764781 0.0370393 
344 0.0758395 0.0369319 
345 0.075545 0.0370166 
346 0.0748638 0.0369407 
347 0.0746487 0.0368345 
348 0.0744348 0.036729 
349 0.0742221 0.036624 
350 0.0740107 0.0365197 
351 0.0749532 0.0364159 
352 0.074337 0.0363128 
353 0.074127 0.0362102 
354 0.0738455 0.0365572 
355 0.0736381 0.0364545 
356 0.0738771 0.0363524 
357 0.0735976 0.0362509 
358 0.0733926 0.0364461 
359 0.0742323 0.036328 
360 0.0740267 0.0363154 
361 0.0737639 0.0361957 
362 0.0743994 0.036096 
363 0.0747883 0.0359968 
364 0.0745834 0.0358982 
365 0.074666 0.0358001 
366 0.0744626 0.0357025 
367 0.0742602 0.0356055 
368 0.074059 0.0354876 
369 0.0738588 0.0353917 
370 0.0736598 0.0352963 
371 0.0734617 0.0352014 
372 0.0732478 0.0350513 
373 0.0730519 0.0349575 
374 0.0728571 0.0348643 
375 0.0726634 0.0347547 
376 0.0724706 0.0346625 
377 0.0723316 0.0346471 
378 0.0721407 0.0345557 
379 0.0719509 0.0345068 
380 0.071762 0.0344162 
381 0.0715742 0.0343261 
382 0.0713873 0.0342365 
383 0.0712014 0.0341474 
384 0.0710164 0.0340587 
385 0.0708325 0.0339704 
386 0.0705194 0.0340662 
387 0.0703376 0.0339784 
388 0.0701568 0.0338911 
389 0.0699769 0.0339111 
390 0.069798 0.0338243 
391 0.0696199 0.033738 
392 0.0694428 0.0336522 
393 0.0692665 0.0335668 
394 0.0691134 0.0334603 
395 0.0689389 0.0333758 
396 0.0687653 0.0332917 
397 0.0685925 0.0332081 
398 0.0684206 0.0331248 
399 0.0682495 0.033042 
400 0.0680793 0.0329596 
401 0.06791 0.0328776 
402 0.0677415 0.032796 
403 0.0675738 0.0327149 
404 0.0674069 0.0325846 
405 0.0672409 0.0325043 
406 0.0670757 0.0323517 
407 0.0669113 0.0322724 
408 0.0668409 0.0321935 
409 0.0667561 0.032115 
410 0.0665936 0.0319747 
411 0.066432 0.0318971 
412 0.0663417 0.0318199 
413 0.0662296 0.031743 
414 0.0660939 0.0316665 
415 0.065935 0.0315904 
416 0.0657769 0.0315147 
417 0.0656195 0.0314393 
418 0.0654629 0.0313642 
419 0.0653071 0.0312896 
420 0.0651519 0.0312152 
421 0.0649976 0.0311413 
422 0.0648439 0.0310676 
423 0.064691 0.0309944 
424 0.0645388 0.0309214 
425 0.0643873 0.0308489 
426 0.0642365 0.0307766 
427 0.0640864 0.0307047 
428 0.063937 0.0306331 
429 0.0637883 0.0305619 
430 0.0636403 0.030491 
431 0.063493 0.0304204 
432 0.0633464 0.0303502 
433 0.0632004 0.0302802 
434 0.0630551 0.0302106 
435 0.0629105 0.0301413 
436 0.0627665 0.0300723 
437 0.0626232 0.0300037 
438 0.0624806 0.0299353 
439 0.0623386 0.0298673 
440 0.0621972 0.0297996 
441 0.0620565 0.0297322 
442 0.0619164 0.029665 
443 0.061777 0.0295982 
444 0.0616381 0.0295317 
445 0.0614999 0.0294655 
446 0.0613624 0.0293996 
447 0.0612254 0.029334 
448 0.061089 0.0292686 
449 0.0609533 0.0292036 
450 0.0608181 0.0291388 
451 0.0606836 0.0290744 
452 0.0605496 0.0290102 
453 0.0604162 0.0289463 
454 0.0602835 0.0288827 
455 0.0601513 0.0288193 
456 0.0600196 0.0287563 
457 0.0598886 0.0286935 
458 0.0597581 0.028631 
459 0.0596282 0.0285687 
460 0.0594989 0.0285068 
461 0.0593701 0.0284451 
462 0.0592418 0.0283836 
463 0.0591142 0.0283224 
464 0.058987 0.0282615 
465 0.0588605 0.0282009 
466 0.0587344 0.0281405 
467 0.0586089 0.0280804 
468 0.0584839 0.0280205 
469 0.0583595 0.0279609 
470 0.0582356 0.0279015 
471 0.0578979 0.0278141 
472 0.0577755 0.0277553 
473 0.0573218 0.0276967 
474 0.0572011 0.0276384 
475 0.0566481 0.0275803 
476 0.0565294 0.0275225 
477 0.0564111 0.027465 
478 0.0562933 0.0274076 
479 0.0561761 0.0272748 
480 0.0560593 0.0272181 
481 0.0554279 0.0271616 
482 0.0553131 0.0271054 
483 0.0546931 0.0270494 
484 0.0540227 0.0269936 
485 0.0533051 0.0269381 
486 0.0531956 0.0268827 
487 0.0530866 0.0268277 
488 0.052978 0.0267728 
489 0.0522205 0.0267182 
490 0.051922 0.026495 
491 0.0516448 0.0261206 
492 0.0519701 0.0259048 
493 0.0518649 0.0255239 
494 0.0515057 0.0254723 
495 0.0514018 0.025421 
496 0.0512984 0.0251975 
497 0.0511954 0.0251469 
498 0.0510928 0.0250965 
499 0.0510972 0.0255083 
500 0.0509952 0.0251776 
501 0.0508087 0.024952 
502 0.0507077 0.0252897 
503 0.0506071 0.0252395 
504 0.0508198 0.0251895 
505 0.051403 0.0255108 
506 0.0513016 0.0254605 
507 0.0507435 0.0254104 
508 0.0513107 0.0253605 
509 0.0518298 0.0253107 
510 0.05148 0.0252612 
511 0.0519708 0.0252119 
512 0.0518695 0.0253689 
513 0.0517685 0.0249621 
514 0.0514331 0.0251576 
515 0.0519705 0.0251088 
516 0.0517304 0.0251865 
517 0.0516305 0.0249672 
518 0.051531 0.0251627 
519 0.0512894 0.0251516 
520 0.051191 0.025295 
521 0.0518201 0.0252466 
522 0.051721 0.0251983 
523 0.0522542 0.0251502 
524 0.0521547 0.0251023 
525 0.0520555 0.0250546 
526 0.0518625 0.025007 
527 0.0516549 0.0250733 
528 0.0514562 0.0250259 
529 0.0519422 0.0249787 
530 0.051793 0.0249316 
531 0.0516431 0.0248847 
532 0.0515462 0.0248381 
533 0.0513961 0.0248464 
534 0.0512779 0.0247999 
535 0.0511822 0.0247537 
536 0.0515996 0.0247076 
537 0.0515037 0.0246617 
538 0.0514081 0.0246333 
539 0.0513129 0.0245877 
540 0.0512181 0.0245422 
541 0.0515223 0.024497 
542 0.0514274 0.0244518 
543 0.0513329 0.0244069 
544 0.0512387 0.0244103 
545 0.0511448 0.0243655 
546 0.0510513 0.024321 
547 0.0509201 0.0242766 
548 0.0508273 0.0242324 
549 0.0507349 0.0241883 
550 0.0509297 0.0241444 
551 0.0508374 0.0241007 
552 0.0507455 0.0240571 
553 0.0506343 0.0240137 
554 0.050543 0.0239704 
555 0.0506137 0.0239273 
556 0.0505229 0.0238844 
557 0.0504323 0.0238416 
558 0.0503421 0.0237989 
559 0.0502522 0.0237564 
560 0.0501626 0.0237141 
561 0.0500734 0.0236719 
562 0.0499844 0.0236298 
563 0.0498958 0.0235879 
564 0.0498075 0.0235462 
565 0.0497195 0.0235046 
566 0.0496318 0.0234631 
567 0.0495444 0.0234218 
568 0.0494574 0.0233806 
569 0.0493706 0.0233396 
570 0.0492841 0.0232988 
571 0.049198 0.023258 
572 0.0491121 0.0232174 
573 0.0490265 0.023177 
574 0.0489413 0.0231367 
575 0.0488563 0.0230965 
576 0.0487716 0.0230565 
577 0.0486873 0.0230166 
578 0.0486032 0.0229768 
579 0.0485194 0.0229372 
580 0.0484359 0.0228977 
581 0.0483526 0.0228584 
582 0.0482697 0.0228192 
583 0.0481871 0.0227801 
584 0.0481047 0.0227412 
585 0.0480226 0.0227024 
586 0.0479408 0.0226637 
587 0.0478592 0.0226251 
588 0.047778 0.0225867 
589 0.047697 0.0225485 
590 0.0476163 0.0225103 
591 0.0475359 0.0224723 
592 0.0474557 0.0224344 
593 0.0473758 0.0223966 
594 0.0472962 0.022359 
595 0.0472168 0.0223215 
596 0.0471378 0.0222841 
597 0.0470589 0.0222468 
598 0.0469804 0.0222097 
599 0.0469021 0.0221726 
600 0.046824 0.0221358 
601 0.0467462 0.022099 
602 0.0466687 0.0220623 
603 0.0465915 0.0220258 
604 0.0465144 0.0219894 
605 0.0464377 0.0219531 
606 0.0463612 0.0219169 
607 0.0462849 0.0218809 
608 0.0462089 0.021845 
609 0.0461332 0.0218092 
610 0.0460577 0.0217735 
611 0.0459824 0.0217379 
612 0.0459074 0.0217024 
613 0.0458326 0.0216671 
614 0.0457581 0.0216318 
615 0.0456838 0.0215967 
616 0.0456098 0.0215617 
617 0.045536 0.0215268 
618 0.0454624 0.0214921 
619 0.0453891 0.0214574 
620 0.045316 0.0214228 
621 0.0452431 0.0213884 
622 0.0451705 0.0213541 
623 0.0450981 0.0213199 
624 0.045026 0.0212857 
625 0.0449541 0.0212517 
626 0.0448824 0.0212178 
627 0.0448109 0.0211841 
628 0.0447396 0.0211504 
629 0.0446686 0.0211168 
630 0.0445978 0.0210833 
631 0.0445273 0.02105 
632 0.0444569 0.0210167 
633 0.0443868 0.0209836 
634 0.0443169 0.0209505 
635 0.0442472 0.0209176 
636 0.0441778 0.0208848 
637 0.0441085 0.020852 
638 0.0440395 0.0208194 
639 0.0439707 0.0207869 
640 0.0438873 0.0207544 
641 0.0435953 0.0207221 
642 0.0431376 0.0206899 
643 0.0425528 0.0206577 
644 0.0424868 0.0206257 
645 0.042421 0.020505 
646 0.0423554 0.0204733 
647 0.0422901 0.0204417 
648 0.0416024 0.0204102 
649 0.0415384 0.0203788 
650 0.0414746 0.0201752 
651 0.041411 0.0201443 
652 0.0413475 0.0201134 
653 0.0412843 0.0200827 
654 0.0412524 0.020052 
655 0.041665 0.0200214 
656 0.0421514 0.019991 
657 0.0420874 0.0199606 
658 0.0420235 0.0199303 
659 0.0419598 0.0199001 
660 0.0418963 0.01987 
661 0.041833 0.01984 
662 0.0422463 0.01981 
663 0.0424996 0.0197802 
664 0.0424357 0.0197505 
665 0.042372 0.0197208 
666 0.0426459 0.0194648 
667 0.0428281 0.0194357 
668 0.0427036 0.0194066 
669 0.0428306 0.0193777 
670 0.0427667 0.0193488 
671 0.0427031 0.01932 
672 0.0426396 0.0200038 
673 0.0425764 0.0199741 
674 0.0425133 0.0197255 
675 0.0424504 0.0196963 
676 0.0423464 0.0196672 
677 0.0422839 0.0202429 
678 0.0423744 0.0202131 
679 0.0423121 0.020658 
680 0.04225 0.0204002 
681 0.0421991 0.0209331 
682 0.0421373 0.0209024 
683 0.0420757 0.0208719 
684 0.0420142 0.0213685 
685 0.0418571 0.0213373 
686 0.0418494 0.0213063 
687 0.0418974 0.0214472 
688 0.0416815 0.0214161 
689 0.0417675 0.0213851 
690 0.041707 0.0213541 
691 0.0414011 0.0213233 
692 0.0413414 0.0212925 
693 0.0412818 0.0212618 
694 0.0408491 0.0212312 
695 0.0408884 0.0216655 
696 0.0408297 0.0216344 
697 0.0403151 0.0216034 
698 0.0402574 0.021754 
699 0.0403611 0.0217417 
700 0.039783 0.0219528 
701 0.0391216 0.0219215 
702 0.039066 0.0218903 
703 0.0392405 0.0218592 
704 0.0391325 0.0218282 
705 0.0390771 0.0217973 
706 0.0396857 0.0217665 
707 0.040215 0.0217357 
708 0.0406617 0.0217051 
709 0.0410193 0.0216995 
710 0.0412764 0.021669 
711 0.0414139 0.0216385 
712 0.0413984 0.0216082 
713 0.0413404 0.0215779 
714 0.0412826 0.0215477 
715 0.041225 0.0215176 
716 0.0411675 0.0214876 
717 0.0411101 0.0214577 
718 0.041053 0.0214279 
719 0.0409959 0.0213981 
720 0.0409391 0.0213684 
721 0.0408824 0.0213388 
722 0.0408258 0.0213093 
723 0.0407694 0.0212799 
724 0.0407132 0.0212505 
725 0.0406571 0.0212213 
726 0.0406012 0.0211921 
727 0.0405454 0.021163 
728 0.0404898 0.0211339 
729 0.0404344 0.021105 
730 0.040379 0.0210761 
731 0.0403239 0.0210473 
732 0.0402689 0.0210186 
733 0.040214 0.02099 
734 0.0401593 0.0209614 
735 0.0401047 0.0209329 
736 0.0400503 0.0209045 
737 0.039996 0.0208762 
738 0.0399419 0.020848 
739 0.0398879 0.0208198 
740 0.0398341 0.0207917 
741 0.0397804 0.0207637 
742 0.0397269 0.0207357 
743 0.0396735 0.0207078 
744 0.0396202 0.02068 
745 0.0395671 0.0206523 
746 0.0395142 0.0206247 
747 0.0394613 0.0205971 
748 0.0394087 0.0205696 
749 0.0393561 0.0205422 
750 0.0393037 0.0205148 
751 0.0392514 0.0204875 
752 0.0391993 0.0204603 
753 0.0391473 0.0204332 
754 0.0390955 0.0204061 
755 0.0390438 0.0203791 
756 0.0389922 0.0203522 
757 0.0389407 0.0203254 
758 0.0388894 0.0202986 
759 0.0388383 0.0202719 
760 0.0387872 0.0202453 
761 0.0387363 0.0202187 
762 0.0386856 0.0201922 
763 0.0386349 0.0201658 
764 0.0384838 0.0201394 
765 0.0384335 0.0200998 
766 0.0383834 0.0200736 
767 0.0383334 0.0200475 
768 0.0382836 0.0199962 
769 0.0382339 0.0199702 
770 0.0379724 0.0199443 
771 0.0379232 0.0199185 
772 0.0378742 0.0198927 
773 0.0378252 0.019867 
774 0.0377764 0.0198414 
775 0.0374289 0.0198158 
776 0.0370079 0.0197903 
777 0.0366111 0.0197648 
778 0.0365641 0.0197395 
779 0.036033 0.0197142 
780 0.0359868 0.0196889 
781 0.0359408 0.0196637 
782 0.0354653 0.0196386 
783 0.03542 0.0196136 
784 0.0353749 0.0195886 
785 0.0347507 0.0195637 
786 0.0352305 0.0195388 
787 0.0351858 0.019514 
788 0.035095 0.0194893 
789 0.0350506 0.0194115 
790 0.0354766 0.0193289 
791 0.0354318 0.0191471 
792 0.0353871 0.0188908 
793 0.0353425 0.018867 
794 0.0357331 0.0188433 
795 0.0354822 0.0185197 
796 0.0354377 0.0184964 
797 0.0353933 0.0187314 
798 0.0350546 0.0190134 
799 0.0354253 0.0192564 
800 0.0350097 0.0190911 
801 0.034966 0.0190673 
802 0.0353347 0.0192453 
803 0.0352907 0.0192213 
804 0.035548 0.0188856 
805 0.0355039 0.0188621 
806 0.0354599 0.0188388 
807 0.0356349 0.0188155 
808 0.0355909 0.0187922 
809 0.0355469 0.018769 
810 0.0355031 0.0185512 
811 0.0354594 0.0182365 
812 0.0350437 0.0181374 
813 0.0350007 0.0182392 
814 0.0344779 0.0182168 
815 0.0344356 0.0181945 
816 0.0346422 0.0181881 
817 0.0345998 0.0181659 
818 0.0340423 0.0181437 
819 0.0340008 0.0181216 
820 0.0339594 0.0180995 
821 0.0339181 0.0180775 
822 0.0338769 0.0180555 
823 0.0333525 0.0180336 
824 0.0333121 0.0180117 
825 0.0334604 0.0179899 
826 0.0335902 0.0179682 
827 0.0335496 0.0179465 
828 0.0340825 0.0179248 
829 0.0340414 0.0179032 
830 0.0345246 0.0178817 
831 0.0342749 0.0178602 
832 0.0342338 0.0178388 
833 0.0341927 0.0178174 
834 0.0341518 0.017796 
835 0.0341109 0.0177747 
836 0.0345637 0.0179482 
837 0.0349659 0.017716 
838 0.0349242 0.0176949 
839 0.0348827 0.017823 
840 0.0348412 0.0178018 
841 0.0351891 0.0177807 
842 0.0354799 0.0177596 
843 0.0354379 0.0177385 
844 0.0356657 0.0177175 
845 0.0358222 0.0176966 
846 0.0358946 0.0176757 
847 0.0358488 0.0176549 
848 0.0358066 0.0176341 
849 0.0357644 0.0176133 
850 0.0357224 0.0175926 
851 0.0357304 0.017572 
852 0.0356885 0.0175514 
853 0.0356467 0.0175308 
854 0.035605 0.0175103 
855 0.0355634 0.0174899 
856 0.0355219 0.0174694 
857 0.0354805 0.0174491 
858 0.0354392 0.0174288 
859 0.035398 0.0174085 
860 0.0353569 0.0173883 
861 0.0353159 0.0173681 
862 0.035275 0.017348 
863 0.0352341 0.0173279 
864 0.0351934 0.0173079 
865 0.0351528 0.0172879 
866 0.0351122 0.017268 
867 0.0350692 0.0172481 
868 0.0350289 0.0172282 
869 0.0349886 0.0172084 
870 0.0349297 0.0171887 
871 0.0348897 0.0171689 
872 0.0348497 0.0171493 
873 0.0348098 0.017077 
874 0.0347409 0.0170575 
875 0.0347012 0.017038 
876 0.0346617 0.0170186 
877 0.0347414 0.0169992 
878 0.0347242 0.0169799 
879 0.0346847 0.0169606 
880 0.0346454 0.0169413 
881 0.0346061 0.0169221 
882 0.0345669 0.0169029 
883 0.0345278 0.0168838 
884 0.0344888 0.0168647 
885 0.0344498 0.0168457 
886 0.034411 0.0168267 
887 0.0343723 0.0168078 
888 0.0343336 0.0167889 
889 0.034295 0.01677 
890 0.0342565 0.0167512 
891 0.0342181 0.0167324 
892 0.0341798 0.0167137 
893 0.0341416 0.016695 
894 0.0341034 0.0166763 
895 0.0340654 0.0166577 
896 0.0340274 0.0166391 
897 0.0339895 0.0166206 
898 0.0339517 0.0166021 
899 0.033914 0.0165837 
900 0.0338763 0.0165653 
901 0.0338388 0.0165469 
902 0.0338013 0.0165286 
903 0.0337639 0.0165103 
904 0.0337266 0.016492 
905 0.0336894 0.0164738 
906 0.0336522 0.0164557 
907 0.0336152 0.0164375 
908 0.0335782 0.0164195 
909 0.0335413 0.0164014 
910 0.0335045 0.0163834 
911 0.0334677 0.0163655 
912 0.0334311 0.0163475 
913 0.0333945 0.0163296 
914 0.033358 0.0163118 
915 0.0333216 0.016294 
916 0.0332852 0.0162762 
917 0.033249 0.0162585 
918 0.0332128 0.0162408 
919 0.0331767 0.0162231 
920 0.0331407 0.0162055 
921 0.0331047 0.016188 
922 0.0330689 0.0161704 
923 0.0330331 0.0161529 
924 0.0329974 0.0161355 
925 0.0329617 0.016118 
926 0.0329262 0.0161006 
927 0.0328907 0.0160833 
928 0.0328553 0.016066 
929 0.03282 0.0160487 
930 0.0327847 0.0160315 
931 0.0327495 0.0160143 
932 0.0327144 0.0159971 
933 0.0326794 0.01598 
934 0.0326445 0.0159629 
935 0.0326096 0.0159458 
936 0.0325748 0.0159288 
937 0.03254 0.0159118 
938 0.0325054 0.0158949 
939 0.0324708 0.015878 
940 0.0324363 0.0158611 
941 0.0324019 0.0158443 
942 0.0323675 0.0158275 
943 0.0323332 0.0158107 
944 0.032299 0.015794 
945 0.0322249 0.0157773 
946 0.0321909 0.0157606 
947 0.0321569 0.015744 
948 0.0320378 0.0157274 
949 0.0320041 0.0157108 
950 0.0319705 0.0156943 
951 0.0319369 0.0156778 
952 0.0319034 0.0156614 
953 0.0318699 0.015645 
954 0.0317158 0.0155462 
955 0.0316827 0.0156816 
956 0.0316495 0.0156652 
957 0.0316165 0.0156488 
958 0.0315835 0.0156325 
959 0.0315506 0.0156162 
960 0.0315178 0.0156 
961 0.031485 0.0157248 
962 0.0314524 0.0157085 
963 0.031289 0.0156922 
964 0.0312566 0.0156759 
965 0.0312242 0.0158108 
966 0.0311919 0.0157944 
967 0.0309797 0.0157781 
968 0.0307411 0.0159372 
969 0.0307094 0.0159207 
970 0.0306778 0.0159043 
971 0.0306462 0.0160361 
972 0.0306147 0.0160197 
973 0.0304677 0.0161246 
974 0.0303628 0.0161081 
975 0.0303317 0.0160916 
976 0.0300526 0.0161575 
977 0.0300219 0.016141 
978 0.0299912 0.0161245 
979 0.0299606 0.0161081 
980 0.0299301 0.0160916 
981 0.0298996 0.0160753 
982 0.0298692 0.0160589 
983 0.0298389 0.0160426 
984 0.0298086 0.0160459 
985 0.0297783 0.0160297 
986 0.0297482 0.0160134 
987 0.029718 0.0159972 
988 0.029688 0.015981 
989 0.029658 0.0159649 
990 0.0296281 0.0157929 
991 0.0295982 0.0157498 
992 0.0295684 0.0157339 
993 0.0295387 0.0159311 
994 0.029509 0.0159151 
995 0.0294793 0.0158991 
996 0.0294498 0.0158831 
997 0.0294203 0.0158672 
998 0.0293908 0.0158513 
999 0.0293614 0.0158355 
1000 0.0293321 0.0158197 
1100 0.0280174 0.0149965 
1200 0.0256846 0.0137479 
1300 0.0223927 0.0125366 
1400 0.0228265 0.0116491 
1500 0.0219072 0.0110442 
1600 0.0205389 0.0103544 
1700 0.0195267 0.0112438 
1800 0.0188511 0.0106306 
1900 0.0169875 0.0100714 
2000 0.0171598 0.00965084 
2100 0.016909 0.00911729 
2200 0.0162509 0.00870305 
2300 0.0156854 0.00861875 
2400 0.0153651 0.00908026 
2500 0.0147507 0.00871719 
2600 0.0132323 0.0082821 
2700 0.0128913 0.0077295 
2800 0.0136714 0.00756946 
2900 0.0132904 0.00730853 
3000 0.0128476 0.00706499 
3100 0.011771 0.0072484 
3200 0.0120755 0.0073419 
3300 0.0120075 0.00690207 
3400 0.0118677 0.00673784 
3500 0.0115287 0.00654539 
3600 0.0105586 0.0062966 
3700 0.0109457 0.00646084 
3800 0.010512 0.00622681 
3900 0.010705 0.00606719 
4000 0.0104374 0.00591554 
4100 0.00953035 0.0057713 
4200 0.010089 0.00585549 
4300 0.00965685 0.00609403 
4400 0.00982545 0.00618965 
4500 0.00960715 0.00605213 
4600 0.00869214 0.00578266 
4700 0.00931906 0.00580393 
4800 0.00878139 0.00558252 
4900 0.00906687 0.00546861 
5000 0.00888557 0.00535926 
5100 0.00789449 0.0052542 
5200 0.00861071 0.00529023 
5300 0.00814201 0.00569319 
5400 0.00806286 0.00558719 
5500 0.0084735 0.00529061 
5600 0.00828578 0.00519615 
5700 0.00824054 0.00512803 
5800 0.00780289 0.00523886 
5900 0.00813014 0.0048476 
6000 0.00775034 0.00486033 
6100 0.00786516 0.00505358 
6200 0.00778325 0.00499166 
6300 0.00745301 0.00491244 
6400 0.00763193 0.00466227 
6500 0.00751453 0.00497433 
6600 0.00739726 0.00485046 
6700 0.00726708 0.00511856 
6800 0.00729884 0.00505978 
6900 0.00722234 0.00498646 
7000 0.00675015 0.0046521 
7100 0.00722845 0.00473721 
7200 0.00708949 0.00440914 
7300 0.00711148 0.00452056 
7400 0.00701938 0.00446309 
7500 0.00681989 0.00440359 
7600 0.0064739 0.0042886 
7700 0.00661702 0.004304 
7800 0.00660042 0.00450129 
7900 0.00626648 0.0043801 
8000 0.00663199 0.00460071 
8100 0.00659071 0.00454392 
8200 0.00663294 0.00448851 
8300 0.00652412 0.00442412 
8400 0.00640158 0.00414734 
8500 0.00646847 0.00395162 
8600 0.00617393 0.00416326 
8700 0.00615141 0.00394042 
8800 0.00635331 0.00393887 
8900 0.00628194 0.00389462 
9000 0.00607701 0.0038024 
9100 0.00590217 0.00392801 
9200 0.00611813 0.00377525 
9300 0.00560025 0.00401451 
9400 0.00603356 0.00401815 
9500 0.00605831 0.00399112 
9600 0.00599521 0.00394955 
9700 0.00573061 0.00388205 
9800 0.00549249 0.00387824 
9900 0.00569988 0.00373561 
10000 0.00524648 0.00359451 
10100 0.00582001 0.00364554 
10200 0.00576296 0.0036098 
10300 0.00570701 0.00357476 
10400 0.00514215 0.00342468 
10500 0.00540362 0.00351196 
10600 0.00510706 0.00362579 
10700 0.00558573 0.00366527 
10800 0.00553402 0.00363133 
10900 0.00548325 0.00359802 
11000 0.00543341 0.00356531 
11100 0.00515829 0.00346116 
11200 0.00496023 0.00316164 
11300 0.00485206 0.00354403 
11400 0.00519842 0.00339514 
11500 0.00529437 0.00332325 
11600 0.00524873 0.0032946 
11700 0.00520388 0.00326645 
11800 0.00496275 0.00328405 
11900 0.00485469 0.00334162 
12000 0.00479384 0.00324895 
12100 0.00493645 0.00347661 
12200 0.00506464 0.00345908 
12300 0.00502347 0.00343096 
12400 0.00453461 0.00336689 
12500 0.00492047 0.00299603 
12600 0.00454538 0.00325097 
12700 0.00474414 0.00315209 
12800 0.0049341 0.00306378 
12900 0.00489586 0.00304003 
13000 0.00485251 0.00301788 
13100 0.00454813 0.00307777 
13200 0.00453801 0.00306081 
13300 0.00445307 0.00298072 
13400 0.00447272 0.00326725 
13500 0.00473426 0.0032692 
13600 0.00470847 0.00324516 
13700 0.0044096 0.00319744 
13800 0.00450523 0.0030004 
13900 0.0043073 0.00301646 
14000 0.00467225 0.00289311 
14100 0.0046465 0.00287125 
14200 0.00420072 0.00299777 
14300 0.00442204 0.00296614 
14400 0.00417596 0.00302706 
14500 0.00456867 0.00312522 
14600 0.00454796 0.00310476 
14700 0.00420486 0.00302503 
14800 0.00414496 0.002626 
14900 0.0040957 0.00299296 
15000 0.00447433 0.00297325 
15100 0.00448667 0.00294796 
15200 0.00445386 0.00292857 
15300 0.00419885 0.00292888 
15400 0.00404303 0.00272804 
15500 0.00421761 0.00292264 
15600 0.00433561 0.00301128 
15700 0.00420912 0.00298771 
15800 0.0039723 0.00265665 
15900 0.00386391 0.00279006 
16000 0.00425593 0.00273576 
16100 0.00431964 0.00270035 
16200 0.00399937 0.00272347 
16300 0.0039182 0.00270244 
16400 0.00387806 0.0026601 
16500 0.00417027 0.00291464 
16600 0.00422804 0.00290136 
16700 0.00390655 0.0028046 
16800 0.0037782 0.00253293 
16900 0.00377015 0.00273706 
17000 0.00401284 0.00262097 
17100 0.00417252 0.00254622 
17200 0.00406441 0.0025658 
17300 0.00380133 0.00265272 
17400 0.0037332 0.00250087 
17500 0.00396502 0.0027192 
17600 0.00408819 0.00277931 
17700 0.00399922 0.00272419 
17800 0.00372134 0.00243686 
17900 0.00368424 0.0026567 
18000 0.00380454 0.00266308 
18100 0.00400281 0.00257262 
18200 0.00363277 0.00267007 
18300 0.00385077 0.00256019 
18400 0.00367696 0.00248572 
18500 0.00380452 0.00271136 
18600 0.00398838 0.00270773 
18700 0.00370726 0.00262153 
18800 0.00352229 0.00231673 
18900 0.00350393 0.00257906 
19000 0.00373179 0.00263069 
19100 0.00388725 0.00261565 
19200 0.00394708 0.00259929 
19300 0.00392663 0.00258582 
19400 0.00388485 0.00257554 
19500 0.0037114 0.00256436 
19600 0.00366862 0.00253978 
19700 0.00362709 0.00223468 
19800 0.00353527 0.00250112 
19900 0.00359161 0.00261625 
20000 0.00383829 0.0026093 
20100 0.00379876 0.00259623 
20200 0.0035125 0.00254927 
20300 0.00355873 0.00235108 
20400 0.00363406 0.00236115 
20500 0.00340757 0.0024982 
20600 0.00360437 0.00249468 
20700 0.00367299 0.00244709 
20800 0.00377242 0.00242889 
20900 0.00375437 0.00241727 
21000 0.00373649 0.00240576 
21100 0.0037078 0.00239467 
21200 0.00337445 0.00241412 
21300 0.00353011 0.00241289 
21400 0.00360909 0.00225656 
21500 0.00354357 0.00234757 
21600 0.00349928 0.00249475 
21700 0.00366102 0.00248325 
21800 0.00364422 0.00247186 
21900 0.00362463 0.00246058 
22000 0.00331848 0.00244717 
22100 0.00337322 0.00227771 
22200 0.00334898 0.00222633 
22300 0.00318887 0.00233371 
22400 0.00332823 0.00236219 
22500 0.00355038 0.00234439 
22600 0.00358915 0.00232353 
22700 0.00357334 0.0023133 
22800 0.00355767 0.00230315 
22900 0.00354213 0.00229309 
23000 0.00352673 0.00228312 
23100 0.00344952 0.00229005 
23200 0.00330015 0.00228707 
23300 0.00314669 0.0022457 
23400 0.00315914 0.00202526 
23500 0.0032348 0.00204398 
23600 0.00342913 0.00220677 
23700 0.00345223 0.00222374 
23800 0.00343773 0.0022144 
23900 0.00342334 0.00220514 
24000 0.00340908 0.00219595 
24100 0.00339493 0.00218684 
24200 0.00338091 0.0021778 
24300 0.00336426 0.00216485 
24400 0.00326904 0.0020718 
24500 0.00318069 0.00189774 
24600 0.00310484 0.00203592 
24700 0.0032282 0.00217026 
24800 0.00334188 0.0021702 
24900 0.00332846 0.00216149 
25000 0.00331514 0.00215284 
25100 0.00330194 0.00214427 
25200 0.00328883 0.00213576 
25300 0.00327583 0.00212732 
25400 0.00326294 0.00211894 
25500 0.00325014 0.00211063 
25600 0.00323745 0.00210239 
25700 0.00322485 0.00209421 
25800 0.00318113 0.00208441 
25900 0.00304968 0.00203512 
26000 0.00306792 0.00182535 
26100 0.00311869 0.00188143 
26200 0.00318736 0.00191513 
26300 0.00317542 0.00190791 
26400 0.00316339 0.00190068 
26500 0.00315146 0.00189351 
26600 0.00313961 0.00188639 
26700 0.00312785 0.00187933 
26800 0.00311618 0.00187231 
26900 0.0031046 0.00186535 
27000 0.0030931 0.00185844 
27100 0.00308169 0.00185159 
27200 0.00307036 0.00184478 
27300 0.00305761 0.00183526 
27400 0.00297191 0.00180526 
27500 0.00294691 0.00173253 
27600 0.00281535 0.00189081 
27700 0.00291945 0.00195994 
27800 0.00301394 0.00195395 
27900 0.00303679 0.00194695 
28000 0.00302595 0.00193999 
28100 0.00301518 0.00193309 
28200 0.00300449 0.00192623 
28300 0.00299387 0.00191943 
28400 0.00298333 0.00191267 
28500 0.00297286 0.00190596 
28600 0.00296247 0.00189929 
28700 0.00295215 0.00189268 
28800 0.0029419 0.00188611 
28900 0.00286321 0.00187958 
29000 0.00268119 0.00182217 
29100 0.0026213 0.00165381 
29200 0.00268403 0.00181751 
29300 0.00279217 0.00192215 
29400 0.00291984 0.00195404 
29500 0.00290994 0.00194742 
29600 0.00290011 0.00194084 
29700 0.00289035 0.0019343 
29800 0.00288065 0.00192781 
29900 0.00280268 0.00189914 
30000 0.00259635 0.00180462 
30100 0.00253123 0.00164454 
30200 0.0025589 0.00173298 
30300 0.00259481 0.00180578 
30400 0.00279067 0.0017742 
30500 0.00282982 0.00174846 
30600 0.00285249 0.00174265 
30700 0.00284319 0.00173698 
30800 0.00283396 0.00173134 
30900 0.00282479 0.00172573 
31000 0.00281568 0.00172017 
31100 0.00280385 0.00171651 
31200 0.00270549 0.00173844 
31300 0.00254314 0.00176571 
31400 0.00259778 0.00161495 
31500 0.0025592 0.00166887 
31600 0.00260627 0.00182948 
31700 0.00275918 0.00188204 
31800 0.00277735 0.00188153 
31900 0.00276865 0.00187563 
32000 0.00275999 0.00186977 
32100 0.0027514 0.00186395 
32200 0.00274285 0.00185816 
32300 0.00273436 0.00185241 
32400 0.00264435 0.00182965 
32500 0.0024554 0.00175727 
32600 0.00247539 0.00157071 
32700 0.00247222 0.00165133 
32800 0.00236887 0.00168349 
32900 0.00254676 0.00159789 
33000 0.0026965 0.00162598 
33100 0.00270333 0.00162496 
33200 0.00269518 0.00162006 
33300 0.00268709 0.0016152 
33400 0.00267905 0.00161036 
33500 0.00267105 0.00160555 
33600 0.0026631 0.00160078 
33700 0.0026552 0.00159603 
33800 0.00260196 0.00158514 
33900 0.00242598 0.00157522 
34000 0.00255234 0.001628 
34100 0.0025308 0.00148205 
34200 0.00236547 0.00174801 
34300 0.00259421 0.0018145 
34400 0.00262679 0.00181186 
34500 0.00261918 0.00180661 
34600 0.00261161 0.00180139 
34700 0.00260408 0.0017962 
34800 0.00244475 0.00177675 
34900 0.00227593 0.00168119 
35000 0.0024079 0.00155503 
35100 0.00227844 0.00159747 
35200 0.00243852 0.00160698 
35300 0.00256255 0.00158917 
35400 0.00258834 0.00157175 
35500 0.00258105 0.00156732 
35600 0.0025738 0.00156292 
35700 0.00256659 0.00155854 
35800 0.00255943 0.00155418 
35900 0.00252731 0.00155439 
36000 0.00240537 0.00156833 
36100 0.00231422 0.00155599 
36200 0.00233557 0.00149356 
36300 0.00229436 0.00153078 
36400 0.0024028 0.00167452 
36500 0.00252862 0.00172418 
36600 0.00252211 0.00171951 
36700 0.00251523 0.00171483 
36800 0.0025084 0.00171017 
36900 0.0025016 0.00170553 
37000 0.00249484 0.00170093 
37100 0.00241922 0.00167465 
37200 0.00231485 0.00156331 
37300 0.00224457 0.00135989 
37400 0.00217232 0.00150054 
37500 0.00222948 0.00156237 
37600 0.00236742 0.00153679 
37700 0.0024697 0.00150135 
37800 0.0024747 0.00149506 
37900 0.00246817 0.00149111 
38000 0.00246168 0.00148719 
38100 0.00245522 0.00148329 
38200 0.00244879 0.0014794 
38300 0.0024424 0.00147554 
38400 0.00243604 0.0014717 
38500 0.00236272 0.00147651 
38600 0.0022023 0.00152525 
38700 0.00221979 0.00145859 
38800 0.00216993 0.00136159 
38900 0.00226409 0.00148608 
39000 0.00236555 0.00156251 
39100 0.0024171 0.00157236 
39200 0.00241093 0.00156835 
39300 0.0024048 0.00156436 
39400 0.0023987 0.00156039 
39500 0.00239262 0.00155644 
39600 0.00238658 0.00155251 
39700 0.00238057 0.0015486 
39800 0.00235648 0.00154402 
39900 0.00226667 0.00151366 
40000 0.00214236 0.00139335 
40100 0.00209544 0.00131605 
40200 0.00213332 0.00140085 
40300 0.00225998 0.0014217 
40400 0.00235011 0.00139014 
40500 0.00235592 0.00139107 
40600 0.00235011 0.00138764 
40700 0.00234434 0.00138423 
40800 0.00233859 0.00138084 
40900 0.00233288 0.00137746 
41000 0.00232719 0.0013741 
41100 0.00231958 0.00136919 
41200 0.00224177 0.00138496 
41300 0.0021571 0.00136482 
41400 0.00215094 0.00129018 
41500 0.00217775 0.00136268 
41600 0.00226643 0.00141067 
41700 0.00230708 0.00142828 
41800 0.00230157 0.00142487 
41900 0.00229607 0.00142147 
42000 0.00229061 0.00141808 
42100 0.00228517 0.00141471 
42200 0.00227975 0.00141136 
42300 0.00227436 0.00140803 
42400 0.002269 0.0014047 
42500 0.00226366 0.0014014 
42600 0.0022406 0.00138239 
42700 0.00220478 0.00134426 
42800 0.00209694 0.00125798 
42900 0.00208625 0.00131234 
43000 0.00209875 0.00135796 
43100 0.00222913 0.00134586 
43200 0.00224616 0.00133948 
43300 0.00224098 0.00133639 
43400 0.00223581 0.00133331 
43500 0.00223067 0.00133024 
43600 0.00222556 0.00132719 
43700 0.00222046 0.00132416 
43800 0.00221539 0.00132113 
43900 0.00221035 0.00131812 
44000 0.0022002 0.00131696 
44100 0.0021478 0.00132299 
44200 0.00208904 0.00129936 
44300 0.00204473 0.00124828 
44400 0.00210058 0.0012808 
44500 0.00218175 0.00133024 
44600 0.0021929 0.00133005 
44700 0.002188 0.00132707 
44800 0.00218311 0.00132411 
44900 0.00217825 0.00132116 
45000 0.00217341 0.00131823 
45100 0.00216859 0.0013153 
45200 0.00216379 0.00131239 
45300 0.00215902 0.0013095 
45400 0.00215426 0.00130661 
45500 0.00214953 0.00130374 
45600 0.00214481 0.00130088 
45700 0.00213813 0.00128926 
45800 0.0021077 0.00124037 
45900 0.00205927 0.00120116 
46000 0.00203004 0.00120055 
46100 0.00202484 0.00127606 
46200 0.00209016 0.00129232 
46300 0.00212812 0.00128006 
46400 0.00212964 0.00127504 
46500 0.00212506 0.00127229 
46600 0.0021205 0.00126956 
46700 0.00211596 0.00126685 
46800 0.00211144 0.00126414 
46900 0.00210694 0.00126144 
47000 0.00210246 0.00125876 
47100 0.00209745 0.0012572 
47200 0.00203795 0.00125651 
47300 0.00197192 0.00123668 
47400 0.00191921 0.00114482 
47500 0.00193349 0.00122329 
47600 0.00207793 0.00131784 
47700 0.00208658 0.00131904 
47800 0.00208222 0.00131628 
47900 0.00207787 0.00131353 
48000 0.00207354 0.0013108 
48100 0.00206923 0.00130807 
48200 0.00206494 0.00130536 
48300 0.00206066 0.00130266 
48400 0.00205641 0.00129996 
48500 0.00204153 0.0012882 
48600 0.00195245 0.00122593 
48700 0.0018986 0.00113706 
48800 0.00184441 0.00116463 
48900 0.00193717 0.00122199 
49000 0.00200035 0.00122096 
49100 0.00204398 0.00120872 
49200 0.00203982 0.00120627 
49300 0.00203568 0.00120382 
49400 0.00203156 0.00120138 
49500 0.00202746 0.00119895 
49600 0.00202337 0.00119654 
49700 0.0020193 0.00119413 
49800 0.00201244 0.00119202 
49900 0.00198006 0.00120135 
50000 0.00190319 0.00119673 
50100 0.00188869 0.00110991 
50200 0.00190699 0.0011465 
50300 0.00198706 0.00118911 
50400 0.00200559 0.00119938 
50500 0.00200162 0.00119701 
50600 0.00199766 0.00119464 
50700 0.00199372 0.00119228 
50800 0.0019898 0.00118994 
50900 0.00198589 0.0011876 
51000 0.001982 0.00118527 
51100 0.00197812 0.00118295 
51200 0.00197425 0.00118064 
51300 0.0019704 0.00117834 
51400 0.00196657 0.00117605 
51500 0.00195633 0.00116051 
51600 0.00189992 0.00113444 
51700 0.00186808 0.00111336 
51800 0.00184215 0.0011053 
51900 0.00188693 0.00114893 
52000 0.00193517 0.00116439 
52100 0.00195525 0.00116565 
52200 0.0019515 0.00116342 
52300 0.00194777 0.00116119 
52400 0.00194405 0.00115898 
52500 0.00194035 0.00115677 
52600 0.00193666 0.00115457 
52700 0.00193299 0.00115238 
52800 0.00192932 0.0011502 
52900 0.00192568 0.00114802 
53000 0.00192204 0.00114586 
53100 0.00191842 0.0011437 
53200 0.00191482 0.00114155 
53300 0.00191123 0.00113941 
53400 0.00190765 0.00113728 
53500 0.00188606 0.00113639 
53600 0.00184098 0.00110412 
53700 0.00184858 0.0010526 
53800 0.0018677 0.00105136 
53900 0.00189177 0.00107789 
54000 0.00190145 0.00108343 
54100 0.00189872 0.00108156 
54200 0.00189522 0.00107957 
54300 0.00189173 0.00107758 
54400 0.00188825 0.0010756 
54500 0.00188479 0.00107363 
54600 0.00188134 0.00107166 
54700 0.0018779 0.0010697 
54800 0.00187447 0.00106775 
54900 0.00187106 0.0010658 
55000 0.00186766 0.00106387 
55100 0.00186427 0.00106193 
55200 0.00186089 0.00106001 
55300 0.00185752 0.00105809 
55400 0.00185417 0.00105618 
55500 0.00185083 0.00105428 
55600 0.0018475 0.00105238 
55700 0.00184418 0.0010505 
55800 0.00184042 0.0010482 
55900 0.00181063 0.00104084 
56000 0.00181311 0.0010117 
56100 0.00176243 0.00100691 
56200 0.00178018 0.00106445 
56300 0.00181224 0.00108093 
56400 0.00183561 0.0010818 
56500 0.00183236 0.00107988 
56600 0.00182912 0.00107797 
56700 0.0018259 0.00107607 
56800 0.00182268 0.00107418 
56900 0.00181948 0.00107229 
57000 0.00181629 0.00107041 
57100 0.00181311 0.00106853 
57200 0.00180994 0.00106667 
57300 0.00180678 0.00106481 
57400 0.00180363 0.00106295 
57500 0.00180049 0.0010611 
57600 0.00179737 0.00105926 
57700 0.00179425 0.00105742 
57800 0.00178304 0.00105399 
57900 0.00173732 0.00103272 
58000 0.00171008 0.000972976 
58100 0.00171081 0.0010112 
58200 0.00174428 0.00103889 
58300 0.00178093 0.0010703 
58400 0.00179015 0.00108057 
58500 0.00178709 0.00107872 
58600 0.00178404 0.00107688 
58700 0.001781 0.00107504 
58800 0.00177797 0.00107321 
58900 0.00177495 0.00107139 
59000 0.00177195 0.00106958 
59100 0.00176895 0.00106777 
59200 0.00173966 0.00105966 
59300 0.00172 0.00101048 
59400 0.00168125 0.000972597 
59500 0.0016522 0.000944732 
59600 0.00161567 0.00101694 
59700 0.00172023 0.00103568 
59800 0.00174397 0.00101969 
59900 0.00176101 0.00101471 
60000 0.00175808 0.00101302 
60100 0.00175515 0.00101134 
60200 0.00175224 0.00100966 
60300 0.00174933 0.00100798 
60400 0.00174644 0.00100631 
60500 0.00174355 0.00100465 
60600 0.00171993 0.001008 
60700 0.00160543 0.00101759 
60800 0.001596 0.000984279 
60900 0.001634 0.000958843 
61000 0.00169893 0.000999056 
61100 0.0017113 0.00102443 
61200 0.00173879 0.00104534 
61300 0.00173688 0.00104377 
61400 0.00173406 0.00104207 
61500 0.00173124 0.00104037 
61600 0.00172843 0.00103869 
61700 0.00172562 0.001037 
61800 0.00172283 0.00103532 
61900 0.00167922 0.00101412 
62000 0.00160038 0.000966186 
62100 0.00156628 0.000911852 
62200 0.00155659 0.000984771 
62300 0.00158666 0.00101549 
62400 0.00170633 0.000998897 
62500 0.00171766 0.000993316 
62600 0.00171491 0.000991729 
62700 0.00171218 0.000990148 
62800 0.00170945 0.000988571 
62900 0.00170673 0.000986999 
63000 0.00170402 0.000985433 
63100 0.0016814 0.000991691 
63200 0.00164865 0.000999485 
63300 0.00163197 0.000972364 
63400 0.00164616 0.000927252 
63500 0.00164344 0.000899888 
63600 0.00166041 0.000958569 
63700 0.0016887 0.00101027 
63800 0.00169374 0.00101177 
63900 0.00169109 0.00101019 
64000 0.00168844 0.00100861 
64100 0.00168581 0.00100704 
64200 0.00168318 0.00100547 
64300 0.00168057 0.00100391 
64400 0.00167796 0.00100235 
64500 0.00167535 0.00100079 
64600 0.00167311 0.00099889 
64700 0.00165532 0.000978688 
64800 0.00159608 0.000915908 
64900 0.00152737 0.000881273 
65000 0.00153528 0.000947057 
65100 0.00160071 0.000957911 
65200 0.0016474 0.000934485 
65300 0.00166789 0.000937463 
65400 0.00166534 0.00093603 
65500 0.0016628 0.000934601 
65600 0.00166026 0.000933176 
65700 0.00165774 0.000931756 
65800 0.00165522 0.00093034 
65900 0.00162823 0.000926098 
66000 0.00155731 0.000949431 
66100 0.00149656 0.00092714 
66200 0.00151122 0.00090873 
66300 0.0015681 0.000932285 
66400 0.00161018 0.000968007 
66500 0.00164007 0.000999105 
66600 0.00164941 0.00100271 
66700 0.00164693 0.00100121 
66800 0.00164447 0.00099971 
66900 0.00164201 0.000998216 
67000 0.00163956 0.000996726 
67100 0.00163618 0.000993891 
67200 0.00158596 0.000968204 
67300 0.00150561 0.000926006 
67400 0.00146385 0.000886746 
67500 0.0014659 0.000923989 
67600 0.0014972 0.000961103 
67700 0.00157858 0.000953489 
67800 0.00162177 0.000943295 
67900 0.00163283 0.000937742 
68000 0.00163042 0.000936363 
68100 0.00162803 0.000934988 
68200 0.00162564 0.000933617 
68300 0.00162326 0.00093225 
68400 0.00162089 0.000930887 
68500 0.00161852 0.000929528 
68600 0.00160991 0.00093186 
68700 0.00154052 0.000934454 
68800 0.0014622 0.00093549 
68900 0.00144938 0.00087366 
69000 0.00143591 0.000887518 
69100 0.00150322 0.000940273 
69200 0.00160628 0.000975443 
69300 0.00161314 0.000975912 
69400 0.00161081 0.000974506 
69500 0.00160849 0.000973104 
69600 0.00160618 0.000971706 
69700 0.00160388 0.000970312 
69800 0.00160158 0.000968921 
69900 0.00156675 0.000953206 
70000 0.00149291 0.000906283 
70100 0.00142263 0.000889899 
70200 0.00144905 0.000862649 
70300 0.00149816 0.000917312 
70400 0.001519 0.000933065 
70500 0.0015901 0.000923195 
70600 0.00159683 0.000914049 
70700 0.00159488 0.000912756 
70800 0.00159263 0.000911467 
70900 0.00159039 0.000910182 
71000 0.00158815 0.0009089 
71100 0.00158591 0.000907621 
71200 0.00157986 0.000908101 
71300 0.00151559 0.000921629 
71400 0.00142633 0.000925868 
71500 0.00143332 0.000872344 
71600 0.00142775 0.000863871 
71700 0.00142874 0.00091145 
71800 0.00150004 0.000912696 
71900 0.00157553 0.000938695 
72000 0.00158033 0.000939116 
72100 0.00157814 0.000937814 
72200 0.00157596 0.000936515 
72300 0.00157378 0.00093522 
72400 0.0015716 0.000933928 
72500 0.00156944 0.00093264 
72600 0.00156727 0.000931355 
72700 0.00154775 0.000924609 
72800 0.00148649 0.000900238 
72900 0.00139959 0.000908059 
73000 0.00135464 0.000879166 
73100 0.00136406 0.000834779 
73200 0.00137461 0.00090475 
73300 0.0013927 0.000929134 
73400 0.00151225 0.000914264 
73500 0.00156238 0.000898551 
73600 0.00156026 0.00089733 
73700 0.00155814 0.000896113 
73800 0.00155603 0.000894899 
73900 0.00155393 0.000893688 
74000 0.00155183 0.00089248 
74100 0.00154973 0.000891276 
74200 0.00154764 0.000890074 
74300 0.00154556 0.000888877 
74400 0.00154348 0.000887682 
74500 0.00154141 0.00088649 
74600 0.00153929 0.000885302 
74700 0.00148737 0.000891935 
74800 0.00141905 0.00091011 
74900 0.00137903 0.000877708 
75000 0.00142655 0.000837242 
75100 0.00139176 0.000874405 
75200 0.00137215 0.000878621 
75300 0.00144362 0.000931624 
75400 0.00153027 0.000949419 
75500 0.00153551 0.000948845 
75600 0.00153348 0.00094759 
75700 0.00153145 0.000946338 
75800 0.00152943 0.00094509 
75900 0.00152742 0.000943845 
76000 0.00152541 0.000942603 
76100 0.0015234 0.000941364 
76200 0.0015214 0.000940129 
76300 0.00151941 0.000938897 
76400 0.00148873 0.000933044 
76500 0.00140702 0.000901471 
76600 0.0013441 0.000854944 
76700 0.00135305 0.000815369 
76800 0.00131975 0.000839861 
76900 0.00134978 0.00088912 
77000 0.00139846 0.000894522 
77100 0.00148677 0.000878248 
77200 0.00151615 0.000873076 
77300 0.00151419 0.000871946 
77400 0.00151223 0.00087082 
77500 0.00151028 0.000869696 
77600 0.00150833 0.000868575 
77700 0.00150639 0.000867457 
77800 0.00150446 0.000866342 
77900 0.00150253 0.00086523 
78000 0.0015006 0.000864121 
78100 0.00149868 0.000863015 
78200 0.00149676 0.000861911 
78300 0.00149485 0.00086081 
78400 0.00149294 0.000859712 
78500 0.00147071 0.000864447 
78600 0.00141538 0.000878424 
78700 0.00132578 0.000870417 
78800 0.00134122 0.000805534 
78900 0.00133604 0.000801516 
79000 0.00133124 0.000909634 
79100 0.00140801 0.000947294 
79200 0.00148532 0.000951427 
79300 0.00148609 0.000950426 
79400 0.00148422 0.000949229 
79500 0.00148236 0.000948035 
79600 0.00148049 0.000946844 
79700 0.00147864 0.000945656 
79800 0.00147678 0.000944471 
79900 0.00147494 0.000943289 
80000 0.00147309 0.00094211 
80100 0.00147125 0.000940934 
80200 0.00146579 0.000939411 
80300 0.0014171 0.000932088 
80400 0.00135206 0.000888898 
80500 0.00129714 0.000813975 
80600 0.0013199 0.00078503 
80700 0.00131097 0.000829232 
80800 0.00131433 0.000864975 
80900 0.00139357 0.000857811 
81000 0.00146491 0.000841018 
81100 0.00146758 0.000837608 
81200 0.00146591 0.000836577 
81300 0.00146411 0.000835548 
81400 0.00146231 0.000834521 
81500 0.00146052 0.000833497 
81600 0.00145873 0.000832476 
81700 0.00145694 0.000831457 
81800 0.00145516 0.00083044 
81900 0.00145338 0.000829426 
82000 0.00145161 0.000828415 
82100 0.00144984 0.000827406 
82200 0.00144808 0.000826399 
82300 0.00144297 0.000826339 
82400 0.00141033 0.000841127 
82500 0.00135791 0.000847503 
82600 0.00131843 0.000818859 
82700 0.00132026 0.000774072 
82800 0.00133602 0.000788629 
82900 0.00139318 0.000854035 
83000 0.00143192 0.000887902 
83100 0.00143935 0.000895103 
83200 0.00143762 0.000894027 
83300 0.0014359 0.000892954 
83400 0.00143418 0.000891883 
83500 0.00143246 0.000890815 
83600 0.00143075 0.000889749 
83700 0.00142904 0.000888686 
83800 0.00142733 0.000887626 
83900 0.00142563 0.000886568 
84000 0.00142393 0.000885513 
84100 0.00142224 0.00088446 
84200 0.00142055 0.000883409 
84300 0.00141887 0.000882361 
84400 0.00141718 0.000881316 
84500 0.00141551 0.000880273 
84600 0.00141383 0.000879232 
84700 0.00133843 0.000852021 
84800 0.00129531 0.000789704 
84900 0.00126289 0.000775361 
85000 0.00123165 0.000801415 
85100 0.00125597 0.000832067 
85200 0.00133723 0.000831456 
85300 0.00140526 0.000821451 
85400 0.00141525 0.0008188 
85500 0.0014136 0.000817843 
85600 0.00141195 0.000816887 
85700 0.0014103 0.000815934 
85800 0.00140866 0.000814983 
85900 0.00140702 0.000814034 
86000 0.00140538 0.000813088 
86100 0.00140375 0.000812144 
86200 0.00140212 0.000811201 
86300 0.00140049 0.000810261 
86400 0.00139887 0.000809324 
86500 0.00139726 0.000808388 
86600 0.00139564 0.000807455 
86700 0.00139403 0.000806523 
86800 0.00139243 0.000805594 
86900 0.00135601 0.000810612 
87000 0.00127937 0.000813693 
87100 0.00124552 0.000794345 
87200 0.00124331 0.00071523 
87300 0.0012841 0.000755212 
87400 0.00133958 0.000813013 
87500 0.00137145 0.000848758 
87600 0.00138778 0.000857232 
87700 0.0013862 0.000856254 
87800 0.00138462 0.000855279 
87900 0.00138304 0.000854306 
88000 0.00138147 0.000853335 
88100 0.0013799 0.000852367 
88200 0.00137834 0.0008514 
88300 0.00137678 0.000850436 
88400 0.0013727 0.000848882 
88500 0.00132648 0.000823513 
88600 0.00130527 0.000786193 
88700 0.00126756 0.000717173 
88800 0.001298 0.000742694 
88900 0.00126723 0.000768139 
89000 0.00128286 0.000794054 
89100 0.00133434 0.000799088 
89200 0.00137128 0.000789775 
89300 0.00137411 0.000788247 
89400 0.00137257 0.000787365 
89500 0.00137104 0.000786486 
89600 0.00136951 0.000785608 
89700 0.00136798 0.000784732 
89800 0.00136646 0.000783858 
89900 0.00136494 0.000782986 
90000 0.00136342 0.000782116 
90100 0.00136191 0.000781248 
90200 0.00134348 0.000782248 
90300 0.00130271 0.00077931 
90400 0.00125948 0.000767475 
90500 0.0012471 0.000742657 
90600 0.00129359 0.000743724 
90700 0.00131647 0.000743741 
90800 0.00134698 0.000779656 
90900 0.00135559 0.000795333 
91000 0.00135427 0.000794804 
91100 0.00135278 0.000793932 
91200 0.0013513 0.000793061 
91300 0.00134982 0.000792192 
91400 0.00134834 0.000791326 
91500 0.00134687 0.000790461 
91600 0.0013454 0.000789598 
91700 0.00134393 0.000788737 
91800 0.00134247 0.000787878 
91900 0.00134101 0.00078702 
92000 0.00133955 0.000786165 
92100 0.0013381 0.000785311 
92200 0.00133665 0.00078446 
92300 0.0013352 0.00078361 
92400 0.00133375 0.000782762 
92500 0.00132821 0.00077954 
92600 0.00131317 0.000753474 
92700 0.00127401 0.000704381 
92800 0.0012402 0.000697298 
92900 0.00124693 0.00075454 
93000 0.0012822 0.000773229 
93100 0.00132314 0.000772071 
93200 0.00133327 0.000769502 
93300 0.00133184 0.000768678 
93400 0.00133042 0.000767855 
93500 0.001329 0.000767033 
93600 0.00132758 0.000766214 
93700 0.00132616 0.000765396 
93800 0.00132475 0.00076458 
93900 0.00132333 0.000763766 
94000 0.00132193 0.000762954 
94100 0.00132052 0.000762143 
94200 0.00131912 0.000761334 
94300 0.00131772 0.000760526 
94400 0.00131633 0.000759721 
94500 0.00131139 0.000759411 
94600 0.00127384 0.000759509 
94700 0.00124134 0.000732445 
94800 0.00123898 0.000698953 
94900 0.00124872 0.000686994 
95000 0.00126974 0.000742089 
95100 0.00130963 0.000777954 
95200 0.00131022 0.000777729 
95300 0.00130884 0.000776913 
95400 0.00130747 0.000776099 
95500 0.0013061 0.000775286 
95600 0.00130474 0.000774475 
95700 0.00130337 0.000773666 
95800 0.00130201 0.000772858 
95900 0.00130065 0.000772053 
96000 0.0012993 0.000771248 
96100 0.00129795 0.000770446 
96200 0.0012966 0.000769645 
96300 0.00129525 0.000768846 
96400 0.00129391 0.000768048 
96500 0.00128769 0.000762974 
96600 0.00126286 0.000730477 
96700 0.00124096 0.000693509 
96800 0.00121208 0.000710097 
96900 0.00121602 0.000684568 
97000 0.00124176 0.000703732 
97100 0.00126633 0.00071266 
97200 0.00128866 0.000711242 
97300 0.00129204 0.000709541 
97400 0.00129072 0.000708813 
97500 0.00128939 0.000708086 
97600 0.00128807 0.00070736 
97700 0.00128675 0.000706636 
97800 0.00128544 0.000705914 
97900 0.00128412 0.000705193 
98000 0.00128281 0.000704473 
98100 0.00128151 0.000703755 
98200 0.00127258 0.000704212 
98300 0.00124893 0.000703969 
98400 0.00121429 0.000681816 
98500 0.00120286 0.000658264 
98600 0.0012177 0.000684251 
98700 0.0012445 0.000740446 
98800 0.00126801 0.000772654 
98900 0.00127669 0.000774343 
99000 0.0012754 0.000773561 
99100 0.00127412 0.00077278 
99200 0.00127283 0.000772001 
99300 0.00127155 0.000771224 
99400 0.00127027 0.000770448 
99500 0.001269 0.000769674 
99600 0.00126772 0.000768901 
99700 0.00126645 0.00076813 
99800 0.00126518 0.00076736 
99900 0.00123768 0.00075651 
100000 0.00121165 0.000714138 
110000 0.00107221 0.000686737 
120000 0.0010577 0.000751203 
130000 0.00100909 0.000726293 
140000 0.00111756 0.000685717 
150000 0.00108399 0.000655073 
160000 0.00093191 0.000661075 
170000 0.00105985 0.000649722 
180000 0.00103936 0.00082368 
190000 0.000976594 0.000723844 
200000 0.000931701 0.000835172 
210000 0.000971374 0.000917785 
220000 0.000952727 0.000951229 
230000 0.000957727 0.0010539 
240000 0.000895333 0.00104574 
250000 0.00091258 0.00100751 
260000 0.000885256 0.00101676 
270000 0.000855145 0.00106442 
280000 0.000773901 0.0011291 
290000 0.00085361 0.00109514 
300000 0.000856129 0.00100077 
310000 0.000829665 0.00109835 
320000 0.000771881 0.00110126 
330000 0.000725664 0.00109622 
340000 0.000830239 0.000967556 
350000 0.000759162 0.00108144 
360000 0.000782201 0.000902907 
370000 0.000780858 0.00102598 
380000 0.000785435 0.000967788 
390000 0.000781441 0.000919658 
400000 0.000691305 0.00109271 
410000 0.000769051 0.000961738 
420000 0.000734869 0.0010119 
430000 0.000756833 0.00104384 
440000 0.000728878 0.00104207 
450000 0.000734489 0.00100471 
460000 0.000729611 0.00103929 
470000 0.000663097 0.00100264 
480000 0.000710658 0.000903804 
490000 0.000627676 0.000882355 
500000 0.000611367 0.000876536 
510000 0.000695998 0.000831624 
520000 0.000686552 0.000909209 
530000 0.000682804 0.000868637 
540000 0.000638487 0.00092997 
550000 0.000616581 0.000939065 
560000 0.00063882 0.000920922 
570000 0.000658339 0.000893776 
580000 0.000652241 0.000758563 
590000 0.000646689 0.000846352 
600000 0.000641124 0.000836786 
610000 0.000625439 0.000820415 
620000 0.000627484 0.000719509 
630000 0.000612878 0.00088333 
640000 0.000615027 0.000797156 
650000 0.000574931 0.000769885 
660000 0.000602766 0.00080199 
670000 0.000595995 0.000761337 
680000 0.000591346 0.000741053 
690000 0.000584581 0.000754884 
700000 0.000465183 0.00081793 
710000 0.000574033 0.000738872 
720000 0.000567791 0.000731786 
730000 0.000539337 0.000793837 
740000 0.00055783 0.000657074 
750000 0.000552054 0.000623873 
760000 0.000546522 0.000713207 
770000 0.00047325 0.000680898 
780000 0.000537406 0.000709338 
790000 0.000532518 0.000617599 
800000 0.000499659 0.000640971 
810000 0.000524262 0.000634777 
820000 0.000519671 0.000684261 
830000 0.000465829 0.00061225 
840000 0.000512121 0.000555994 
850000 0.000508269 0.00067532 
860000 0.000472852 0.000638024 
870000 0.00050177 0.000588173 
880000 0.000497986 0.000680322 
890000 0.000458794 0.000610341 
900000 0.000491553 0.000618623 
910000 0.000389616 0.000680821 
920000 0.000485959 0.000614915 
930000 0.000479377 0.000600091 
940000 0.000479841 0.000647337 
950000 0.00047633 0.000558136 
960000 0.000452721 0.000561318 
970000 0.000470514 0.000606854 
980000 0.000467114 0.000535373 
990000 0.000397391 0.000550277 
1000000 0.000461766 0.000565954 
1010000 0.000454389 0.000566313 
1020000 0.000398413 0.000533806 
1030000 0.000454196 0.000503855 
1040000 0.000409617 0.000579292 
1050000 0.000450004 0.000559081 
1060000 0.000411448 0.000527936 
1070000 0.000396799 0.000568839 
1080000 0.000443129 0.000525071 
1090000 0.000386725 0.000525637 
1100000 0.000419768 0.000537283 
1110000 0.000436236 0.000509357 
1120000 0.00043331 0.000503425 
1130000 0.000408643 0.000567271 
1140000 0.000429592 0.000483558 
1150000 0.000427179 0.00049328 
1160000 0.000399247 0.00056954 
1170000 0.000423219 0.000497896 
1180000 0.000420779 0.000447759 
1190000 0.0003797 0.000559257 
1200000 0.000416993 0.000474288 
1210000 0.000414687 0.000461607 
1220000 0.000403756 0.000532361 
1230000 0.000408339 0.000500318 
1240000 0.000408995 0.000503596 
1250000 0.000406733 0.000503263 
1260000 0.000404705 0.000478383 
1270000 0.000325874 0.000526049 
1280000 0.000401494 0.000478818 
1290000 0.00039944 0.000488459 
1300000 0.000397359 0.000488558 
1310000 0.00034385 0.000478937 
1320000 0.000379624 0.000461855 
1330000 0.000392627 0.000477984 
1340000 0.000350682 0.000477012 
1350000 0.000389986 0.000475881 
1360000 0.000369687 0.000460167 
1370000 0.00038732 0.000431668 
1380000 0.000385874 0.000442127 
1390000 0.000332511 0.000458093 
1400000 0.000383391 0.000457702 
1410000 0.000328121 0.000463337 
1420000 0.000382089 0.000434063 
1430000 0.000324033 0.000462264 
1440000 0.000380255 0.000459173 
1450000 0.000348698 0.000455573 
1460000 0.000379242 0.000369283 
1470000 0.000369178 0.000456038 
1480000 0.000333771 0.000454572 
1490000 0.00037684 0.000448579 
1500000 0.000346869 0.00044643 
1510000 0.000376717 0.000407507 
1520000 0.000304091 0.000442601 
1530000 0.000374929 0.000438985 
1540000 0.00034686 0.000440067 
1550000 0.000373635 0.000418943 
1560000 0.000288294 0.000434882 
1570000 0.00037178 0.000432617 
1580000 0.00029135 0.000434011 
1590000 0.000370836 0.000410161 
1600000 0.000330048 0.000434795 
1610000 0.000369495 0.000381375 
1620000 0.000367487 0.000405537 
1630000 0.0003367 0.000429621 
1640000 0.000367473 0.000389572 
1650000 0.000358775 0.000394437 
1660000 0.000309455 0.000424417 
1670000 0.000364437 0.000386299 
1680000 0.000333082 0.00039393 
1690000 0.000341593 0.000416247 
1700000 0.000349382 0.000385083 
1710000 0.000347985 0.000387118 
1720000 0.000348647 0.000411074 
1730000 0.000329525 0.00038378 
1740000 0.000342201 0.000376696 
1750000 0.000357872 0.000406412 
1760000 0.000340495 0.000371486 
1770000 0.000338443 0.000383921 
1780000 0.000333587 0.000396781 
1790000 0.000318322 0.000352714 
1800000 0.000327539 0.00036911 
1810000 0.000314648 0.000375895 
1820000 0.000324545 0.000348075 
1830000 0.000321072 0.00035936 
1840000 0.000310627 0.000358607 
1850000 0.000339836 0.000351342 
1860000 0.000312175 0.000357583 
1870000 0.000320167 0.000351611 
1880000 0.000342768 0.000340391 
1890000 0.00034311 0.000376184 
1900000 0.000298588 0.000341039 
1910000 0.000313354 0.000357435 
1920000 0.000315126 0.000367433 
1930000 0.000320589 0.000341899 
1940000 0.000300191 0.000358802 
1950000 0.000321531 0.00034408 
1960000 0.000295253 0.000355051 
1970000 0.000320701 0.000389313 
1980000 0.000343695 0.000440406 
1990000 0.000340094 0.00037713 
2000000 0.000332716 0.00039662 
2010000 0.000339983 0.000429404 
2020000 0.000339378 0.000381943 
2030000 0.000333885 0.000407603 
2040000 0.000336987 0.000419426 
2050000 0.000334673 0.000390769 
2060000 0.000334015 0.000383845 
2070000 0.000331649 0.000388381 
2080000 0.00033145 0.000413278 
2090000 0.000330166 0.000374603 
2100000 0.000328594 0.000372819 
2110000 0.00032789 0.000415381 
2120000 0.000326642 0.000352612 
2130000 0.000316988 0.000393044 
2140000 0.000311926 0.00039716 
2150000 0.000323122 0.000347444 
2160000 0.000322386 0.000404271 
2170000 0.000315535 0.000358233 
2180000 0.000319696 0.000341786 
2190000 0.000318942 0.000390982 
2200000 0.000317492 0.000389205 
2210000 0.000316056 0.000387444 
2220000 0.000314933 0.000351564 
2230000 0.000313521 0.000349988 
2240000 0.000309111 0.000383857 
2250000 0.000311363 0.000385129 
2260000 0.000310245 0.000336064 
2270000 0.000308878 0.000334583 
2280000 0.000308354 0.000383464 
2290000 0.000298988 0.00036786 
2300000 0.000305923 0.00032405 
2310000 0.00030308 0.000375766 
2320000 0.000303086 0.000375673 
2330000 0.000302955 0.000321872 
2340000 0.00030224 0.000375354 
2350000 0.000301314 0.000323944 
2360000 0.000295975 0.000367811 
2370000 0.000294852 0.000317328 
2380000 0.000294314 0.000368468 
2390000 0.000298128 0.000316999 
2400000 0.000297544 0.000366714 
2410000 0.000283618 0.000307821 
2420000 0.000267628 0.000315089 
2430000 0.000293257 0.000362644 
2440000 0.000290441 0.000314679 
2450000 0.000269773 0.000352929 
2460000 0.000271117 0.000330633 
2470000 0.000277255 0.000306299 
2480000 0.000281008 0.000349308 
2490000 0.000285417 0.000305481 
2500000 0.000289738 0.000300621 
2510000 0.000289777 0.000349554 
2520000 0.000288861 0.000295618 
2530000 0.000278392 0.000319525 
2540000 0.000275935 0.000339881 
2550000 0.000277612 0.000295246 
2560000 0.00027043 0.000336189 
2570000 0.000272156 0.0002891 
2580000 0.000269459 0.000332733 
2590000 0.0002789 0.000285035 
2600000 0.000283135 0.000338736 
2610000 0.000282265 0.00028406 
2620000 0.000281796 0.000335118 
2630000 0.000280131 0.000285208 
2640000 0.0002687 0.000322158 
2650000 0.000266538 0.000287423 
2660000 0.000260827 0.000313363 
2670000 0.000259179 0.000303029 
2680000 0.000260028 0.000297079 
2690000 0.000258305 0.000308476 
2700000 0.000252969 0.000308495 
2710000 0.000263221 0.000277875 
2720000 0.000271211 0.000326148 
2730000 0.00027483 0.000279408 
2740000 0.00026776 0.000324008 
2750000 0.000238497 0.000291111 
2760000 0.000243342 0.000269926 
2770000 0.000261085 0.000321183 
2780000 0.000255759 0.000272831 
2790000 0.000250836 0.000317273 
2800000 0.000241433 0.000318479 
2810000 0.000252888 0.000275513 
2820000 0.000257867 0.000283123 
2830000 0.000247702 0.000315874 
2840000 0.000230201 0.000293287 
2850000 0.00026457 0.000269882 
2860000 0.000254335 0.000313207 
2870000 0.00022811 0.000297166 
2880000 0.000265068 0.000263348 
2890000 0.000240946 0.000305376 
2900000 0.00026042 0.000308978 
2910000 0.000254003 0.000261759 
2920000 0.000261862 0.000261985 
2930000 0.000251546 0.000291207 
2940000 0.000264152 0.000305223 
2950000 0.000251582 0.000289274 
2960000 0.000252977 0.000259884 
2970000 0.000260639 0.000252665 
2980000 0.000250177 0.000252076 
2990000 0.000240648 0.000290491 
3000000 0.000255275 0.000299996 
3010000 0.000247437 0.000295039 
3020000 0.00025172 0.000273972 
3030000 0.000254635 0.000261213 
3040000 0.000259 0.000252017 
3050000 0.000255184 0.000253505 
3060000 0.000259256 0.000247263 
3070000 0.00024835 0.000258619 
3080000 0.000247702 0.000255806 
3090000 0.000241473 0.000269741 
3100000 0.000242707 0.000283126 
3110000 0.000241657 0.000277594 
3120000 0.000243265 0.000264205 
3130000 0.000252176 0.000229611 
3140000 0.000254895 0.000220609 
3150000 0.00025297 0.000240568 
3160000 0.000252883 0.000254799 
3170000 0.000256832 0.000259675 
3180000 0.000258079 0.000254287 
3190000 0.000255211 0.000260593 
3200000 0.000253547 0.000270554 
3210000 0.000252765 0.000278972 
3220000 0.000245192 0.000271768 
3230000 0.000244272 0.000233354 
3240000 0.000254993 0.00022067 
3250000 0.000246438 0.000264027 
3260000 0.000258445 0.000276173 
3270000 0.000251126 0.000251493 
3280000 0.000262584 0.00022114 
3290000 0.000257676 0.000262203 
3300000 0.000255173 0.000259876 
3310000 0.000261414 0.000220718 
3320000 0.000262349 0.000269171 
3330000 0.000256574 0.000228844 
3340000 0.000249359 0.000253461 
3350000 0.000250498 0.000253236 
3360000 0.000257762 0.000216285 
3370000 0.000257258 0.000263001 
3380000 0.000259275 0.000205985 
3390000 0.000259403 0.000260524 
3400000 0.000258743 0.000211728 
3410000 0.000253034 0.000256936 
3420000 0.000253599 0.000233407 
3430000 0.000250554 0.00023651 
3440000 0.000252581 0.000254529 
3450000 0.000256729 0.000211467 
3460000 0.000241013 0.000249483 
3470000 0.000252653 0.000256838 
3480000 0.000238811 0.000234784 
3490000 0.000253219 0.000203376 
3500000 0.000239947 0.000246131 
3510000 0.000247502 0.000254558 
3520000 0.000240185 0.00024182 
3530000 0.000239051 0.000206663 
3540000 0.000223862 0.00021649 
3550000 0.000226732 0.000246816 
3560000 0.000225388 0.000245266 
3570000 0.000229446 0.000223143 
3580000 0.000231584 0.000202657 
3590000 0.000223071 0.000235495 
3600000 0.000235986 0.000247092 
3610000 0.000218187 0.000231817 
3620000 0.000223473 0.000215122 
3630000 0.000224197 0.000211587 
3640000 0.000227187 0.00025274 
3650000 0.000229596 0.000252468 
3660000 0.000228035 0.000210881 
3670000 0.000231347 0.000207507 
3680000 0.00024172 0.000252531 
3690000 0.000224165 0.000231544 
3700000 0.00023667 0.000215132 
3710000 0.000242354 0.000250931 
3720000 0.000216228 0.000232091 
3730000 0.000241965 0.000212547 
3740000 0.000233715 0.000247962 
3750000 0.000227725 0.000239496 
3760000 0.000242693 0.000206477 
3770000 0.000236521 0.000215569 
3780000 0.000240111 0.000245298 
3790000 0.000235854 0.000238759 
3800000 0.000242934 0.000209387 
3810000 0.000245693 0.000200129 
3820000 0.000244096 0.000235197 
3830000 0.000242593 0.000237284 
3840000 0.00024817 0.000201299 
3850000 0.000245233 0.000230311 
3860000 0.00024236 0.00022852 
3870000 0.000248267 0.000191029 
3880000 0.000240961 0.000230568 
3890000 0.000242421 0.000234454 
3900000 0.000244308 0.000199517 
3910000 0.000238521 0.000215648 
3920000 0.000243717 0.000233977 
3930000 0.000242233 0.000209718 
3940000 0.00024511 0.00020228 
3950000 0.000244028 0.000222783 
3960000 0.000245863 0.00022275 
3970000 0.000245315 0.000213544 
3980000 0.000244163 0.000223168 
3990000 0.000241924 0.000213632 
4000000 0.00024319 0.00020876 
4010000 0.000242393 0.000207703 
4020000 0.000243525 0.000204597 
4030000 0.000241094 0.000208712 
4040000 0.000243368 0.000216151 
4050000 0.00024399 0.000215495 
4060000 0.00024391 0.000210719 
4070000 0.000242837 0.000215852 
4080000 0.000238974 0.000218562 
4090000 0.000235419 0.000217884 
4100000 0.000225902 0.000205769 
4110000 0.000230352 0.000189464 
4120000 0.000229564 0.000205123 
4130000 0.000228067 0.000218474 
4140000 0.000234838 0.000218285 
4150000 0.0002341 0.000210847 
4160000 0.000232565 0.00019754 
4170000 0.000229003 0.000208694 
4180000 0.000231265 0.000216378 
4190000 0.000233965 0.000208268 
4200000 0.000233416 0.000199883 
4210000 0.000232366 0.00020141 
4220000 0.000236898 0.000207547 
4230000 0.000234897 0.000210322 
4240000 0.000233406 0.000209558 
4250000 0.000236305 0.000204752 
4260000 0.000238469 0.000196125 
4270000 0.000240078 0.000194513 
4280000 0.000239805 0.000189991 
4290000 0.000232504 0.000207951 
4300000 0.000236753 0.000213345 
4310000 0.000235011 0.000201402 
4320000 0.000237724 0.000178414 
4330000 0.000235701 0.000182624 
4340000 0.000233012 0.000207538 
4350000 0.000234539 0.000211827 
4360000 0.00023636 0.000178935 
4370000 0.000233652 0.000185843 
4380000 0.000232967 0.000208491 
4390000 0.000235393 0.000209834 
4400000 0.00023079 0.00019081 
4410000 0.0002366 0.000175426 
4420000 0.000235425 0.000186209 
4430000 0.000239235 0.000207546 
4440000 0.000236284 0.000199293 
4450000 0.000240366 0.00017719 
4460000 0.000236465 0.000204892 
4470000 0.000234785 0.000204026 
4480000 0.000234104 0.000175436 
4490000 0.000234015 0.000176024 
4500000 0.000232054 0.00020276 
4510000 0.000232984 0.00020123 
4520000 0.000225561 0.000192302 
4530000 0.000230326 0.000174879 
4540000 0.000230331 0.000178774 
4550000 0.000228662 0.000189292 
4560000 0.000235211 0.00020067 
4570000 0.000230337 0.000191437 
4580000 0.000231556 0.000176497 
4590000 0.000230622 0.000165915 
4600000 0.000223637 0.000187897 
4610000 0.000232476 0.000197298 
4620000 0.000222309 0.000180772 
4630000 0.000229837 0.000157834 
4640000 0.000225209 0.000176031 
4650000 0.000230718 0.00019196 
4660000 0.000227577 0.000186444 
4670000 0.00022988 0.000162028 
4680000 0.000226349 0.000168686 
4690000 0.00022799 0.000185824 
4700000 0.000231712 0.000188765 
4710000 0.000230625 0.00018222 
4720000 0.00022908 0.000169318 
4730000 0.000230124 0.000163974 
4740000 0.000229537 0.000172615 
4750000 0.000233 0.000182876 
4760000 0.000232433 0.000186067 
4770000 0.000231343 0.000182855 
4780000 0.000229018 0.000165981 
4790000 0.000231694 0.000161117 
4800000 0.000228226 0.000183611 
4810000 0.000235652 0.000186512 
4820000 0.000233405 0.000182153 
4830000 0.000234481 0.000174434 
4840000 0.000235231 0.000169029 
4850000 0.000233755 0.000171935 
4860000 0.000235379 0.000176618 
4870000 0.000236383 0.000176556 
4880000 0.000236029 0.000170491 
4890000 0.000235756 0.000176742 
4900000 0.000235319 0.000172504 
4910000 0.000235214 0.000175512 
4920000 0.000234811 0.000175489 
4930000 0.000234376 0.000172125 
4940000 0.000234016 0.000172602 
4950000 0.000233543 0.000172253 
4960000 0.000233072 0.000171906 
4970000 0.000232789 0.000174299 
4980000 0.000232383 0.000174194 
4990000 0.000231923 0.000169805 
5000000 0.0002315 0.000168769 
5010000 0.000231249 0.00017221 
5020000 0.000230789 0.000171866 
5030000 0.00023033 0.000171525 
5040000 0.000229848 0.000170858 
5050000 0.00022947 0.000166294 
5060000 0.000229017 0.000165966 
5070000 0.000228565 0.000165638 
5080000 0.000228401 0.000172775 
5090000 0.000227953 0.000172435 
5100000 0.000227407 0.000161347 
5110000 0.000227109 0.000160089 
5120000 0.000226566 0.000160122 
5130000 0.000226533 0.000172438 
5140000 0.000224888 0.000168324 
5150000 0.000225699 0.000156181 
5160000 0.000224843 0.000158489 
5170000 0.000225125 0.00017202 
5180000 0.000223538 0.000159612 
5190000 0.000224307 0.000152637 
5200000 0.00022332 0.000165073 
5210000 0.000223879 0.000170508 
5220000 0.000222515 0.000166579 
5230000 0.000223073 0.00015209 
5240000 0.000222631 0.000151832 
5250000 0.000222536 0.000170778 
5260000 0.000221702 0.000169671 
5270000 0.000221738 0.000148944 
5280000 0.000221005 0.000150107 
5290000 0.00022118 0.0001666 
5300000 0.000220763 0.000166285 
5310000 0.000219327 0.000157274 
5320000 0.000219982 0.000149677 
5330000 0.000219477 0.000149957 
5340000 0.000219433 0.000166252 
5350000 0.000219023 0.000165942 
5360000 0.000218656 0.000150108 
5370000 0.000218249 0.000149829 
5380000 0.000217455 0.000152838 
5390000 0.000217734 0.000165426 
5400000 0.000215427 0.000159593 
5410000 0.000216975 0.00014415 
5420000 0.000216385 0.000144475 
5430000 0.000216454 0.000166542 
5440000 0.000212897 0.00016171 
5450000 0.000215705 0.000138014 
5460000 0.000212725 0.000152124 
5470000 0.000215191 0.000162506 
5480000 0.000213267 0.000156801 
5490000 0.000214452 0.000140551 
5500000 0.000212284 0.000147123 
5510000 0.000214021 0.000165937 
5520000 0.000209004 0.000141672 
5530000 0.000212611 0.000134794 
5540000 0.000213216 0.000164299 
5550000 0.000207355 0.000153518 
5560000 0.000212502 0.000132461 
5570000 0.000212341 0.000163752 
5580000 0.000206833 0.000158455 
5590000 0.00021173 0.000130358 
5600000 0.000210484 0.000161435 
5610000 0.000211281 0.000162186 
5620000 0.000210953 0.000132377 
5630000 0.000206767 0.000144125 
5640000 0.000210507 0.000162854 
5650000 0.00020786 0.00013748 
5660000 0.000209311 0.000131745 
5670000 0.000209739 0.000163764 
5680000 0.0002047 0.000135146 
5690000 0.000200447 0.000148779 
5700000 0.000205902 0.000160215 
5710000 0.000203652 0.000131014 
5720000 0.000207069 0.000162466 
5730000 0.000207254 0.000126416 
5740000 0.000208236 0.000162287 
5750000 0.000207734 0.000129008 
5760000 0.000199564 0.000158184 
5770000 0.000194643 0.000153633 
5780000 0.00020121 0.000126021 
5790000 0.000207183 0.000163096 
5800000 0.000202934 0.000124131 
5810000 0.000193191 0.000151799 
5820000 0.000204095 0.000159858 
5830000 0.000206167 0.000128198 
5840000 0.000205633 0.000159601 
5850000 0.000198035 0.000150314 
5860000 0.000205427 0.000124206 
5870000 0.000205038 0.000158799 
5880000 0.000199596 0.000154471 
5890000 0.000204706 0.000123967 
5900000 0.000200696 0.000158297 
5910000 0.000198801 0.000157463 
5920000 0.000204038 0.000129189 
5930000 0.000201108 0.000160729 
5940000 0.000190401 0.000152975 
5950000 0.000200677 0.000125532 
5960000 0.000203231 0.000161619 
5970000 0.000196086 0.000124896 
5980000 0.000189718 0.000145029 
5990000 0.000202106 0.000160505 
6000000 0.00020238 0.000132516 
6010000 0.000194526 0.00015725 
6020000 0.000192038 0.00015589 
6030000 0.000201667 0.000129606 
6040000 0.000197131 0.000158405 
6050000 0.000189999 0.00015502 
6060000 0.000200102 0.000131085 
6070000 0.000199469 0.000159307 
6080000 0.000186328 0.00013007 
6090000 0.000185044 0.000130063 
6100000 0.000200335 0.000158952 
6110000 0.000200115 0.000131719 
6120000 0.000185059 0.000155737 
6130000 0.000180721 0.000149686 
6140000 0.000190169 0.000122892 
6150000 0.000199422 0.000157844 
6160000 0.000191701 0.000124175 
6170000 0.000182953 0.000133035 
6180000 0.000198794 0.000157164 
6190000 0.000194465 0.000125285 
6200000 0.00018027 0.000143824 
6210000 0.000195587 0.00015646 
6220000 0.000197949 0.000128358 
6230000 0.000194189 0.000155923 
6240000 0.000185998 0.000118415 
6250000 0.000178868 0.000136171 
6260000 0.000191726 0.00015491 
6270000 0.000193804 0.000127804 
6280000 0.00019509 0.00015466 
6290000 0.000191159 0.000123065 
6300000 0.000184611 0.000146676 
6310000 0.000187261 0.000147955 
6320000 0.000192765 0.00012173 
6330000 0.000194009 0.000152949 
6340000 0.000184064 0.000115195 
6350000 0.000175907 0.000138462 
6360000 0.000192515 0.000151729 
6370000 0.000195289 0.000128393 
6380000 0.000186732 0.000150672 
6390000 0.000176342 0.000142137 
6400000 0.000182222 0.000115489 
6410000 0.000194418 0.000152492 
6420000 0.000187173 0.000124225 
6430000 0.000173282 0.000145047 
6440000 0.000176933 0.000148831 
6450000 0.000183252 0.000124786 
6460000 0.000192697 0.000151583 
6470000 0.000176747 0.000113179 
6480000 0.000171831 0.000128348 
6490000 0.000193335 0.000151013 
6500000 0.000189072 0.00012631 
6510000 0.000172151 0.000137885 
6520000 0.000192014 0.000150192 
6530000 0.000192583 0.000128749 
6540000 0.000176977 0.000140057 
6550000 0.000189527 0.00014798 
6560000 0.000192046 0.000126377 
6570000 0.000178418 0.000141601 
6580000 0.000191698 0.000147373 
6590000 0.000191424 0.000120119 
6600000 0.000179502 0.000129848 
6610000 0.000191152 0.000145569 
6620000 0.000186605 0.000111558 
6630000 0.000182026 0.000121043 
6640000 0.00019062 0.000144999 
6650000 0.000185645 0.000109949 
6660000 0.000178377 0.000123098 
6670000 0.000190076 0.00014443 
6680000 0.000186571 0.000112061 
6690000 0.000178147 0.000125669 
6700000 0.000189546 0.000144236 
6710000 0.000185618 0.000109321 
6720000 0.000179162 0.000126557 
6730000 0.000189012 0.000143977 
6740000 0.000187729 0.000116276 
6750000 0.00017861 0.000135326 
6760000 0.000184421 0.000142548 
6770000 0.000188 0.000117797 
6780000 0.000186275 0.000142228 
6790000 0.000177053 0.000128635 
6800000 0.000180947 0.000111927 
6810000 0.000187711 0.00014098 
6820000 0.000184226 0.000110799 
6830000 0.000180075 0.000120408 
6840000 0.000187155 0.000138497 
6850000 0.000186501 0.000107768 
6860000 0.000179944 0.000125316 
6870000 0.00018662 0.000137627 
6880000 0.000186229 0.000107106 
6890000 0.000177859 0.000126559 
6900000 0.000186116 0.000138768 
6910000 0.000185899 0.000110722 
6920000 0.000180597 0.000135232 
6930000 0.000178277 0.000134012 
6940000 0.000182109 0.000106123 
6950000 0.000185334 0.000138586 
6960000 0.000184274 0.000106188 
6970000 0.00017875 0.00013134 
6980000 0.000179692 0.000133369 
6990000 0.000182697 0.000107119 
7000000 0.000184264 0.000137729 
7010000 0.000176844 0.00010998 
7020000 0.000174057 0.000125271 
7030000 0.000181996 0.000135244 
7040000 0.000183901 0.000107174 
7050000 0.000180985 0.000133882 
7060000 0.000175779 0.000128531 
7070000 0.000182248 0.00010792 
7080000 0.000182611 0.000133903 
7090000 0.000177812 0.000129278 
7100000 0.000182919 0.000108008 
7110000 0.000178477 0.000130188 
7120000 0.000182457 0.000132873 
7130000 0.00018244 0.00010953 
7140000 0.000170102 0.000122122 
7150000 0.000182184 0.000132611 
7160000 0.000175968 0.000108127 
7170000 0.000174286 0.000108906 
7180000 0.000181718 0.000132306 
7190000 0.000172197 0.00012152 
7200000 0.000180405 0.000105388 
7210000 0.000180513 0.000131995 
7220000 0.000173082 0.000126168 
7230000 0.00017853 0.000105448 
7240000 0.000178781 0.000133553 
7250000 0.000168025 0.00011364 
7260000 0.000165338 0.000111657 
7270000 0.00017881 0.000135414 
7280000 0.000179335 0.000116514 
7290000 0.000163944 0.000127772 
7300000 0.00016564 0.00012368 
7310000 0.000159756 0.000105612 
7320000 0.000175807 0.000135714 
7330000 0.000167048 0.00011402 
7340000 0.000159778 0.000128953 
7350000 0.000169098 0.000125768 
7360000 0.000150743 0.000104354 
7370000 0.000176662 0.0001351 
7380000 0.00017531 0.000119616 
7390000 0.000153032 0.000133003 
7400000 0.000173104 0.000127232 
7410000 0.00015082 0.000102052 
7420000 0.000177768 0.000134537 
7430000 0.000162416 0.000108086 
7440000 0.000144526 0.000124529 
7450000 0.000164941 0.000133941 
7460000 0.000170212 0.000114892 
7470000 0.000171145 0.000133941 
7480000 0.000165524 0.000103315 
7490000 0.000153094 0.000116422 
7500000 0.000171748 0.000133538 
7510000 0.000171443 0.00011521 
7520000 0.000170274 0.000133303 
7530000 0.000161206 0.00010532 
7540000 0.000154492 0.000121774 
7550000 0.000169807 0.000132044 
7560000 0.000172226 0.000112829 
7570000 0.00017305 0.00013229 
7580000 0.000162886 0.000100821 
7590000 0.000153735 0.000120847 
7600000 0.000168773 0.000132202 
7610000 0.000170774 0.000109821 
7620000 0.000173741 0.000132053 
7630000 0.000168978 0.00010741 
7640000 0.000152952 0.000128354 
7650000 0.00015955 0.000130358 
7660000 0.000166439 0.000105795 
7670000 0.000174373 0.000131422 
7680000 0.000164143 0.000102966 
7690000 0.000154817 0.000120067 
7700000 0.00017099 0.000131002 
7710000 0.0001753 0.000109911 
7720000 0.000166866 0.000130408 
7730000 0.000160927 0.000107646 
7740000 0.000158207 0.000116515 
7750000 0.000167342 0.00012937 
7760000 0.000171516 0.000104486 
7770000 0.000173667 0.00012949 
7780000 0.000166075 0.000106179 
7790000 0.00016374 0.000105263 
7800000 0.000174227 0.000129661 
7810000 0.000174153 0.000107329 
7820000 0.000164476 0.000128408 
7830000 0.000159311 0.000116624 
7840000 0.000156911 0.00010898 
7850000 0.000167811 0.000129039 
7860000 0.000163782 0.000101964 
7870000 0.000171851 0.000128814 
7880000 0.000171279 0.00010923 
7890000 0.000168544 0.000128422 
7900000 0.000168464 0.000103139 
7910000 0.000159861 0.000125864 
7920000 0.00015732 0.000107154 
7930000 0.000155151 0.000119536 
7940000 0.000158995 0.000118896 
7950000 0.0001548 0.000116852 
7960000 0.000156602 0.000118163 
7970000 0.000157742 0.000113443 
7980000 0.000159275 0.00012027 
7990000 0.000160185 0.00011478 
8000000 0.000157195 0.000116612 
8010000 0.000154672 0.000120052 
8020000 0.000156766 0.000103252 
8030000 0.000160309 0.000124382 
8040000 0.00016484 0.000102231 
8050000 0.000163325 0.000125567 
8060000 0.000165837 9.87954e-05 
8070000 0.000161578 0.000124346 
8080000 0.000162379 9.7905e-05 
8090000 0.000157132 0.000121949 
8100000 0.000156438 0.000109311 
8110000 0.000149988 0.00012045 
8120000 0.000158998 0.00011124 
8130000 0.000149457 0.000118093 
8140000 0.000157759 0.00010855 
8150000 0.0001503 0.000121803 
8160000 0.000159702 0.000103641 
8170000 0.000149608 0.000125081 
8180000 0.000156141 0.000104137 
8190000 0.000149484 0.000125281 
8200000 0.000154752 0.000104965 
8210000 0.000155113 0.000125116 
8220000 0.000159223 0.000105109 
8230000 0.000161504 0.000124939 
8240000 0.000160906 0.00010682 
8250000 0.000159096 0.000124752 
8260000 0.000153102 0.000105436 
8270000 0.000158199 0.000124586 
8280000 0.000147516 0.000107003 
8290000 0.000152242 0.000124433 
8300000 0.000142898 0.000104938 
8310000 0.000157385 0.000124284 
8320000 0.000143642 0.000106599 
8330000 0.000163169 0.000122528 
8340000 0.00013963 0.000114922 
8350000 0.000161116 0.000110864 
8360000 0.000146427 0.00012058 
8370000 0.000154582 0.000108333 
8380000 0.000154845 0.000123748 
8390000 0.000155971 0.000109932 
8400000 0.000158668 0.000123576 
8410000 0.000159336 0.000112433 
8420000 0.000160152 0.000123392 
8430000 0.000154674 0.000110988 
8440000 0.000155471 0.000112486 
8450000 0.000153709 0.000118666 
8460000 0.000161096 0.000113474 
8470000 0.000164211 0.00012293 
8480000 0.000162067 0.000110001 
8490000 0.000159434 0.000120103 
8500000 0.000154357 0.000111247 
8510000 0.000155142 0.000107348 
8520000 0.000156639 0.000120558 
8530000 0.000162003 0.000110334 
8540000 0.00016063 0.00012223 
8550000 0.000156263 0.000108516 
8560000 0.000156774 0.00012025 
8570000 0.000151299 0.000109159 
8580000 0.000157249 0.00011249 
8590000 0.000144032 0.000117039 
8600000 0.000155211 0.000107111 
8610000 0.000151139 0.000121508 
8620000 0.000154291 0.000107345 
8630000 0.00015878 0.000121467 
8640000 0.000156237 0.000107865 
8650000 0.000153185 0.000118655 
8660000 0.00015381 0.000112178 
8670000 0.000154375 0.000103556 
8680000 0.000155178 0.000119577 
8690000 0.000158646 0.000109082 
8700000 0.000157985 0.000120836 
8710000 0.000162466 0.000106869 
8720000 0.000159503 0.00012065 
8730000 0.000160842 0.000106266 
8740000 0.000161605 0.000120476 
8750000 0.000158012 0.000107246 
8760000 0.000157936 0.000120312 
8770000 0.000154822 0.000106067 
8780000 0.000159898 0.000120159 
8790000 0.000158352 0.000107094 
8800000 0.000161953 0.000119999 
8810000 0.000160954 0.000101527 
8820000 0.000157363 0.000119853 
8830000 0.000158032 0.000102609 
8840000 0.000155021 0.000119701 
8850000 0.000153176 0.000104988 
8860000 0.000152355 0.000119549 
8870000 0.000153633 0.000107316 
8880000 0.000150876 0.000119392 
8890000 0.000150992 0.000107037 
8900000 0.000144769 0.000118883 
8910000 0.000158302 0.000104688 
8920000 0.000141593 0.000116977 
8930000 0.000161197 0.000105807 
8940000 0.000135481 0.00011526 
8950000 0.00016121 0.000108185 
8960000 0.000135295 0.00011416 
8970000 0.000160853 0.000116357 
8980000 0.000136122 0.000105303 
8990000 0.000152335 0.000118544 
9000000 0.000144357 0.000107774 
9010000 0.000164453 0.000118407 
9020000 0.000161892 0.000103291 
9030000 0.000150987 0.000118262 
9040000 0.000159345 0.00010425 
9050000 0.000135165 0.000111247 
9060000 0.000157279 0.000117818 
9070000 0.00014159 0.000108566 
9080000 0.00016105 0.000117852 
9090000 0.000159775 0.000101229 
9100000 0.000151495 0.00011772 
9110000 0.000159179 0.000104179 
9120000 0.000136521 0.000108363 
9130000 0.000155707 0.000117459 
9140000 0.000152357 0.000106437 
9150000 0.000156522 0.000117325 
9160000 0.000154818 0.000109484 
9170000 0.000134606 0.000116629 
9180000 0.000161767 0.000114191 
9190000 0.000138257 0.000105004 
9200000 0.000159299 0.000116956 
9210000 0.000161886 0.000102053 
9220000 0.000145447 0.000116826 
9230000 0.000159373 0.000114094 
9240000 0.00013909 0.000104226 
9250000 0.00016331 0.000116575 
9260000 0.00015137 0.000102481 
9270000 0.000134707 0.000113865 
9280000 0.000151629 0.000116321 
9290000 0.000158987 9.90174e-05 
9300000 0.000149326 0.000116196 
9310000 0.000160848 0.000113501 
9320000 0.000140976 0.000103732 
9330000 0.000158613 0.000115955 
9340000 0.000156356 0.000102689 
9350000 0.000135348 0.00010127 
9360000 0.000161776 0.000115704 
9370000 0.000160772 0.00010147 
9380000 0.000143365 0.00011557 
9390000 0.000151014 0.000115329 
9400000 0.000153366 0.000104921 
9410000 0.0001576 0.000115309 
9420000 0.000156417 0.000103859 
9430000 0.000138935 0.000104555 
9440000 0.000163246 0.000115053 
9450000 0.000148033 0.000106774 
9460000 0.000137352 0.000107252 
9470000 0.000161519 0.000114794 
9480000 0.000159082 0.000104279 
9490000 0.000133305 0.000109827 
9500000 0.000162478 0.000114538 
9510000 0.000150177 0.000106174 
9520000 0.000132894 0.000108008 
9530000 0.00015783 0.000114292 
9540000 0.000160871 0.000100208 
9550000 0.000134748 0.000113951 
9560000 0.000153545 0.000114053 
9570000 0.000161715 9.82645e-05 
9580000 0.0001334 0.000113856 
9590000 0.000153028 0.00011382 
9600000 0.000161692 9.84251e-05 
9610000 0.000134466 0.000113421 
9620000 0.000154762 0.000113589 
9630000 0.000161437 9.71597e-05 
9640000 0.00013295 0.000112079 
9650000 0.000158504 0.000113351 
9660000 0.000157638 9.79071e-05 
9670000 0.000132083 0.000107657 
9680000 0.000161602 0.000113115 
9690000 0.000149217 0.000100497 
9700000 0.000137215 0.00010006 
9710000 0.000159786 0.000112879 
9720000 0.000154849 0.000102967 
9730000 0.000151185 0.000101858 
9740000 0.000154156 0.000112641 
9750000 0.000155377 0.000112525 
9760000 0.000160689 9.73244e-05 
9770000 0.000131471 0.000105496 
9780000 0.00016071 0.000112293 
9790000 0.000156242 0.000103025 
9800000 0.000154816 9.96795e-05 
9810000 0.000144836 0.000112066 
9820000 0.000160225 0.000111952 
9830000 0.000148029 0.000103666 
9840000 0.000140271 0.00010269 
9850000 0.000152788 0.00011173 
9860000 0.000157662 0.000111616 
9870000 0.000147238 0.000100909 
9880000 0.00013898 0.000103937 
9890000 0.000152876 0.000111396 
9900000 0.000159567 0.000111283 
9910000 0.000152968 0.000103073 
9920000 0.000157622 9.68549e-05 
9930000 0.000137612 0.000111063 
9940000 0.000159192 0.000110951 
9950000 0.000155273 0.000108363 
9960000 0.000158709 9.41847e-05 
9970000 0.000131336 0.000110689 
9980000 0.000158829 0.000110638 
9990000 0.000154212 0.000110233 
10000000 0.000158643 9.31703e-05 
11000000 0.000141027 9.23574e-05 
12000000 0.000134149 9.708e-05 
13000000 0.000135613 9.27932e-05 
14000000 0.00012627 7.92265e-05 
15000000 0.000112384 7.52757e-05 
16000000 0.000116251 7.2281e-05 
17000000 0.0001096 7.4568e-05 
18000000 9.39867e-05 7.61117e-05 
19000000 0.000102108 6.25949e-05 
20000000 9.94227e-05 6.01586e-05 
21000000 9.3224e-05 5.55357e-05 
22000000 9.70894e-05 5.79245e-05 
23000000 9.15922e-05 5.45375e-05 
24000000 8.70848e-05 5.52015e-05 
25000000 8.82122e-05 5.24916e-05 
26000000 9.01686e-05 5.12345e-05 
27000000 8.85261e-05 4.38608e-05 
28000000 7.56928e-05 4.81704e-05 
29000000 7.28795e-05 4.42191e-05 
30000000 8.87996e-05 4.48505e-05 
31000000 8.78553e-05 4.12405e-05 
32000000 7.72e-05 4.50092e-05 
33000000 8.47547e-05 4.71212e-05 
34000000 7.35177e-05 4.45887e-05 
35000000 8.15576e-05 4.29585e-05 
36000000 8.00676e-05 4.33322e-05 
37000000 7.81826e-05 4.27135e-05 
38000000 7.83305e-05 3.67031e-05 
39000000 7.78235e-05 3.6331e-05 
40000000 7.32449e-05 4.00416e-05 
41000000 6.76253e-05 3.92294e-05 
42000000 7.47173e-05 3.86147e-05 
43000000 6.85613e-05 3.41594e-05 
44000000 7.16854e-05 3.68268e-05 
45000000 7.40269e-05 3.7443e-05 
46000000 6.64109e-05 3.73642e-05 
47000000 6.26915e-05 3.73144e-05 
48000000 6.04196e-05 3.66324e-05 
49000000 7.0017e-05 3.8382e-05 
50000000 6.12336e-05 3.69644e-05 
51000000 6.95866e-05 3.64786e-05 
52000000 5.82627e-05 3.82066e-05 
53000000 6.43418e-05 4.11491e-05 
54000000 7.20755e-05 3.5812e-05 
55000000 6.3635e-05 3.50541e-05 
56000000 6.25423e-05 3.60314e-05 
57000000 6.08718e-05 3.77652e-05 
58000000 6.70458e-05 3.46101e-05 
59000000 5.57664e-05 3.88951e-05 
60000000 5.33666e-05 3.75561e-05 
61000000 5.71439e-05 3.72513e-05 
62000000 5.40629e-05 3.37103e-05 
63000000 5.36645e-05 3.62385e-05 
64000000 5.49353e-05 4.17259e-05 
65000000 5.60656e-05 3.92955e-05 
66000000 5.91232e-05 4.31389e-05 
67000000 6.17956e-05 4.70137e-05 
68000000 6.27879e-05 4.47787e-05 
69000000 6.58543e-05 4.94766e-05 
70000000 6.41235e-05 4.75393e-05 
71000000 6.54627e-05 4.77826e-05 
72000000 6.3761e-05 5.07333e-05 
73000000 5.6931e-05 4.91036e-05 
74000000 6.52078e-05 5.0931e-05 
75000000 6.46695e-05 5.22686e-05 
76000000 5.53756e-05 5.23723e-05 
77000000 5.7874e-05 5.27404e-05 
78000000 5.88224e-05 5.11511e-05 
79000000 6.24866e-05 4.82727e-05 
80000000 5.8695e-05 4.92326e-05 
81000000 5.52146e-05 5.3486e-05 
82000000 6.09426e-05 5.34441e-05 
