0 0 0 
1 0.015883 0 
2 5.49214 0 
3 8.50586 0 
4 6.80468 0 
5 5.67057 0 
6 7.43026 0.617704 
7 6.52055 1.06216 
8 6.14669 1.06525 
9 7.13984 1.04291 
10 6.49904 1.3327 
11 6.00784 1.22164 
12 5.56685 1.45584 
13 5.17286 1.40676 
14 6.01891 1.41912 
15 5.66626 1.45987 
16 5.33461 1.51863 
17 6.03442 1.59917 
18 6.44388 1.51987 
19 7.01485 1.64423 
20 6.7513 1.71733 
21 6.53568 1.69228 
22 6.37053 1.78107 
23 6.19934 1.78256 
24 6.03484 1.71336 
25 5.80969 1.64813 
26 5.6074 1.61607 
27 5.48877 1.62564 
28 5.35724 1.57556 
29 5.18573 1.56279 
30 5.02084 1.57697 
31 4.90772 1.57243 
32 4.81084 1.53046 
33 4.69436 1.55626 
34 4.56436 1.5118 
35 4.43757 1.50339 
36 4.34021 1.4863 
37 4.56861 1.46466 
38 4.57523 1.52729 
39 4.58729 1.51571 
40 4.48297 1.48443 
41 4.38594 1.46919 
42 4.3245 1.44732 
43 4.32775 1.41443 
44 4.3753 1.38353 
45 4.30848 1.36011 
46 4.22836 1.33971 
47 4.23038 1.3212 
48 4.52457 1.29424 
49 4.67882 1.26848 
50 4.58877 1.24607 
51 4.53381 1.23138 
52 4.45746 1.25457 
53 4.39006 1.23686 
54 4.38322 1.21537 
55 4.30662 1.19367 
56 4.23895 1.18455 
57 4.18874 1.16672 
58 4.12948 1.20031 
59 4.06133 1.20178 
60 4.049 1.18545 
61 3.99225 1.17154 
62 3.93521 1.15355 
63 3.87689 1.14635 
64 3.87047 1.1383 
65 3.81694 1.12307 
66 3.77165 1.12087 
67 3.78916 1.10906 
68 3.76375 1.10517 
69 3.71822 1.09254 
70 3.69227 1.07748 
71 3.64514 1.06506 
72 3.60439 1.06796 
73 3.56208 1.06278 
74 3.55671 1.05123 
75 3.52002 1.03945 
76 3.47582 1.03695 
77 3.43154 1.02418 
78 3.40126 1.02633 
79 3.37103 1.03773 
80 3.3309 1.03435 
81 3.29824 1.02495 
82 3.25872 1.01835 
83 3.24925 1.0082 
84 3.245 1.00674 
85 3.22077 0.995994 
86 3.18559 1.00165 
87 3.17359 0.997503 
88 3.14672 0.988059 
89 3.11817 0.991757 
90 3.09385 0.98089 
91 3.07536 0.987644 
92 3.04434 0.988395 
93 3.02546 0.983729 
94 2.99789 0.974045 
95 2.97313 0.965723 
96 2.94871 0.973933 
97 2.93589 0.970034 
98 2.91405 0.963728 
99 2.89698 0.958773 
100 2.87801 0.94928 
101 2.86399 0.9486 
102 2.84492 0.9435 
103 2.81718 0.936679 
104 2.78917 0.936148 
105 2.77765 0.92818 
106 2.75485 0.923193 
107 2.7422 0.915954 
108 2.76172 0.911414 
109 2.75277 0.911324 
110 2.79305 0.905378 
111 2.76844 0.901837 
112 2.75489 0.919088 
113 2.74282 0.913023 
114 2.7223 0.907915 
115 2.70678 0.900088 
116 2.69042 0.895567 
117 2.66998 0.892448 
118 2.65379 0.884632 
119 2.64186 0.878487 
120 2.62456 0.875978 
121 2.60839 0.868797 
122 2.59218 0.864158 
123 2.58283 0.862582 
124 2.56579 0.857369 
125 2.59052 0.8509 
126 2.57516 0.847718 
127 2.5665 0.841928 
128 2.55466 0.837047 
129 2.54102 0.840944 
130 2.5303 0.834549 
131 2.52519 0.838766 
132 2.50923 0.856981 
133 2.49583 0.857412 
134 2.48791 0.851113 
135 2.46901 0.846029 
136 2.45121 0.843914 
137 2.44774 0.842146 
138 2.43713 0.838874 
139 2.42373 0.838447 
140 2.40972 0.83808 
141 2.39013 0.833834 
142 2.37678 0.836107 
143 2.36247 0.837601 
144 2.35208 0.834294 
145 2.34713 0.828941 
146 2.33123 0.82615 
147 2.31889 0.822844 
148 2.31046 0.819384 
149 2.29391 0.817188 
150 2.28032 0.816964 
151 2.27451 0.811933 
152 2.26097 0.806963 
153 2.24801 0.815082 
154 2.23778 0.814495 
155 2.23436 0.812001 
156 2.23407 0.827773 
157 2.23986 0.82967 
158 2.22847 0.825288 
159 2.22097 0.820884 
160 2.20992 0.817469 
161 2.20108 0.82327 
162 2.18847 0.819913 
163 2.18255 0.816907 
164 2.17344 0.821198 
165 2.16513 0.819436 
166 2.15762 0.815968 
167 2.14722 0.812666 
168 2.1328 0.808935 
169 2.1288 0.805141 
170 2.12545 0.801346 
171 2.11362 0.801249 
172 2.1038 0.798173 
173 2.09807 0.793645 
174 2.08881 0.791095 
175 2.08263 0.788385 
176 2.07425 0.78539 
177 2.06407 0.782264 
178 2.05306 0.77909 
179 2.06032 0.776595 
180 2.05207 0.774646 
181 2.04315 0.771587 
182 2.03593 0.767805 
183 2.02491 0.764392 
184 2.02437 0.760723 
185 2.01788 0.758321 
186 2.01109 0.75455 
187 2.00177 0.750364 
188 1.99122 0.74714 
189 1.98491 0.743281 
190 1.9756 0.739647 
191 2.01194 0.74914 
192 2.00488 0.747721 
193 1.99508 0.745571 
194 1.9892 0.741788 
195 1.98456 0.739614 
196 1.97724 0.741921 
197 1.97061 0.738036 
198 1.96199 0.745659 
199 1.95756 0.74264 
200 1.95313 0.739355 
201 1.94361 0.739929 
202 1.93407 0.742823 
203 1.92738 0.743228 
204 1.91879 0.739645 
205 1.91573 0.737954 
206 1.91783 0.735884 
207 1.91046 0.734877 
208 1.90295 0.734141 
209 1.892 0.732359 
210 1.88507 0.729683 
211 1.87714 0.728245 
212 1.86782 0.725378 
213 1.85888 0.724122 
214 1.85386 0.72267 
215 1.84879 0.719748 
216 1.84053 0.720778 
217 1.83267 0.718673 
218 1.82535 0.71599 
219 1.81846 0.721928 
220 1.81163 0.723661 
221 1.80434 0.720775 
222 1.79775 0.717534 
223 1.79287 0.717421 
224 1.78426 0.715645 
225 1.77638 0.712809 
226 1.7706 0.712108 
227 1.76452 0.711716 
228 1.75786 0.709457 
229 1.75278 0.709241 
230 1.74709 0.707985 
231 1.74179 0.712414 
232 1.73598 0.710126 
233 1.73143 0.710639 
234 1.72436 0.708898 
235 1.71973 0.707037 
236 1.71353 0.70506 
237 1.71184 0.701914 
238 1.70587 0.699004 
239 1.70149 0.696634 
240 1.69525 0.694433 
241 1.68879 0.691304 
242 1.68336 0.688999 
243 1.67462 0.689583 
244 1.66964 0.686859 
245 1.66539 0.684771 
246 1.6604 0.682779 
247 1.65921 0.688272 
248 1.65898 0.686493 
249 1.65414 0.684479 
250 1.65192 0.682825 
251 1.64536 0.681226 
252 1.64403 0.67892 
253 1.63787 0.676558 
254 1.63312 0.674432 
255 1.6267 0.671544 
256 1.61965 0.669405 
257 1.61548 0.666908 
258 1.61459 0.666475 
259 1.61135 0.663836 
260 1.60671 0.6682 
261 1.60055 0.667091 
262 1.59603 0.665884 
263 1.59061 0.664134 
264 1.59695 0.663298 
265 1.59883 0.662361 
266 1.59451 0.662098 
267 1.58954 0.659803 
268 1.5851 0.657593 
269 1.58103 0.657182 
270 1.57524 0.655769 
271 1.56919 0.653678 
272 1.56481 0.652063 
273 1.56218 0.650942 
274 1.55768 0.648919 
275 1.55223 0.647225 
276 1.54745 0.645408 
277 1.54391 0.643358 
278 1.54091 0.641544 
279 1.5373 0.639804 
280 1.53431 0.637929 
281 1.53003 0.636059 
282 1.52971 0.634337 
283 1.52664 0.633094 
284 1.52309 0.631128 
285 1.51837 0.629131 
286 1.51266 0.626882 
287 1.50851 0.627266 
288 1.50424 0.625095 
289 1.50267 0.623058 
290 1.49885 0.621546 
291 1.49428 0.619418 
292 1.49059 0.618039 
293 1.48789 0.616078 
294 1.48155 0.616519 
295 1.47788 0.615155 
296 1.47141 0.619653 
297 1.46802 0.619367 
298 1.46348 0.618607 
299 1.46057 0.61735 
300 1.45554 0.616095 
301 1.46941 0.61419 
302 1.46768 0.612271 
303 1.4633 0.610926 
304 1.45861 0.609338 
305 1.45353 0.609524 
306 1.44911 0.608345 
307 1.44723 0.606291 
308 1.44629 0.605338 
309 1.44188 0.60309 
310 1.43858 0.601151 
311 1.43443 0.599115 
312 1.44162 0.597278 
313 1.43678 0.595701 
314 1.43231 0.60356 
315 1.42712 0.601651 
316 1.42297 0.603219 
317 1.42277 0.601871 
318 1.41831 0.600208 
319 1.41551 0.59921 
320 1.41379 0.597676 
321 1.40989 0.596067 
322 1.40702 0.594844 
323 1.40391 0.59723 
324 1.40006 0.59545 
325 1.39741 0.593864 
326 1.39372 0.592371 
327 1.39149 0.592145 
328 1.38869 0.590886 
329 1.38476 0.5893 
330 1.38114 0.588171 
331 1.39699 0.586695 
332 1.39239 0.585594 
333 1.3901 0.585741 
334 1.38621 0.584139 
335 1.38966 0.582979 
336 1.39159 0.583054 
337 1.38723 0.582099 
338 1.38552 0.581435 
339 1.38241 0.580002 
340 1.37861 0.57898 
341 1.37549 0.577187 
342 1.37915 0.575374 
343 1.37727 0.575712 
344 1.37416 0.574226 
345 1.37171 0.573901 
346 1.36865 0.572317 
347 1.3653 0.571627 
348 1.36177 0.571475 
349 1.36876 0.569537 
350 1.3643 0.569466 
351 1.36099 0.567863 
352 1.35895 0.566477 
353 1.35648 0.565721 
354 1.35312 0.565785 
355 1.35073 0.564886 
356 1.35282 0.564312 
357 1.34884 0.562507 
358 1.34637 0.560979 
359 1.34284 0.56243 
360 1.33937 0.560844 
361 1.33673 0.56004 
362 1.33306 0.558999 
363 1.33057 0.557434 
364 1.32677 0.556849 
365 1.32423 0.555948 
366 1.32148 0.554914 
367 1.31685 0.553484 
368 1.32038 0.552484 
369 1.31639 0.551967 
370 1.3132 0.550528 
371 1.31138 0.54953 
372 1.30785 0.548328 
373 1.30653 0.548279 
374 1.30188 0.547788 
375 1.29956 0.546993 
376 1.29733 0.545998 
377 1.29589 0.544891 
378 1.29278 0.543475 
379 1.29396 0.543692 
380 1.29155 0.542314 
381 1.28938 0.541667 
382 1.28743 0.540324 
383 1.28551 0.5391 
384 1.28202 0.537913 
385 1.27942 0.536767 
386 1.27686 0.535354 
387 1.27443 0.534145 
388 1.27154 0.532779 
389 1.27034 0.531923 
390 1.26727 0.530567 
391 1.26416 0.529251 
392 1.26041 0.528707 
393 1.25882 0.527763 
394 1.2713 0.52743 
395 1.26832 0.526619 
396 1.26823 0.525738 
397 1.26591 0.524686 
398 1.26238 0.523546 
399 1.26117 0.522707 
400 1.25889 0.521812 
401 1.25533 0.520963 
402 1.25236 0.51967 
403 1.24956 0.51889 
404 1.24676 0.517914 
405 1.2442 0.517769 
406 1.24336 0.51682 
407 1.24147 0.517152 
408 1.2377 0.516312 
409 1.23519 0.516077 
410 1.23629 0.51486 
411 1.23409 0.514725 
412 1.23233 0.514341 
413 1.23064 0.513931 
414 1.22824 0.512841 
415 1.22649 0.51253 
416 1.22298 0.514223 
417 1.22047 0.513034 
418 1.21764 0.511636 
419 1.21596 0.510534 
420 1.21392 0.509707 
421 1.21283 0.509018 
422 1.21096 0.508231 
423 1.20864 0.509063 
424 1.20618 0.508621 
425 1.20353 0.507479 
426 1.20073 0.506889 
427 1.19753 0.506955 
428 1.19527 0.505925 
429 1.19422 0.504741 
430 1.19253 0.504239 
431 1.18946 0.503333 
432 1.18861 0.502956 
433 1.18643 0.502458 
434 1.1845 0.502041 
435 1.18138 0.501776 
436 1.17838 0.501757 
437 1.17642 0.500666 
438 1.17456 0.499471 
439 1.17357 0.504246 
440 1.17116 0.503523 
441 1.16974 0.502846 
442 1.16857 0.501711 
443 1.16593 0.500813 
444 1.16536 0.500402 
445 1.16627 0.499734 
446 1.16389 0.499911 
447 1.16203 0.499689 
448 1.15927 0.49877 
449 1.15723 0.497972 
450 1.15449 0.496674 
451 1.1566 0.495871 
452 1.15419 0.494967 
453 1.15479 0.494106 
454 1.15383 0.492967 
455 1.1514 0.49215 
456 1.14913 0.491079 
457 1.14654 0.489922 
458 1.14481 0.489343 
459 1.14328 0.488787 
460 1.14011 0.488127 
461 1.13833 0.487252 
462 1.13577 0.486226 
463 1.13596 0.485663 
464 1.13287 0.48506 
465 1.13147 0.484162 
466 1.1292 0.485212 
467 1.1272 0.484345 
468 1.12737 0.484217 
469 1.12573 0.483381 
470 1.12393 0.482546 
471 1.12156 0.481794 
472 1.12037 0.480998 
473 1.11864 0.480247 
474 1.11648 0.479571 
475 1.11562 0.479012 
476 1.11374 0.478029 
477 1.11171 0.477984 
478 1.10924 0.478172 
479 1.10842 0.477862 
480 1.10673 0.476892 
481 1.10409 0.477037 
482 1.10141 0.476096 
483 1.10002 0.475051 
484 1.0989 0.474295 
485 1.09735 0.473715 
486 1.09567 0.472787 
487 1.09333 0.472057 
488 1.09207 0.471125 
489 1.08943 0.471537 
490 1.08753 0.471192 
491 1.09247 0.470583 
492 1.09187 0.470218 
493 1.08955 0.469418 
494 1.08735 0.468284 
495 1.08505 0.467346 
496 1.08346 0.466615 
497 1.08132 0.465644 
498 1.07991 0.464963 
499 1.07755 0.464798 
500 1.07537 0.4644 
501 1.07349 0.463665 
502 1.07117 0.463058 
503 1.07011 0.463946 
504 1.06817 0.463243 
505 1.06677 0.463136 
506 1.06645 0.463258 
507 1.06506 0.462335 
508 1.06431 0.461643 
509 1.06254 0.461568 
510 1.06028 0.460927 
511 1.05915 0.460431 
512 1.05708 0.459757 
513 1.05587 0.459117 
514 1.05518 0.458667 
515 1.05489 0.45875 
516 1.05427 0.458236 
517 1.05356 0.457264 
518 1.05217 0.456357 
519 1.0514 0.455592 
520 1.04993 0.454859 
521 1.04828 0.454244 
522 1.04624 0.454177 
523 1.04556 0.453469 
524 1.04325 0.452592 
525 1.0416 0.452409 
526 1.03988 0.451565 
527 1.03909 0.451004 
528 1.03671 0.450399 
529 1.03438 0.451482 
530 1.03245 0.450956 
531 1.03037 0.450142 
532 1.02962 0.44959 
533 1.03055 0.448927 
534 1.02928 0.448265 
535 1.02736 0.447307 
536 1.02587 0.446623 
537 1.02396 0.446061 
538 1.02308 0.445607 
539 1.0224 0.448478 
540 1.02049 0.44805 
541 1.01854 0.447178 
542 1.01667 0.446423 
543 1.01548 0.445994 
544 1.0136 0.445462 
545 1.01185 0.445146 
546 1.01085 0.444461 
547 1.01004 0.444308 
548 1.00902 0.443802 
549 1.0081 0.443395 
550 1.00679 0.443041 
551 1.0053 0.442405 
552 1.00364 0.44191 
553 1.00244 0.441126 
554 1.00101 0.440538 
555 0.999061 0.439736 
556 0.996958 0.43917 
557 0.995213 0.43863 
558 0.993434 0.438285 
559 0.992992 0.43779 
560 0.991508 0.437482 
561 0.99051 0.436637 
562 0.988423 0.435984 
563 0.987113 0.43521 
564 0.985774 0.434106 
565 0.983693 0.433547 
566 0.982237 0.433108 
567 0.980433 0.433005 
568 0.979289 0.432301 
569 0.977568 0.43176 
570 0.975969 0.431396 
571 0.974467 0.430654 
572 0.973084 0.429923 
573 0.972817 0.429384 
574 0.97122 0.428614 
575 0.969542 0.427936 
576 0.967912 0.42722 
577 0.966506 0.428511 
578 0.966805 0.427887 
579 0.964801 0.427085 
580 0.963606 0.426844 
581 0.962367 0.426379 
582 0.960878 0.425553 
583 0.959315 0.425139 
584 0.957412 0.424531 
585 0.956136 0.425542 
586 0.955511 0.425001 
587 0.954416 0.424494 
588 0.952225 0.423905 
589 0.950681 0.423111 
590 0.949468 0.422951 
591 0.947757 0.42255 
592 0.946314 0.421893 
593 0.944842 0.421285 
594 0.943627 0.42044 
595 0.942107 0.419361 
596 0.941134 0.418777 
597 0.93959 0.418114 
598 0.937899 0.417219 
599 0.936626 0.41774 
600 0.935269 0.417045 
601 0.933255 0.416503 
602 0.932902 0.415738 
603 0.931706 0.415304 
604 0.930319 0.415024 
605 0.928585 0.414801 
606 0.927288 0.414148 
607 0.926486 0.413447 
608 0.92388 0.412858 
609 0.92272 0.412555 
610 0.924424 0.411926 
611 0.923302 0.411244 
612 0.921284 0.410573 
613 0.92009 0.41018 
614 0.918573 0.409513 
615 0.917163 0.408867 
616 0.914994 0.408477 
617 0.918606 0.408006 
618 0.917412 0.407512 
619 0.915726 0.406921 
620 0.913859 0.406241 
621 0.913223 0.405785 
622 0.911889 0.405082 
623 0.910459 0.405659 
624 0.909144 0.405069 
625 0.907978 0.404448 
626 0.906826 0.403777 
627 0.90499 0.402971 
628 0.903622 0.402496 
629 0.902571 0.402019 
630 0.90145 0.403317 
631 0.900393 0.402534 
632 0.899424 0.402028 
633 0.898601 0.401802 
634 0.897074 0.401236 
635 0.895857 0.400764 
636 0.895656 0.401726 
637 0.894152 0.402149 
638 0.893653 0.40151 
639 0.892409 0.401002 
640 0.890951 0.401275 
641 0.890708 0.400958 
642 0.890367 0.400203 
643 0.88916 0.399532 
644 0.889548 0.401011 
645 0.888093 0.400733 
646 0.888259 0.400107 
647 0.887174 0.399556 
648 0.886009 0.398836 
649 0.885418 0.398424 
650 0.883931 0.397917 
651 0.883117 0.397339 
652 0.882085 0.396832 
653 0.882216 0.396224 
654 0.881974 0.395695 
655 0.880798 0.395204 
656 0.880731 0.394779 
657 0.87943 0.394317 
658 0.877858 0.393836 
659 0.877331 0.393242 
660 0.876349 0.392516 
661 0.875824 0.391927 
662 0.874826 0.39129 
663 0.874041 0.390754 
664 0.873321 0.390225 
665 0.87238 0.389667 
666 0.872797 0.38912 
667 0.87152 0.38855 
668 0.870498 0.387981 
669 0.87183 0.387429 
670 0.870809 0.386521 
671 0.869476 0.386255 
672 0.869701 0.385673 
673 0.869751 0.385573 
674 0.87042 0.385013 
675 0.869255 0.384486 
676 0.868667 0.384844 
677 0.867309 0.38444 
678 0.866168 0.383805 
679 0.865189 0.383484 
680 0.864021 0.38292 
681 0.864354 0.382558 
682 0.86301 0.381691 
683 0.86224 0.381983 
684 0.861009 0.381738 
685 0.860903 0.380944 
686 0.860084 0.380502 
687 0.858797 0.379949 
688 0.857718 0.379451 
689 0.856124 0.378908 
690 0.855897 0.378411 
691 0.854649 0.377874 
692 0.853589 0.377538 
693 0.852569 0.377037 
694 0.85169 0.376456 
695 0.850801 0.375844 
696 0.849908 0.375354 
697 0.848727 0.374766 
698 0.848141 0.374283 
699 0.848833 0.373965 
700 0.846965 0.373596 
701 0.848131 0.372984 
702 0.847172 0.372447 
703 0.847614 0.372056 
704 0.847332 0.371526 
705 0.846192 0.371109 
706 0.844932 0.370586 
707 0.844215 0.370063 
708 0.84387 0.369511 
709 0.842407 0.369172 
710 0.841511 0.368498 
711 0.840307 0.368089 
712 0.839042 0.367814 
713 0.838216 0.36691 
714 0.837603 0.367427 
715 0.836723 0.367095 
716 0.836009 0.366583 
717 0.835287 0.366469 
718 0.834425 0.366332 
719 0.834157 0.366522 
720 0.833172 0.366135 
721 0.832404 0.365303 
722 0.834538 0.366463 
723 0.835488 0.366025 
724 0.834131 0.365562 
725 0.832821 0.364919 
726 0.831996 0.36467 
727 0.830584 0.36427 
728 0.82985 0.363816 
729 0.829197 0.363394 
730 0.828714 0.362845 
731 0.827837 0.362473 
732 0.82681 0.362097 
733 0.825664 0.36194 
734 0.825349 0.361489 
735 0.823721 0.361029 
736 0.823427 0.360433 
737 0.822598 0.360207 
738 0.821548 0.359931 
739 0.820878 0.359522 
740 0.819707 0.359079 
741 0.818308 0.358675 
742 0.817314 0.358149 
743 0.816522 0.357792 
744 0.815723 0.357574 
745 0.814416 0.3571 
746 0.815007 0.356718 
747 0.814386 0.35637 
748 0.813341 0.355894 
749 0.812679 0.355698 
750 0.811342 0.355154 
751 0.810449 0.354586 
752 0.80909 0.354312 
753 0.808094 0.354059 
754 0.807196 0.353608 
755 0.805665 0.35314 
756 0.804659 0.352778 
757 0.803617 0.352313 
758 0.802558 0.352378 
759 0.801834 0.351896 
760 0.800633 0.351599 
761 0.80052 0.351038 
762 0.79888 0.350537 
763 0.797766 0.350043 
764 0.796712 0.349863 
765 0.795469 0.34988 
766 0.794527 0.349379 
767 0.793875 0.349026 
768 0.793254 0.34856 
769 0.792673 0.348584 
770 0.79178 0.348119 
771 0.790734 0.347709 
772 0.790532 0.347725 
773 0.78956 0.347528 
774 0.789638 0.34797 
775 0.788524 0.348758 
776 0.788638 0.34888 
777 0.787821 0.348415 
778 0.786781 0.348227 
779 0.786375 0.347949 
780 0.786271 0.347744 
781 0.7859 0.347305 
782 0.784905 0.347233 
783 0.784536 0.347056 
784 0.783611 0.346826 
785 0.782614 0.346326 
786 0.783332 0.345954 
787 0.782711 0.345549 
788 0.782595 0.345095 
789 0.782099 0.34473 
790 0.781293 0.344309 
791 0.779913 0.344214 
792 0.778375 0.343765 
793 0.776898 0.343401 
794 0.776268 0.343078 
795 0.775732 0.342803 
796 0.774492 0.342402 
797 0.77383 0.342009 
798 0.77316 0.341622 
799 0.771682 0.341216 
800 0.771187 0.341265 
801 0.770507 0.340901 
802 0.769985 0.340473 
803 0.769166 0.339994 
804 0.768687 0.339573 
805 0.767553 0.339447 
806 0.766496 0.339013 
807 0.765654 0.338684 
808 0.764284 0.338181 
809 0.763055 0.337783 
810 0.762323 0.337707 
811 0.761221 0.338099 
812 0.760215 0.33974 
813 0.759024 0.339314 
814 0.759046 0.339091 
815 0.757911 0.338752 
816 0.75755 0.338339 
817 0.756717 0.338308 
818 0.755797 0.338052 
819 0.754908 0.337807 
820 0.753652 0.337152 
821 0.753197 0.336402 
822 0.752295 0.335959 
823 0.75103 0.335428 
824 0.75056 0.33511 
825 0.74988 0.334826 
826 0.748695 0.33469 
827 0.74928 0.334285 
828 0.74793 0.33394 
829 0.74764 0.333509 
830 0.747471 0.33336 
831 0.746939 0.333102 
832 0.746189 0.332702 
833 0.745793 0.332441 
834 0.745202 0.332186 
835 0.744715 0.331874 
836 0.744212 0.33186 
837 0.74312 0.331524 
838 0.742555 0.331267 
839 0.741695 0.331072 
840 0.740756 0.330579 
841 0.739887 0.330109 
842 0.739028 0.329661 
843 0.738253 0.32927 
844 0.737254 0.329381 
845 0.736406 0.329059 
846 0.735453 0.329187 
847 0.734454 0.328845 
848 0.734317 0.328923 
849 0.733556 0.328665 
850 0.73431 0.328344 
851 0.733487 0.327747 
852 0.733123 0.327672 
853 0.732264 0.327262 
854 0.732118 0.326874 
855 0.731533 0.3264 
856 0.730745 0.326156 
857 0.731183 0.325789 
858 0.730102 0.325632 
859 0.730397 0.325428 
860 0.72956 0.325083 
861 0.728696 0.324699 
862 0.728281 0.324233 
863 0.727507 0.323863 
864 0.726666 0.323543 
865 0.726176 0.323286 
866 0.725468 0.323943 
867 0.724471 0.323681 
868 0.723126 0.323431 
869 0.723233 0.323112 
870 0.723144 0.322866 
871 0.722403 0.322927 
872 0.721699 0.322507 
873 0.721297 0.322226 
874 0.720416 0.321894 
875 0.719593 0.32164 
876 0.719257 0.321309 
877 0.718118 0.321224 
878 0.717805 0.320929 
879 0.716996 0.320565 
880 0.717097 0.320253 
881 0.716284 0.320045 
882 0.71513 0.31996 
883 0.715242 0.319541 
884 0.714197 0.319401 
885 0.71365 0.319147 
886 0.712933 0.318808 
887 0.712542 0.318449 
888 0.711369 0.31813 
889 0.709637 0.317767 
890 0.708324 0.31741 
891 0.707956 0.317301 
892 0.707358 0.31721 
893 0.707003 0.316902 
894 0.706079 0.316664 
895 0.706086 0.316571 
896 0.706136 0.316078 
897 0.705744 0.315903 
898 0.705601 0.315607 
899 0.704795 0.315605 
900 0.704625 0.315104 
901 0.704121 0.315116 
902 0.703456 0.31502 
903 0.703064 0.314993 
904 0.702287 0.314615 
905 0.70159 0.3146 
906 0.70111 0.314274 
907 0.700754 0.313906 
908 0.699643 0.313545 
909 0.699084 0.313241 
910 0.697953 0.312854 
911 0.697838 0.313249 
912 0.697002 0.313133 
913 0.69651 0.313058 
914 0.695892 0.313143 
915 0.695147 0.313006 
916 0.694119 0.312578 
917 0.693038 0.312229 
918 0.692273 0.311889 
919 0.691677 0.311666 
920 0.691223 0.31152 
921 0.690476 0.311068 
922 0.690018 0.311 
923 0.692755 0.310659 
924 0.69212 0.310436 
925 0.691336 0.310101 
926 0.690466 0.309741 
927 0.689919 0.309732 
928 0.689351 0.309426 
929 0.688599 0.309232 
930 0.688256 0.308726 
931 0.687317 0.308797 
932 0.686811 0.308568 
933 0.686164 0.308228 
934 0.685322 0.308067 
935 0.688178 0.307469 
936 0.68768 0.307456 
937 0.687206 0.308042 
938 0.686162 0.307708 
939 0.685608 0.307567 
940 0.685082 0.307224 
941 0.6848 0.307093 
942 0.683845 0.306916 
943 0.683332 0.306608 
944 0.682609 0.306349 
945 0.681968 0.306055 
946 0.681677 0.305778 
947 0.681428 0.305564 
948 0.680802 0.305391 
949 0.680254 0.305503 
950 0.67968 0.305182 
951 0.679028 0.304861 
952 0.678315 0.304621 
953 0.677726 0.304316 
954 0.677051 0.303813 
955 0.676474 0.303402 
956 0.676076 0.303265 
957 0.681702 0.302914 
958 0.681105 0.302924 
959 0.680255 0.302682 
960 0.679592 0.302416 
961 0.680084 0.302157 
962 0.679746 0.302039 
963 0.67951 0.301722 
964 0.679014 0.301453 
965 0.678311 0.30119 
966 0.678503 0.301014 
967 0.677922 0.300923 
968 0.677913 0.301398 
969 0.677214 0.301685 
970 0.67628 0.301462 
971 0.676033 0.301248 
972 0.676139 0.301158 
973 0.675602 0.300875 
974 0.674859 0.300694 
975 0.674222 0.30052 
976 0.674209 0.300109 
977 0.673568 0.299827 
978 0.673013 0.299449 
979 0.672456 0.29923 
980 0.671456 0.298974 
981 0.670896 0.299076 
982 0.671025 0.298944 
983 0.67028 0.298659 
984 0.670666 0.298479 
985 0.669983 0.298452 
986 0.669641 0.298259 
987 0.669516 0.297957 
988 0.670283 0.297941 
989 0.66958 0.297705 
990 0.669374 0.297404 
991 0.668748 0.297224 
992 0.668029 0.297038 
993 0.667872 0.296794 
994 0.667483 0.296518 
995 0.666445 0.296291 
996 0.665384 0.295821 
997 0.66502 0.29569 
998 0.664532 0.295467 
999 0.663997 0.29537 
1000 0.664331 0.294999 
1100 0.628275 0.279303 
1200 0.594014 0.260841 
1300 0.567869 0.247837 
1400 0.552922 0.236094 
1500 0.528091 0.22308 
1600 0.504247 0.213046 
1700 0.486538 0.204133 
1800 0.46508 0.19627 
1900 0.447389 0.189611 
2000 0.430736 0.181958 
2100 0.41661 0.1752 
2200 0.403133 0.170445 
2300 0.390462 0.164884 
2400 0.378162 0.159921 
2500 0.369671 0.156275 
2600 0.35856 0.151644 
2700 0.349916 0.146578 
2800 0.340799 0.142286 
2900 0.335214 0.138809 
3000 0.32832 0.1354 
3100 0.320639 0.132628 
3200 0.313883 0.1306 
3300 0.307573 0.128351 
3400 0.301948 0.125851 
3500 0.295038 0.123357 
3600 0.290169 0.120773 
3700 0.283547 0.118639 
3800 0.278162 0.115662 
3900 0.274969 0.113539 
4000 0.270014 0.111695 
4100 0.265483 0.109253 
4200 0.260327 0.107033 
4300 0.255437 0.104749 
4400 0.250805 0.102828 
4500 0.245921 0.101099 
4600 0.242452 0.0997041 
4700 0.237999 0.0983028 
4800 0.234321 0.0966532 
4900 0.231266 0.0949618 
5000 0.22818 0.0931378 
5100 0.22565 0.0919036 
5200 0.222001 0.0904315 
5300 0.21881 0.0891836 
5400 0.215265 0.0877643 
5500 0.212502 0.0868883 
5600 0.209429 0.0859161 
5700 0.206942 0.0843047 
5800 0.204415 0.0830219 
5900 0.201862 0.0814326 
6000 0.199576 0.0807494 
6100 0.19669 0.0798275 
6200 0.194473 0.0790125 
6300 0.191713 0.078151 
6400 0.188934 0.0770495 
6500 0.186528 0.0758128 
6600 0.183848 0.0747809 
6700 0.181618 0.0740525 
6800 0.180039 0.0735991 
6900 0.178695 0.0731918 
7000 0.177253 0.0722598 
7100 0.174617 0.0711779 
7200 0.172626 0.0701269 
7300 0.170673 0.0695607 
7400 0.169003 0.069225 
7500 0.167715 0.0685298 
7600 0.165933 0.0675784 
7700 0.164195 0.0668447 
7800 0.162598 0.0663974 
7900 0.161227 0.0663223 
8000 0.159729 0.065696 
8100 0.158671 0.0656036 
8200 0.157156 0.0651294 
8300 0.15546 0.0647504 
8400 0.154208 0.0642536 
8500 0.152888 0.0640939 
8600 0.150978 0.0637872 
8700 0.149196 0.0630366 
8800 0.149442 0.0621882 
8900 0.148267 0.0612645 
9000 0.1473 0.060544 
9100 0.146046 0.0599553 
9200 0.14515 0.0594957 
9300 0.143883 0.0586399 
9400 0.142687 0.0580668 
9500 0.141288 0.0579832 
9600 0.140402 0.0576462 
9700 0.139442 0.0571636 
9800 0.138051 0.0567517 
9900 0.137229 0.0563731 
10000 0.136045 0.0560581 
10100 0.135314 0.0559893 
10200 0.134665 0.0557859 
10300 0.133712 0.0554606 
10400 0.133539 0.0548725 
10500 0.132303 0.0544403 
10600 0.131616 0.0539844 
10700 0.130934 0.0536877 
10800 0.129895 0.0534817 
10900 0.12954 0.0531257 
11000 0.128566 0.052918 
11100 0.128037 0.0525232 
11200 0.127483 0.0523296 
11300 0.127207 0.05213 
11400 0.127023 0.0517677 
11500 0.126738 0.0510266 
11600 0.125477 0.050515 
11700 0.124856 0.0502353 
11800 0.123912 0.0498799 
11900 0.123321 0.0495241 
12000 0.122681 0.049141 
12100 0.121643 0.0488797 
12200 0.121253 0.0485304 
12300 0.121069 0.0481296 
12400 0.12049 0.0478624 
12500 0.11988 0.0477228 
12600 0.119037 0.0476542 
12700 0.118618 0.0473266 
12800 0.117524 0.0471452 
12900 0.117151 0.046883 
13000 0.116272 0.0464865 
13100 0.115805 0.0464572 
13200 0.114967 0.0462057 
13300 0.114417 0.0458843 
13400 0.113744 0.0455833 
13500 0.112762 0.0452315 
13600 0.111977 0.0450135 
13700 0.111305 0.0447066 
13800 0.110534 0.0445084 
13900 0.110284 0.0442228 
14000 0.109993 0.0440532 
14100 0.1095 0.0439074 
14200 0.108916 0.0437546 
14300 0.108731 0.0433576 
14400 0.108172 0.0431979 
14500 0.107313 0.0429353 
14600 0.106564 0.042664 
14700 0.105912 0.0424598 
14800 0.105236 0.0423071 
14900 0.104719 0.0421262 
15000 0.104701 0.0416389 
15100 0.103709 0.0411965 
15200 0.103322 0.0409301 
15300 0.102555 0.0406753 
15400 0.102178 0.0403737 
15500 0.102025 0.0402128 
15600 0.101519 0.0400639 
15700 0.101199 0.0399147 
15800 0.100552 0.0397335 
15900 0.100011 0.0395154 
16000 0.0999351 0.0394545 
16100 0.0996472 0.0393636 
16200 0.0995392 0.039283 
16300 0.0991278 0.0391802 
16400 0.098707 0.0389257 
16500 0.0986609 0.0389073 
16600 0.0984932 0.0387595 
16700 0.0980764 0.0386488 
16800 0.0977724 0.0384271 
16900 0.0972648 0.0382396 
17000 0.09674 0.0379145 
17100 0.0960035 0.0377585 
17200 0.0956519 0.0375069 
17300 0.0954462 0.0373329 
17400 0.095091 0.037085 
17500 0.0947618 0.0366722 
17600 0.0941618 0.0365087 
17700 0.0935509 0.0364555 
17800 0.0932415 0.0366869 
17900 0.0929015 0.0366822 
18000 0.0924574 0.0367413 
18100 0.0921515 0.0366984 
18200 0.092123 0.0366207 
18300 0.091886 0.0365082 
18400 0.0915266 0.0362928 
18500 0.0915378 0.0361681 
18600 0.0914527 0.0360106 
18700 0.0912045 0.0358199 
18800 0.0907785 0.035605 
18900 0.0904828 0.0355598 
19000 0.0901844 0.0355259 
19100 0.0895123 0.0354003 
19200 0.0888678 0.0352047 
19300 0.0882072 0.0351882 
19400 0.0877355 0.0350002 
19500 0.0872202 0.0348713 
19600 0.0869256 0.0347195 
19700 0.0864384 0.0346168 
19800 0.0862095 0.0345297 
19900 0.08579 0.0344099 
20000 0.0854412 0.0341789 
20100 0.0853048 0.0340013 
20200 0.0850797 0.0337897 
20300 0.0846908 0.0336823 
20400 0.0843504 0.0335983 
20500 0.084153 0.033726 
20600 0.0837062 0.0334466 
20700 0.083533 0.033373 
20800 0.0831258 0.0331438 
20900 0.0825379 0.0329406 
21000 0.0824804 0.0326662 
21100 0.0823668 0.0324401 
21200 0.0821828 0.0323684 
21300 0.0819084 0.0322899 
21400 0.0817235 0.0323368 
21500 0.0814265 0.0323882 
21600 0.081141 0.0323933 
21700 0.0807435 0.032233 
21800 0.080518 0.0321402 
21900 0.0804474 0.032082 
22000 0.0801934 0.0319476 
22100 0.0800698 0.0319459 
22200 0.0798869 0.0318568 
22300 0.0797525 0.0317208 
22400 0.0798198 0.0316487 
22500 0.0798408 0.0314225 
22600 0.0797106 0.0312318 
22700 0.0795788 0.0310683 
22800 0.0791657 0.0309354 
22900 0.0789579 0.030792 
23000 0.0788742 0.0308209 
23100 0.0787019 0.0307737 
23200 0.0786038 0.0307076 
23300 0.0782894 0.0306225 
23400 0.0779416 0.0305551 
23500 0.077584 0.0304577 
23600 0.0770097 0.0303452 
23700 0.0766102 0.0303783 
23800 0.076535 0.0303155 
23900 0.0761763 0.030232 
24000 0.0761005 0.0302444 
24100 0.0758759 0.0301704 
24200 0.0758365 0.0300778 
24300 0.0757598 0.0299358 
24400 0.0755188 0.0298067 
24500 0.075456 0.0297868 
24600 0.0752755 0.0297438 
24700 0.0751503 0.0296372 
24800 0.0750065 0.0294372 
24900 0.0745089 0.0292624 
25000 0.0743705 0.0292054 
25100 0.0740974 0.0292082 
25200 0.0737218 0.0290786 
25300 0.0732908 0.0289408 
25400 0.0729675 0.028926 
25500 0.072792 0.0287839 
25600 0.072792 0.0287833 
25700 0.0728384 0.0286384 
25800 0.0726139 0.028523 
25900 0.072255 0.0283847 
26000 0.0719314 0.0282567 
26100 0.0716996 0.0282163 
26200 0.071417 0.0280898 
26300 0.0712809 0.0279356 
26400 0.0708876 0.0277556 
26500 0.0706883 0.027623 
26600 0.07056 0.0273744 
26700 0.0703948 0.0273253 
26800 0.0702897 0.0271407 
26900 0.0700839 0.0269638 
27000 0.0699027 0.0271015 
27100 0.0698948 0.0270794 
27200 0.069622 0.0270901 
27300 0.0692859 0.0270736 
27400 0.0692302 0.0270228 
27500 0.0690949 0.0269507 
27600 0.0688111 0.0268217 
27700 0.0688427 0.0267699 
27800 0.0689106 0.0267001 
27900 0.0685162 0.0266293 
28000 0.0684108 0.0265214 
28100 0.0681868 0.0264306 
28200 0.0679412 0.0263486 
28300 0.0676379 0.0262077 
28400 0.067437 0.0260777 
28500 0.0673403 0.0260481 
28600 0.0671781 0.0259668 
28700 0.0671183 0.0258488 
28800 0.0669201 0.0257748 
28900 0.0668631 0.0259016 
29000 0.0667286 0.0258457 
29100 0.0664488 0.0258124 
29200 0.0663631 0.0257159 
29300 0.066114 0.0256329 
29400 0.0658017 0.0254883 
29500 0.0657453 0.025399 
29600 0.065542 0.0253648 
29700 0.0654002 0.0252264 
29800 0.0652172 0.0251382 
29900 0.065089 0.0252575 
30000 0.0647878 0.0252998 
30100 0.0647634 0.0253764 
30200 0.0645762 0.0253879 
30300 0.064413 0.0254097 
30400 0.064366 0.0253719 
30500 0.0642652 0.0252857 
30600 0.064054 0.0252564 
30700 0.0640254 0.0251763 
30800 0.0638693 0.0251455 
30900 0.0639468 0.0250734 
31000 0.0637053 0.0249794 
31100 0.0634782 0.0249352 
31200 0.0633713 0.0248704 
31300 0.0632073 0.0247382 
31400 0.0631008 0.0247244 
31500 0.0629469 0.0247086 
31600 0.0627189 0.0246186 
31700 0.0624461 0.0245592 
31800 0.0624689 0.0245075 
31900 0.0622104 0.0244968 
32000 0.0620307 0.0244754 
32100 0.061771 0.0244552 
32200 0.0616149 0.0243454 
32300 0.0613457 0.0242381 
32400 0.0612299 0.0242309 
32500 0.0610922 0.0241714 
32600 0.0609244 0.0241116 
32700 0.0608882 0.0240483 
32800 0.06065 0.0239812 
32900 0.060748 0.0238789 
33000 0.0607504 0.0237748 
33100 0.0607454 0.0236472 
33200 0.0606621 0.0235267 
33300 0.0606594 0.0234846 
33400 0.060629 0.023351 
33500 0.0604998 0.0232573 
33600 0.0603561 0.0231665 
33700 0.0603602 0.0232282 
33800 0.0602568 0.0230697 
33900 0.060194 0.0230378 
34000 0.0600656 0.0229349 
34100 0.0598914 0.0228985 
34200 0.0599261 0.0228067 
34300 0.0598322 0.0227822 
34400 0.0595923 0.0228508 
34500 0.0594289 0.022748 
34600 0.0593794 0.0226941 
34700 0.0592126 0.022642 
34800 0.0591811 0.0226129 
34900 0.0590945 0.0226291 
35000 0.0588062 0.0226573 
35100 0.0587343 0.0226868 
35200 0.0585234 0.0226218 
35300 0.0583065 0.0225805 
35400 0.0582203 0.0226344 
35500 0.0582612 0.0226236 
35600 0.058191 0.0225525 
35700 0.0580879 0.0224876 
35800 0.0579847 0.0224728 
35900 0.057921 0.0224392 
36000 0.0577889 0.0224292 
36100 0.0575672 0.0224276 
36200 0.0574268 0.0224377 
36300 0.0573584 0.0223662 
36400 0.0572214 0.0223593 
36500 0.0570214 0.0223243 
36600 0.0568257 0.0222878 
36700 0.0567356 0.0222063 
36800 0.0565923 0.0221588 
36900 0.0565127 0.0221555 
37000 0.0565066 0.022145 
37100 0.0564446 0.0221482 
37200 0.0564478 0.0221014 
37300 0.0563927 0.0220503 
37400 0.0562869 0.0219767 
37500 0.0562321 0.0219707 
37600 0.0561764 0.0219021 
37700 0.0561797 0.0218111 
37800 0.0560927 0.0217266 
37900 0.0560153 0.0216058 
38000 0.0558595 0.0214761 
38100 0.0556806 0.0214293 
38200 0.055463 0.0212977 
38300 0.0551166 0.0212444 
38400 0.0549725 0.0212268 
38500 0.0549489 0.0212223 
38600 0.0548939 0.0211141 
38700 0.054825 0.0209965 
38800 0.0548128 0.0209476 
38900 0.0547588 0.0209106 
39000 0.0546833 0.0208253 
39100 0.0545697 0.0207995 
39200 0.0544673 0.0208291 
39300 0.054378 0.0208778 
39400 0.0542374 0.020913 
39500 0.054069 0.0209327 
39600 0.0540074 0.0208976 
39700 0.0538755 0.0208354 
39800 0.0537168 0.020777 
39900 0.053574 0.0207235 
40000 0.0533787 0.0207173 
40100 0.0533049 0.0206756 
40200 0.0531184 0.0207499 
40300 0.0530011 0.0207232 
40400 0.0528793 0.0205814 
40500 0.0529381 0.0205582 
40600 0.0528493 0.020547 
40700 0.0527681 0.0204825 
40800 0.0526012 0.0204629 
40900 0.0525016 0.0203874 
41000 0.0524227 0.0203566 
41100 0.0523778 0.0203042 
41200 0.0523813 0.0202587 
41300 0.0521876 0.0201947 
41400 0.0521052 0.0200842 
41500 0.052063 0.020084 
41600 0.0520111 0.0200964 
41700 0.0518577 0.019995 
41800 0.0519475 0.0199758 
41900 0.051759 0.020016 
42000 0.0517254 0.0200284 
42100 0.0515492 0.0200719 
42200 0.0515441 0.0200452 
42300 0.0514427 0.0199559 
42400 0.0512924 0.0199364 
42500 0.0511875 0.0198496 
42600 0.0510501 0.0199015 
42700 0.0508565 0.0198675 
42800 0.050607 0.0197837 
42900 0.0506539 0.0197581 
43000 0.0506118 0.0196955 
43100 0.0506161 0.0195937 
43200 0.050397 0.0195146 
43300 0.0503841 0.0195083 
43400 0.0503244 0.0194498 
43500 0.050297 0.0194381 
43600 0.050231 0.0192841 
43700 0.0500634 0.0192006 
43800 0.0499401 0.0191668 
43900 0.0498908 0.0191237 
44000 0.0498423 0.0190733 
44100 0.0498154 0.0190544 
44200 0.0498296 0.0190135 
44300 0.0498489 0.019071 
44400 0.0498366 0.0190633 
44500 0.0498244 0.019088 
44600 0.0498653 0.0191577 
44700 0.0498609 0.0191054 
44800 0.0498341 0.0191745 
44900 0.0497157 0.0191115 
45000 0.0496494 0.0190629 
45100 0.0495591 0.0190331 
45200 0.0493276 0.0190148 
45300 0.0491974 0.0189806 
45400 0.0491006 0.0190154 
45500 0.04893 0.0189792 
45600 0.048966 0.0189807 
45700 0.048922 0.018957 
45800 0.0488182 0.0188884 
45900 0.0488212 0.0188657 
46000 0.0486556 0.0188945 
46100 0.048607 0.0188433 
46200 0.0485408 0.0187943 
46300 0.0484944 0.0187848 
46400 0.0483026 0.0187798 
46500 0.0482184 0.0187515 
46600 0.0479619 0.0187133 
46700 0.0479487 0.0186974 
46800 0.0479612 0.0186747 
46900 0.047884 0.0186879 
47000 0.0478802 0.018592 
47100 0.0477242 0.0186347 
47200 0.0477027 0.0185987 
47300 0.0476512 0.0185918 
47400 0.0475036 0.0184983 
47500 0.0473302 0.018376 
47600 0.0473089 0.018311 
47700 0.0472229 0.0182508 
47800 0.0471945 0.0181687 
47900 0.0470662 0.0181873 
48000 0.0470165 0.0181783 
48100 0.0468602 0.0181767 
48200 0.04679 0.0181656 
48300 0.0467254 0.0180946 
48400 0.0465267 0.0181039 
48500 0.0464512 0.0180947 
48600 0.0464768 0.0180868 
48700 0.0464604 0.0180885 
48800 0.0464901 0.0180699 
48900 0.0463481 0.0180731 
49000 0.046333 0.0180721 
49100 0.0462954 0.0181539 
49200 0.0462449 0.0181512 
49300 0.0463072 0.0181711 
49400 0.0463303 0.0181712 
49500 0.0463101 0.0180946 
49600 0.0462991 0.0181189 
49700 0.0462424 0.0180983 
49800 0.0461532 0.0180292 
49900 0.0460194 0.0179617 
50000 0.0459618 0.0178909 
50100 0.045849 0.017905 
50200 0.0457546 0.0179635 
50300 0.045612 0.0179698 
50400 0.0456123 0.017974 
50500 0.0455383 0.0179523 
50600 0.0453671 0.0179322 
50700 0.0453307 0.0179087 
50800 0.0451711 0.0179052 
50900 0.0449954 0.0178566 
51000 0.0449789 0.0178322 
51100 0.0449866 0.0178084 
51200 0.0449557 0.0177836 
51300 0.0449106 0.0177657 
51400 0.0448807 0.0177467 
51500 0.0448169 0.0176921 
51600 0.0448598 0.0176464 
51700 0.0448631 0.0176077 
51800 0.0448594 0.017565 
51900 0.044872 0.0175461 
52000 0.0448077 0.0175425 
52100 0.0448023 0.017557 
52200 0.0447736 0.0174946 
52300 0.0447971 0.0174537 
52400 0.0448637 0.0174439 
52500 0.044924 0.0174538 
52600 0.044839 0.0174202 
52700 0.0448483 0.017435 
52800 0.0447815 0.0174391 
52900 0.0448054 0.0174184 
53000 0.044743 0.0174011 
53100 0.0446769 0.0173547 
53200 0.0446244 0.0173257 
53300 0.0446143 0.0172941 
53400 0.0445163 0.0173014 
53500 0.0443977 0.0173213 
53600 0.0442832 0.0172653 
53700 0.0441933 0.0172363 
53800 0.0441079 0.0171863 
53900 0.0439461 0.0171551 
54000 0.043913 0.0170876 
54100 0.0437978 0.0170327 
54200 0.0437392 0.0170383 
54300 0.0437477 0.0169979 
54400 0.0435679 0.0169522 
54500 0.0434861 0.0169608 
54600 0.0433969 0.016928 
54700 0.0433127 0.0168722 
54800 0.043265 0.016898 
54900 0.0431961 0.0168244 
55000 0.0431014 0.0168047 
55100 0.0430111 0.0167514 
55200 0.0429863 0.0167691 
55300 0.0429182 0.016759 
55400 0.04281 0.01672 
55500 0.0427846 0.0167087 
55600 0.0427532 0.0166522 
55700 0.04263 0.0166674 
55800 0.0425364 0.0166319 
55900 0.0425344 0.016576 
56000 0.0424869 0.016516 
56100 0.0423964 0.0165492 
56200 0.0423842 0.0164917 
56300 0.0423853 0.0164815 
56400 0.0423024 0.0164532 
56500 0.0422461 0.0164884 
56600 0.0421203 0.016451 
56700 0.0420616 0.0164587 
56800 0.0420334 0.0163968 
56900 0.0419674 0.0164175 
57000 0.0418841 0.0163767 
57100 0.0419147 0.0163692 
57200 0.0418769 0.0163359 
57300 0.0417683 0.0163488 
57400 0.0416791 0.01637 
57500 0.0415389 0.016331 
57600 0.0414452 0.0163307 
57700 0.0412945 0.0163047 
57800 0.0412339 0.0162897 
57900 0.0412058 0.0162601 
58000 0.0412353 0.0162488 
58100 0.0411943 0.0162045 
58200 0.0412047 0.0162092 
58300 0.0412787 0.0161915 
58400 0.0412266 0.0161459 
58500 0.0411629 0.0160892 
58600 0.0411578 0.0160625 
58700 0.0410882 0.0160446 
58800 0.0410309 0.0159282 
58900 0.0409498 0.0159048 
59000 0.0409675 0.0158472 
59100 0.0409263 0.0157916 
59200 0.040938 0.0158155 
59300 0.0409178 0.0158424 
59400 0.0408842 0.0158399 
59500 0.0408457 0.0158782 
59600 0.0408247 0.0158366 
59700 0.0407293 0.0157813 
59800 0.0406372 0.0157358 
59900 0.0405327 0.015735 
60000 0.0404709 0.0156911 
60100 0.0404763 0.0156304 
60200 0.0403658 0.015572 
60300 0.0403164 0.0155843 
60400 0.0402827 0.0155516 
60500 0.0403077 0.0155574 
60600 0.040306 0.015585 
60700 0.0402379 0.0155762 
60800 0.0401409 0.0155321 
60900 0.0399998 0.0155204 
61000 0.0398961 0.0155241 
61100 0.039829 0.0155791 
61200 0.0398158 0.0155867 
61300 0.0397836 0.015582 
61400 0.0397491 0.015578 
61500 0.0398092 0.0155709 
61600 0.0397163 0.0155316 
61700 0.039761 0.0154859 
61800 0.0397978 0.0154532 
61900 0.0397752 0.015439 
62000 0.0397939 0.015371 
62100 0.0397689 0.0153818 
62200 0.0397285 0.0153234 
62300 0.0396847 0.0152823 
62400 0.0396803 0.0152684 
62500 0.0395881 0.0152611 
62600 0.0395 0.0152511 
62700 0.0393898 0.0152293 
62800 0.0392992 0.0152122 
62900 0.0392221 0.0151857 
63000 0.0391409 0.0152027 
63100 0.0389805 0.0152212 
63200 0.038864 0.0152719 
63300 0.0387822 0.0152384 
63400 0.0387182 0.0152181 
63500 0.0386004 0.0152093 
63600 0.0385053 0.0152142 
63700 0.0384289 0.0151859 
63800 0.0383323 0.0151728 
63900 0.0383544 0.0151575 
64000 0.0383197 0.0151024 
64100 0.0382567 0.0151156 
64200 0.0383027 0.0151134 
64300 0.0383605 0.0150738 
64400 0.0383034 0.0150634 
64500 0.038259 0.0150215 
64600 0.0381948 0.0150068 
64700 0.0382388 0.0149999 
64800 0.0382437 0.0149983 
64900 0.0383038 0.0149592 
65000 0.0383263 0.0148705 
65100 0.0383014 0.0148459 
65200 0.0382955 0.0148373 
65300 0.0382112 0.0148218 
65400 0.0381879 0.0147829 
65500 0.038185 0.0147414 
65600 0.0381804 0.0146978 
65700 0.0381096 0.0146605 
65800 0.0380701 0.0146489 
65900 0.0380577 0.0146015 
66000 0.0381382 0.0146062 
66100 0.0380685 0.014596 
66200 0.0381048 0.0145991 
66300 0.038146 0.0145643 
66400 0.0381571 0.0145682 
66500 0.0380724 0.0145675 
66600 0.0380326 0.0145638 
66700 0.0380119 0.0145843 
66800 0.0379638 0.0145935 
66900 0.0379719 0.0146249 
67000 0.0379227 0.0146083 
67100 0.0378746 0.0145829 
67200 0.037788 0.0145842 
67300 0.0376413 0.0145927 
67400 0.0374923 0.0146032 
67500 0.037472 0.0145901 
67600 0.0374184 0.0145358 
67700 0.0373186 0.0145132 
67800 0.0372193 0.0145349 
67900 0.0371295 0.0145241 
68000 0.0370372 0.0144746 
68100 0.0369881 0.01447 
68200 0.0369554 0.0144558 
68300 0.0369591 0.0144593 
68400 0.0369059 0.0144914 
68500 0.036855 0.0144984 
68600 0.0367473 0.0144883 
68700 0.0366879 0.0144807 
68800 0.0366565 0.0145137 
68900 0.0365479 0.0145356 
69000 0.0365357 0.0145267 
69100 0.0364936 0.014507 
69200 0.0365017 0.0145073 
69300 0.0364527 0.0144921 
69400 0.0363961 0.0144915 
69500 0.0363338 0.0144507 
69600 0.0362723 0.0144086 
69700 0.0362492 0.014367 
69800 0.0362083 0.0143397 
69900 0.0362205 0.0142746 
70000 0.0361535 0.0142304 
70100 0.0361252 0.0142052 
70200 0.0360493 0.0142166 
70300 0.0360604 0.0141653 
70400 0.0359661 0.0141804 
70500 0.0358863 0.0141551 
70600 0.0357869 0.0141339 
70700 0.0357476 0.014104 
70800 0.0357422 0.0140552 
70900 0.0357329 0.0140256 
71000 0.0357033 0.0139944 
71100 0.0355993 0.0139746 
71200 0.035515 0.0139395 
71300 0.0354568 0.0139342 
71400 0.035449 0.0139024 
71500 0.0353735 0.0139117 
71600 0.0352993 0.0138842 
71700 0.0352456 0.0138702 
71800 0.035257 0.0138681 
71900 0.0352521 0.0138629 
72000 0.0352176 0.0138667 
72100 0.0351521 0.0138745 
72200 0.0351939 0.0138755 
72300 0.0352102 0.0139009 
72400 0.0352079 0.0138937 
72500 0.0351648 0.0139093 
72600 0.0350825 0.0138889 
72700 0.0351101 0.0138947 
72800 0.0350594 0.0139113 
72900 0.0350363 0.0139058 
73000 0.0349607 0.0138798 
73100 0.0349106 0.0138736 
73200 0.0349222 0.0138583 
73300 0.0348789 0.0138319 
73400 0.0349314 0.0138037 
73500 0.0349532 0.0137536 
73600 0.0349835 0.0137444 
73700 0.0349526 0.0137396 
73800 0.0349196 0.0136908 
73900 0.0349492 0.0137454 
74000 0.0349235 0.0137594 
74100 0.0348906 0.0137472 
74200 0.0348604 0.0137259 
74300 0.0348268 0.0137046 
74400 0.0347962 0.0136872 
74500 0.034772 0.0136788 
74600 0.0347551 0.0136559 
74700 0.0347086 0.0135961 
74800 0.034657 0.0135747 
74900 0.0345614 0.013577 
75000 0.0344953 0.0135826 
75100 0.0344167 0.0135829 
75200 0.0343272 0.0136214 
75300 0.0343548 0.013644 
75400 0.0343622 0.0136498 
75500 0.0343556 0.0136385 
75600 0.0344094 0.0135796 
75700 0.0343858 0.0135788 
75800 0.0343223 0.0135405 
75900 0.0343412 0.0135276 
76000 0.0343505 0.0135185 
76100 0.0343251 0.0135183 
76200 0.0343063 0.0134808 
76300 0.0342846 0.0135129 
76400 0.0343266 0.0134959 
76500 0.0343213 0.0134851 
76600 0.0342828 0.0134731 
76700 0.0342726 0.0134584 
76800 0.0342132 0.0134515 
76900 0.0342212 0.0134385 
77000 0.0342306 0.0134001 
77100 0.0342205 0.0133485 
77200 0.0341659 0.0133166 
77300 0.0340574 0.0132625 
77400 0.0340825 0.0132223 
77500 0.0340213 0.0131983 
77600 0.0339467 0.0131848 
77700 0.0338894 0.0131737 
77800 0.0338213 0.013118 
77900 0.0337359 0.0130933 
78000 0.0336879 0.0130592 
78100 0.0336758 0.0130195 
78200 0.0336348 0.0129846 
78300 0.0335394 0.0129447 
78400 0.0335134 0.0128929 
78500 0.0334886 0.012901 
78600 0.0334236 0.0128565 
78700 0.0334022 0.0128147 
78800 0.0333692 0.0128453 
78900 0.0333203 0.0128307 
79000 0.0333044 0.0127999 
79100 0.0332405 0.012771 
79200 0.0332157 0.0127255 
79300 0.0332183 0.0127021 
79400 0.0331787 0.0127125 
79500 0.0331445 0.0127421 
79600 0.0330759 0.012779 
79700 0.0331179 0.0127343 
79800 0.0330826 0.0127821 
79900 0.0331071 0.0127976 
80000 0.0331049 0.0128154 
80100 0.0330756 0.0128063 
80200 0.0331128 0.0127958 
80300 0.0330936 0.0128033 
80400 0.0330973 0.0128114 
80500 0.0331017 0.0128236 
80600 0.0330297 0.0128323 
80700 0.0330135 0.0128106 
80800 0.0329955 0.0127817 
80900 0.032957 0.0127756 
81000 0.0329436 0.0127541 
81100 0.0329161 0.0127748 
81200 0.0328765 0.0127691 
81300 0.0328074 0.0127287 
81400 0.0327488 0.0126963 
81500 0.0326775 0.0126339 
81600 0.0326708 0.0125987 
81700 0.0326441 0.0126035 
81800 0.0326238 0.0126028 
81900 0.0326226 0.0125416 
82000 0.0325819 0.0125751 
82100 0.0325446 0.0125746 
82200 0.032516 0.0125321 
82300 0.0325223 0.0125146 
82400 0.0325638 0.0125473 
82500 0.0325294 0.0125431 
82600 0.032495 0.0125318 
82700 0.0324846 0.0125329 
82800 0.0324026 0.0124905 
82900 0.0323874 0.0125065 
83000 0.0323563 0.0124942 
83100 0.0323395 0.012454 
83200 0.0322938 0.012417 
83300 0.0322366 0.0124345 
83400 0.0321856 0.012406 
83500 0.0321399 0.012402 
83600 0.0320829 0.0124037 
83700 0.0320611 0.0124335 
83800 0.0319615 0.0123914 
83900 0.0319186 0.0123792 
84000 0.0319166 0.0123785 
84100 0.0318365 0.0123516 
84200 0.0317815 0.0123877 
84300 0.0317734 0.0123689 
84400 0.0317785 0.0123505 
84500 0.0317315 0.012317 
84600 0.0317172 0.0123201 
84700 0.031679 0.0123001 
84800 0.0316069 0.0122842 
84900 0.0315253 0.0122967 
85000 0.0314485 0.0122909 
85100 0.0314607 0.0122601 
85200 0.0314309 0.0122433 
85300 0.0314166 0.0122352 
85400 0.0314091 0.0122482 
85500 0.0313932 0.0121876 
85600 0.0313322 0.0122025 
85700 0.0313139 0.0122501 
85800 0.0312491 0.012249 
85900 0.0311613 0.0122334 
86000 0.0311323 0.0121961 
86100 0.0310899 0.0121583 
86200 0.0310941 0.0121392 
86300 0.0310809 0.012113 
86400 0.0310226 0.0120669 
86500 0.0310288 0.012064 
86600 0.0309586 0.0120707 
86700 0.0309619 0.0120791 
86800 0.0309783 0.0121081 
86900 0.0309859 0.0121486 
87000 0.0309776 0.0121293 
87100 0.0309458 0.01211 
87200 0.0309378 0.0120959 
87300 0.0308614 0.0120403 
87400 0.030872 0.0120211 
87500 0.0308692 0.0119895 
87600 0.0308878 0.0119751 
87700 0.0309049 0.0120111 
87800 0.0309 0.0119737 
87900 0.0308973 0.0119614 
88000 0.0308691 0.0119043 
88100 0.0308807 0.0118968 
88200 0.0308531 0.0118836 
88300 0.0307998 0.01188 
88400 0.0307372 0.0118462 
88500 0.0306576 0.0118057 
88600 0.0306861 0.0117839 
88700 0.0306448 0.0118108 
88800 0.0306068 0.0118084 
88900 0.0305787 0.0118082 
89000 0.030564 0.0117928 
89100 0.0306047 0.0117781 
89200 0.0305967 0.0117837 
89300 0.0305294 0.0118317 
89400 0.0305149 0.0118597 
89500 0.0304872 0.0118623 
89600 0.0304735 0.0118738 
89700 0.0304283 0.0118958 
89800 0.0303894 0.0119219 
89900 0.0303932 0.0119093 
90000 0.0303444 0.0119104 
90100 0.0303485 0.0119199 
90200 0.0303278 0.0119427 
90300 0.0302411 0.0119438 
90400 0.0302073 0.0119131 
90500 0.0301935 0.011901 
90600 0.0301866 0.0118843 
90700 0.0301522 0.0118947 
90800 0.0301227 0.0118433 
90900 0.030072 0.0118276 
91000 0.0300815 0.0118177 
91100 0.0300894 0.0118347 
91200 0.0301109 0.0118509 
91300 0.0300892 0.0118525 
91400 0.0300801 0.0118429 
91500 0.0300999 0.0118399 
91600 0.0300676 0.0118421 
91700 0.0300748 0.0118383 
91800 0.0300147 0.0118747 
91900 0.0299958 0.0118986 
92000 0.0298798 0.0118833 
92100 0.0298434 0.0118598 
92200 0.0297949 0.0118744 
92300 0.0297627 0.0118625 
92400 0.0297663 0.0118321 
92500 0.0297732 0.0118352 
92600 0.029752 0.0118326 
92700 0.0297228 0.0118212 
92800 0.0297315 0.0118047 
92900 0.0297071 0.0118092 
93000 0.0296261 0.0118298 
93100 0.0295867 0.0118375 
93200 0.0295565 0.0118385 
93300 0.0295659 0.0118402 
93400 0.029518 0.0118275 
93500 0.029494 0.0118088 
93600 0.029422 0.0118 
93700 0.0294126 0.0117716 
93800 0.0293696 0.0117682 
93900 0.029321 0.0117268 
94000 0.0292928 0.0117133 
94100 0.0292457 0.0116786 
94200 0.0292317 0.0116561 
94300 0.0292173 0.0116064 
94400 0.0291993 0.0115966 
94500 0.0292267 0.011561 
94600 0.0292398 0.0115497 
94700 0.029212 0.011508 
94800 0.029235 0.011482 
94900 0.0291961 0.0114462 
95000 0.0291209 0.0114107 
95100 0.0291085 0.0114221 
95200 0.0290886 0.0114439 
95300 0.0291022 0.0114626 
95400 0.0290697 0.011492 
95500 0.0290583 0.0115241 
95600 0.0290557 0.0115525 
95700 0.02903 0.011578 
95800 0.0289563 0.011571 
95900 0.0289215 0.0115852 
96000 0.0288557 0.011589 
96100 0.0288512 0.0115882 
96200 0.0287525 0.0115828 
96300 0.0286974 0.0115983 
96400 0.0286907 0.0116092 
96500 0.0286776 0.0115963 
96600 0.0286213 0.0115912 
96700 0.0285976 0.0115824 
96800 0.028525 0.0115608 
96900 0.0284902 0.0115629 
97000 0.0285068 0.011545 
97100 0.0285746 0.011522 
97200 0.028617 0.0115293 
97300 0.0286754 0.0115227 
97400 0.0287062 0.0114884 
97500 0.0287126 0.0114775 
97600 0.0287158 0.0114816 
97700 0.028724 0.0114711 
97800 0.0287161 0.0114487 
97900 0.0287279 0.0114369 
98000 0.0287274 0.0114451 
98100 0.028733 0.0114251 
98200 0.0287627 0.0114232 
98300 0.0287629 0.0114304 
98400 0.0287491 0.0114263 
98500 0.0287223 0.0114462 
98600 0.0287645 0.0114172 
98700 0.0287737 0.0114015 
98800 0.0287341 0.011413 
98900 0.0286875 0.0113976 
99000 0.0286748 0.011395 
99100 0.0286272 0.0113959 
99200 0.0286017 0.0113862 
99300 0.0286004 0.0113662 
99400 0.0285425 0.0113491 
99500 0.0284989 0.0113159 
99600 0.0284961 0.0112955 
99700 0.0284885 0.0112548 
99800 0.0284838 0.0112255 
99900 0.0284825 0.0112251 
100000 0.0284471 0.0111942 
110000 0.0262473 0.0103096 
120000 0.0247573 0.00951772 
130000 0.0232281 0.00939826 
140000 0.0227325 0.00867136 
150000 0.0216172 0.00850456 
160000 0.0203461 0.00797703 
170000 0.0198965 0.00772781 
180000 0.0191588 0.00739378 
190000 0.0185386 0.00709626 
200000 0.0174587 0.00707281 
210000 0.0168165 0.00684233 
220000 0.0164349 0.00655434 
230000 0.0159934 0.00628998 
240000 0.015726 0.00601252 
250000 0.0150669 0.00593742 
260000 0.0148699 0.00580111 
270000 0.0145028 0.00573298 
280000 0.0138104 0.00538912 
290000 0.0134597 0.00522587 
300000 0.0133181 0.00516197 
310000 0.0130346 0.00512244 
320000 0.0129217 0.00498089 
330000 0.0126553 0.00495627 
340000 0.0122733 0.0050716 
350000 0.0121304 0.0048464 
360000 0.0119242 0.00472816 
370000 0.0115163 0.0046398 
380000 0.0114755 0.0044956 
390000 0.0113861 0.00458383 
400000 0.0111605 0.00438722 
410000 0.0108386 0.00433544 
420000 0.0107482 0.00414396 
430000 0.0105723 0.00410618 
440000 0.0104722 0.00394496 
450000 0.010263 0.00402802 
460000 0.0100055 0.0039924 
470000 0.00986354 0.00394933 
480000 0.00969914 0.00388174 
490000 0.00954366 0.00384827 
500000 0.00954056 0.00377126 
510000 0.00935363 0.00377999 
520000 0.00938669 0.00370809 
530000 0.00905322 0.00368267 
540000 0.00908561 0.00378729 
550000 0.00895401 0.00361572 
560000 0.00884672 0.00356739 
570000 0.00867109 0.00355194 
580000 0.00859643 0.00349018 
590000 0.00850163 0.00343739 
600000 0.00838931 0.0033687 
610000 0.00829278 0.00336304 
620000 0.00824359 0.0032495 
630000 0.0080255 0.00322369 
640000 0.00789697 0.00329303 
650000 0.00806001 0.00327775 
660000 0.00787935 0.00322582 
670000 0.00783118 0.00311666 
680000 0.00778189 0.00312214 
690000 0.00764016 0.00307421 
700000 0.00765995 0.00310232 
710000 0.00754193 0.00304575 
720000 0.00740949 0.00307857 
730000 0.00731655 0.00302447 
740000 0.0073468 0.0029546 
750000 0.00728947 0.00292876 
760000 0.00709918 0.00293891 
770000 0.00703847 0.00286218 
780000 0.0069251 0.00282323 
790000 0.00682074 0.00282883 
800000 0.00684036 0.00285482 
810000 0.00672211 0.00283928 
820000 0.00678882 0.00279483 
830000 0.00663412 0.00277763 
840000 0.00654542 0.0027483 
850000 0.00657055 0.00270224 
860000 0.00650963 0.00270192 
870000 0.00635644 0.00269038 
880000 0.00635377 0.00260782 
890000 0.00634923 0.00256562 
900000 0.00634046 0.00255055 
910000 0.00619344 0.002612 
920000 0.00618384 0.00263723 
930000 0.00616177 0.00259106 
940000 0.00609763 0.00249571 
950000 0.00604748 0.0024732 
960000 0.00596295 0.00251707 
970000 0.00586761 0.00254997 
980000 0.00592645 0.00250859 
990000 0.00582307 0.00248363 
1000000 0.00586223 0.00250091 
1010000 0.00581887 0.0024755 
1020000 0.0057529 0.00236162 
1030000 0.00576212 0.00234189 
1040000 0.00562614 0.00237594 
1050000 0.00564816 0.00237947 
1060000 0.00559176 0.00231362 
1070000 0.00551315 0.00227553 
1080000 0.00558092 0.00219247 
1090000 0.00547496 0.00214881 
1100000 0.00542164 0.00226302 
1110000 0.00541559 0.0022032 
1120000 0.00528502 0.00222804 
1130000 0.00527275 0.0022077 
1140000 0.00530233 0.00217909 
1150000 0.00525513 0.00214492 
1160000 0.00524128 0.00219718 
1170000 0.00512592 0.00222658 
1180000 0.00516465 0.00221024 
1190000 0.00516 0.00215769 
1200000 0.00506981 0.00209141 
1210000 0.00512277 0.00211949 
1220000 0.00506883 0.00208276 
1230000 0.00505445 0.00207546 
1240000 0.00493898 0.00209218 
1250000 0.00491365 0.00207553 
1260000 0.0048619 0.00204498 
1270000 0.00481882 0.00203019 
1280000 0.00485155 0.00202272 
1290000 0.00488835 0.00207059 
1300000 0.0048319 0.00206957 
1310000 0.00475874 0.00203756 
1320000 0.00469038 0.00200395 
1330000 0.00471108 0.00199351 
1340000 0.00467548 0.00206587 
1350000 0.00467182 0.0020395 
1360000 0.00467392 0.00199349 
1370000 0.00464441 0.00196684 
1380000 0.00460463 0.0019807 
1390000 0.00460325 0.00203015 
1400000 0.00459003 0.00201418 
1410000 0.00459482 0.00201812 
1420000 0.00446392 0.00196864 
1430000 0.00448838 0.00188974 
1440000 0.00451669 0.0019098 
1450000 0.00452062 0.00193898 
1460000 0.00438607 0.00196357 
1470000 0.00438957 0.00189985 
1480000 0.00441544 0.00192537 
1490000 0.00440075 0.00185823 
1500000 0.00432221 0.00186034 
1510000 0.00428623 0.00185659 
1520000 0.00430687 0.00184355 
1530000 0.00427835 0.00178706 
1540000 0.00422425 0.00180444 
1550000 0.00420783 0.0018832 
1560000 0.00408356 0.00186338 
1570000 0.00416759 0.00178996 
1580000 0.00422457 0.00185023 
1590000 0.00417998 0.00184588 
1600000 0.00413992 0.00184185 
1610000 0.0041427 0.00180267 
1620000 0.00415481 0.00184746 
1630000 0.00406299 0.00183191 
1640000 0.00400776 0.0017292 
1650000 0.00401573 0.00173274 
1660000 0.00402748 0.00174144 
1670000 0.00398511 0.00176531 
1680000 0.00395216 0.00174858 
1690000 0.0039546 0.00172754 
1700000 0.00394945 0.0017229 
1710000 0.0039004 0.00174902 
1720000 0.0038918 0.00174947 
1730000 0.00391276 0.0017174 
1740000 0.00390104 0.00172527 
1750000 0.00394537 0.00172127 
1760000 0.00386793 0.00175211 
1770000 0.00378898 0.00172492 
1780000 0.00379371 0.00165518 
1790000 0.00385427 0.00165735 
1800000 0.00382984 0.00175257 
1810000 0.0037461 0.00172004 
1820000 0.00374938 0.0016284 
1830000 0.00382009 0.0016474 
1840000 0.00379281 0.00166322 
1850000 0.00372546 0.00161165 
1860000 0.00368581 0.00161707 
1870000 0.00370464 0.00165119 
1880000 0.00371368 0.00160474 
1890000 0.00372436 0.00160431 
1900000 0.00373298 0.00164781 
1910000 0.00367997 0.00164045 
1920000 0.00360026 0.0016044 
1930000 0.00360929 0.00156434 
1940000 0.00366321 0.00152167 
1950000 0.00363381 0.00152738 
1960000 0.00357627 0.00157255 
1970000 0.00353812 0.00157659 
1980000 0.00357368 0.0016016 
1990000 0.00359447 0.00157329 
2000000 0.00353662 0.00158994 
2010000 0.00351766 0.00158336 
2020000 0.0034823 0.00155714 
2030000 0.00352389 0.00153754 
2040000 0.00347507 0.00152611 
2050000 0.00345794 0.00151101 
2060000 0.00342735 0.00152617 
2070000 0.00341299 0.00155653 
2080000 0.00344448 0.00158121 
2090000 0.00342716 0.00155874 
2100000 0.00341986 0.00150978 
2110000 0.00340737 0.00151306 
2120000 0.0033779 0.00153996 
2130000 0.00344162 0.00154069 
2140000 0.0033626 0.00153418 
2150000 0.00335284 0.00154525 
2160000 0.0033425 0.0015305 
2170000 0.00333861 0.00149021 
2180000 0.00334522 0.00146738 
2190000 0.00335801 0.00146383 
2200000 0.00333249 0.00147477 
2210000 0.00328961 0.00146485 
2220000 0.00324832 0.00144768 
2230000 0.00323476 0.00144902 
2240000 0.00327907 0.00149193 
2250000 0.00323274 0.00150602 
2260000 0.00320491 0.00152099 
2270000 0.00317315 0.0015135 
