4000
3999 : 2 0 1 999
3998 : 0 999
3996 : 0 998
3994 : 0 997
3991 : 2 0 1 995
3990 : 0 995
3987 : 2 0 1 993
3986 : 0 993
3985 : 2 0 1 992
3984 : 0 992
3983 : 2 0 1 991
3981 : 2 0 1 990
3980 : 0 990
3979 : 2 0 1 989
3978 : 0 989
3977 : 2 0 1 988
3976 : 0 988
3975 : 2 0 1 987
3973 : 2 0 1 986
3972 : 0 986
3971 : 2 0 1 985
3969 : 2 0 1 984
3968 : 0 984
3963 : 2 0 1 981
3962 : 0 981
3961 : 2 0 1 980
3960 : 0 980
3958 : 0 979
3957 : 2 0 1 978
3954 : 0 977
3953 : 2 0 1 976
3952 : 0 976
3951 : 2 0 1 975
3947 : 2 0 1 973
3945 : 2 0 1 972
3944 : 0 972
3942 : 0 971
3939 : 2 0 1 969
3938 : 0 969
3936 : 0 968
3935 : 2 0 1 967
3933 : 2 0 1 966
3928 : 0 964
3927 : 2 0 1 963
3923 : 2 0 1 961
3922 : 0 961
3921 : 2 0 1 960
3920 : 0 960
3919 : 2 0 1 959
3918 : 0 959
3916 : 0 958
3912 : 0 956
3911 : 2 0 1 955
3910 : 0 955
3908 : 0 954
3907 : 2 0 1 953
3905 : 2 0 1 952
3904 : 0 952
3903 : 2 0 1 951
3898 : 0 949
3897 : 2 0 1 948
3894 : 0 947
3892 : 0 946
3891 : 2 0 1 945
3889 : 2 0 1 944
3888 : 0 944
3886 : 0 943
3884 : 0 942
3882 : 0 941
3881 : 2 0 1 940
3880 : 0 940
3879 : 2 0 1 939
3877 : 2 0 1 938
3875 : 2 0 1 937
3873 : 2 0 1 936
3871 : 2 0 1 935
3869 : 2 0 1 934
3868 : 0 934
3865 : 2 0 1 932
3861 : 2 0 1 930
3860 : 0 930
3859 : 2 0 1 929
3853 : 2 0 1 926
3849 : 2 0 1 924
3848 : 0 924
3847 : 2 0 1 923
3845 : 2 0 1 922
3844 : 0 922
3839 : 2 0 1 919
3838 : 0 919
3837 : 2 0 1 918
3835 : 2 0 1 917
3834 : 0 917
3832 : 0 916
3831 : 2 0 1 915
3829 : 2 0 1 914
3827 : 2 0 1 913
3824 : 0 912
3823 : 2 0 1 911
3822 : 0 911
3821 : 2 0 1 910
3820 : 0 910
3817 : 2 0 1 908
3816 : 0 908
3815 : 2 0 1 907
3814 : 0 907
3813 : 2 0 1 906
3812 : 0 906
3810 : 0 905
3808 : 0 904
3802 : 0 901
3800 : 0 900
3799 : 2 0 1 899
3798 : 0 899
3796 : 0 898
3858 : 0 929
3795 : 2 0 1 897
3793 : 2 0 1 896
3791 : 2 0 1 895
3790 : 0 895
3788 : 0 894
3787 : 2 0 1 893
3784 : 0 892
3783 : 2 0 1 891
3782 : 0 891
3781 : 2 0 1 890
3777 : 2 0 1 888
3776 : 0 888
3775 : 2 0 1 887
3773 : 2 0 1 886
3772 : 0 886
3769 : 2 0 1 884
3768 : 0 884
3766 : 0 883
3763 : 2 0 1 881
3762 : 0 881
3761 : 2 0 1 880
3760 : 0 880
3759 : 2 0 1 879
3758 : 0 879
3755 : 2 0 1 877
3754 : 0 877
3751 : 2 0 1 875
3748 : 0 874
3747 : 2 0 1 873
3743 : 2 0 1 871
3742 : 0 871
3741 : 2 0 1 870
3740 : 0 870
3738 : 0 869
3734 : 0 867
3732 : 0 866
3730 : 0 865
3729 : 2 0 1 864
3727 : 2 0 1 863
3725 : 2 0 1 862
3724 : 0 862
3723 : 2 0 1 861
3722 : 0 861
3721 : 2 0 1 860
3720 : 0 860
3719 : 2 0 1 859
3714 : 0 857
3712 : 0 856
3711 : 2 0 1 855
3710 : 0 855
3709 : 2 0 1 854
3708 : 0 854
3707 : 2 0 1 853
3706 : 0 853
3705 : 2 0 1 852
3704 : 0 852
3703 : 2 0 1 851
3700 : 0 850
3698 : 0 849
3697 : 2 0 1 848
3696 : 0 848
3694 : 0 847
3692 : 0 846
3691 : 2 0 1 845
3684 : 0 842
3739 : 2 0 1 869
3683 : 2 0 1 841
3682 : 0 841
3681 : 2 0 1 840
3680 : 0 840
3679 : 2 0 1 839
3676 : 0 838
3673 : 2 0 1 836
3672 : 0 836
3671 : 2 0 1 835
3670 : 0 835
3668 : 0 834
3667 : 2 0 1 833
3664 : 0 832
3659 : 2 0 1 829
3658 : 0 829
3655 : 2 0 1 827
3654 : 0 827
3652 : 0 826
3779 : 2 0 1 889
3648 : 0 824
3646 : 0 823
3645 : 2 0 1 822
3644 : 0 822
3995 : 2 0 1 997
3643 : 2 0 1 821
3639 : 2 0 1 819
3638 : 0 819
3636 : 0 818
3635 : 2 0 1 817
3634 : 0 817
3633 : 2 0 1 816
3632 : 0 816
3631 : 2 0 1 815
3629 : 2 0 1 814
3626 : 0 813
3625 : 2 0 1 812
3624 : 0 812
3623 : 2 0 1 811
3622 : 0 811
3621 : 2 0 1 810
3620 : 0 810
3618 : 0 809
3617 : 2 0 1 808
3616 : 0 808
3614 : 0 807
3608 : 0 804
3606 : 0 803
3605 : 2 0 1 802
3601 : 2 0 1 800
3598 : 0 799
3596 : 0 798
3594 : 0 797
3592 : 0 796
3591 : 2 0 1 795
3588 : 0 794
3587 : 2 0 1 793
3586 : 0 793
3585 : 2 0 1 792
3584 : 0 792
3583 : 2 0 1 791
3581 : 2 0 1 790
3580 : 0 790
3579 : 2 0 1 789
3577 : 2 0 1 788
3575 : 2 0 1 787
3574 : 0 787
3571 : 2 0 1 785
3570 : 0 785
3852 : 0 926
3569 : 2 0 1 784
3567 : 2 0 1 783
3566 : 0 783
3565 : 2 0 1 782
3563 : 2 0 1 781
3562 : 0 781
3561 : 2 0 1 780
3560 : 0 780
3557 : 2 0 1 778
3556 : 0 778
3555 : 2 0 1 777
3553 : 2 0 1 776
3552 : 0 776
3549 : 2 0 1 774
3548 : 0 774
3547 : 2 0 1 773
3546 : 0 773
3543 : 2 0 1 771
3895 : 2 0 1 947
3542 : 0 771
3539 : 2 0 1 769
3538 : 0 769
3537 : 2 0 1 768
3536 : 0 768
3535 : 2 0 1 767
3534 : 0 767
3533 : 2 0 1 766
3530 : 0 765
3528 : 0 764
3524 : 0 762
3518 : 0 759
3929 : 2 0 1 964
3517 : 2 0 1 758
3792 : 0 896
3516 : 0 758
3515 : 2 0 1 757
3514 : 0 757
3513 : 2 0 1 756
3509 : 2 0 1 754
3507 : 2 0 1 753
3506 : 0 753
3505 : 2 0 1 752
3503 : 2 0 1 751
3502 : 0 751
3501 : 2 0 1 750
3498 : 0 749
3497 : 2 0 1 748
3496 : 0 748
3495 : 2 0 1 747
3494 : 0 747
3492 : 0 746
3490 : 0 745
3489 : 2 0 1 744
3487 : 2 0 1 743
3484 : 0 742
3482 : 0 741
3479 : 2 0 1 739
3477 : 2 0 1 738
3476 : 0 738
3475 : 2 0 1 737
3474 : 0 737
3473 : 2 0 1 736
3472 : 0 736
3471 : 2 0 1 735
3470 : 0 735
3469 : 2 0 1 734
3468 : 0 734
3946 : 0 973
3478 : 0 739
3466 : 0 733
3465 : 2 0 1 732
3464 : 0 732
3463 : 2 0 1 731
3460 : 0 730
3459 : 2 0 1 729
3885 : 2 0 1 942
3458 : 0 729
3457 : 2 0 1 728
3456 : 0 728
3454 : 0 727
3453 : 2 0 1 726
3452 : 0 726
3449 : 2 0 1 724
3448 : 0 724
3447 : 2 0 1 723
3446 : 0 723
3445 : 2 0 1 722
3443 : 2 0 1 721
3442 : 0 721
3440 : 0 720
3439 : 2 0 1 719
3438 : 0 719
3437 : 2 0 1 718
3436 : 0 718
3434 : 0 717
3433 : 2 0 1 716
3431 : 2 0 1 715
3430 : 0 715
3429 : 2 0 1 714
3428 : 0 714
3427 : 2 0 1 713
3426 : 0 713
3425 : 2 0 1 712
3424 : 0 712
3422 : 0 711
3421 : 2 0 1 710
3420 : 0 710
3417 : 2 0 1 708
3416 : 0 708
3414 : 0 707
3413 : 2 0 1 706
3412 : 0 706
3411 : 2 0 1 705
3410 : 0 705
3406 : 0 703
3404 : 0 702
3403 : 2 0 1 701
3401 : 2 0 1 700
3400 : 0 700
3399 : 2 0 1 699
3398 : 0 699
3689 : 2 0 1 844
3397 : 2 0 1 698
3396 : 0 698
3391 : 2 0 1 695
3389 : 2 0 1 694
3388 : 0 694
3385 : 2 0 1 692
3383 : 2 0 1 691
3382 : 0 691
3381 : 2 0 1 690
3380 : 0 690
3752 : 0 876
3379 : 2 0 1 689
3378 : 0 689
3377 : 2 0 1 688
3387 : 2 0 1 693
3376 : 0 688
3830 : 0 915
3373 : 2 0 1 686
3372 : 0 686
3843 : 2 0 1 921
3370 : 0 685
3940 : 0 970
3367 : 2 0 1 683
3365 : 2 0 1 682
3364 : 0 682
3363 : 2 0 1 681
3361 : 2 0 1 680
3360 : 0 680
3359 : 2 0 1 679
3358 : 0 679
3357 : 2 0 1 678
3467 : 2 0 1 733
3356 : 0 678
3354 : 0 677
3352 : 0 676
3346 : 0 673
3345 : 2 0 1 672
3343 : 2 0 1 671
3650 : 0 825
3342 : 0 671
3341 : 2 0 1 670
3340 : 0 670
3339 : 2 0 1 669
3337 : 2 0 1 668
3336 : 0 668
3334 : 0 667
3331 : 2 0 1 665
3326 : 0 663
3950 : 0 975
3324 : 0 662
3323 : 2 0 1 661
3322 : 0 661
3320 : 0 660
3316 : 0 658
3315 : 2 0 1 657
3313 : 2 0 1 656
3311 : 2 0 1 655
3310 : 0 655
3309 : 2 0 1 654
3306 : 0 653
3305 : 2 0 1 652
3300 : 0 650
3299 : 2 0 1 649
3295 : 2 0 1 647
3294 : 0 647
3293 : 2 0 1 646
3291 : 2 0 1 645
3290 : 0 645
3893 : 2 0 1 946
3285 : 2 0 1 642
3283 : 2 0 1 641
3282 : 0 641
3280 : 0 640
3279 : 2 0 1 639
3992 : 0 996
3846 : 0 923
3277 : 2 0 1 638
3276 : 0 638
3274 : 0 637
3273 : 2 0 1 636
3272 : 0 636
3271 : 2 0 1 635
3649 : 2 0 1 824
3270 : 0 635
3268 : 0 634
3267 : 2 0 1 633
3265 : 2 0 1 632
3263 : 2 0 1 631
3262 : 0 631
3261 : 2 0 1 630
3256 : 0 628
3254 : 0 627
3259 : 2 0 1 629
3252 : 0 626
3250 : 0 625
3248 : 0 624
3247 : 2 0 1 623
3246 : 0 623
3244 : 0 622
3243 : 2 0 1 621
3242 : 0 621
3241 : 2 0 1 620
3239 : 2 0 1 619
3238 : 0 619
3237 : 2 0 1 618
3235 : 2 0 1 617
3232 : 0 616
3231 : 2 0 1 615
3230 : 0 615
3970 : 0 985
3228 : 0 614
3226 : 0 613
3222 : 0 611
3221 : 2 0 1 610
3220 : 0 610
3219 : 2 0 1 609
3218 : 0 609
3215 : 2 0 1 607
3856 : 0 928
3214 : 0 607
3213 : 2 0 1 606
3212 : 0 606
3211 : 2 0 1 605
3210 : 0 605
3485 : 2 0 1 742
1488 : 1 0 744
2894 : 0 447
1254 : 1 0 627
1486 : 1 0 743
2333 : 2 0 1 166
1485 : 1 1 742
1484 : 1 0 742
1483 : 1 1 741
1481 : 1 1 740
1479 : 1 1 739
1475 : 1 1 737
648 : 1 0 324
1527 : 1 1 763
1473 : 1 1 736
126 : 1 0 63
2111 : 2 0 1 55
3943 : 2 0 1 971
3937 : 2 0 1 968
412 : 1 0 206
1468 : 1 0 734
1459 : 1 1 729
987 : 1 1 493
1458 : 1 0 729
1457 : 1 1 728
1456 : 1 0 728
3715 : 2 0 1 857
1455 : 1 1 727
1452 : 1 0 726
2891 : 2 0 1 445
221 : 1 1 110
1442 : 1 0 721
1440 : 1 0 720
982 : 1 0 491
1438 : 1 0 719
1435 : 1 1 717
1586 : 1 0 793
2737 : 2 0 1 368
1394 : 1 0 697
3234 : 0 617
1592 : 1 0 796
3966 : 0 983
2479 : 2 0 1 239
1431 : 1 1 715
1423 : 1 1 711
1422 : 1 0 711
1421 : 1 1 710
3402 : 0 701
2221 : 2 0 1 110
1412 : 1 0 706
1410 : 1 0 705
1404 : 1 0 702
2836 : 0 418
2145 : 2 0 1 72
1397 : 1 1 698
3522 : 0 761
1392 : 1 0 696
1059 : 1 1 529
2707 : 2 0 1 353
2053 : 2 0 1 26
1387 : 1 1 693
11 : 1 1 5
2605 : 2 0 1 302
806 : 1 0 403
790 : 1 0 395
1382 : 1 0 691
1111 : 1 1 555
1381 : 1 1 690
1472 : 1 0 736
376 : 1 0 188
2348 : 0 174
1376 : 1 0 688
834 : 1 0 417
965 : 1 1 482
3162 : 0 581
1370 : 1 0 685
2126 : 0 63
3288 : 0 644
1361 : 1 1 680
1360 : 1 0 680
1357 : 1 1 678
2899 : 2 0 1 449
1474 : 1 0 737
1571 : 1 1 785
3794 : 0 897
1432 : 1 0 716
1914 : 1 0 957
2517 : 2 0 1 258
1351 : 1 1 675
3527 : 2 0 1 763
1349 : 1 1 674
1424 : 1 0 712
1827 : 1 1 913
1342 : 1 0 671
1943 : 1 1 971
1335 : 1 1 667
1495 : 1 1 747
1334 : 1 0 667
1842 : 1 0 921
2859 : 2 0 1 429
1848 : 1 0 924
3690 : 0 845
1538 : 1 0 769
1326 : 1 0 663
1276 : 1 0 638
1325 : 1 1 662
1321 : 1 1 660
2046 : 0 23
1344 : 1 0 672
3461 : 2 0 1 730
1315 : 1 1 657
2851 : 2 0 1 425
1310 : 1 0 655
1309 : 1 1 654
1299 : 1 1 649
1339 : 1 1 669
2733 : 2 0 1 366
1297 : 1 1 648
1296 : 1 0 648
1576 : 1 0 788
1417 : 1 1 708
2430 : 0 215
3319 : 2 0 1 659
1294 : 1 0 647
1739 : 1 1 869
1291 : 1 1 645
3481 : 2 0 1 740
1289 : 1 1 644
1228 : 1 0 614
1437 : 1 1 718
3603 : 2 0 1 801
1285 : 1 1 642
1279 : 1 1 639
1275 : 1 1 637
1273 : 1 1 636
829 : 1 1 414
554 : 1 0 277
1268 : 1 0 634
1267 : 1 1 633
2569 : 2 0 1 284
3121 : 2 0 1 560
1264 : 1 0 632
2670 : 0 335
3669 : 2 0 1 834
1261 : 1 1 630
1259 : 1 1 629
2904 : 0 452
1260 : 1 0 630
3051 : 2 0 1 525
436 : 1 0 218
1256 : 1 0 628
1681 : 1 1 840
1290 : 1 0 645
999 : 1 1 499
1248 : 1 0 624
1245 : 1 1 622
3974 : 0 987
1243 : 1 1 621
2923 : 2 0 1 461
1240 : 1 0 620
2097 : 2 0 1 48
1239 : 1 1 619
1234 : 1 0 617
3140 : 0 570
1231 : 1 1 615
3931 : 2 0 1 965
2453 : 2 0 1 226
623 : 1 1 311
3826 : 0 913
2953 : 2 0 1 476
1223 : 1 1 611
352 : 1 0 176
1219 : 1 1 609
1216 : 1 0 608
1213 : 1 1 606
1212 : 1 0 606
2793 : 2 0 1 396
1210 : 1 0 605
1209 : 1 1 604
1208 : 1 0 604
1206 : 1 0 603
394 : 1 0 197
1205 : 1 1 602
1879 : 1 1 939
1203 : 1 1 601
1202 : 1 0 601
1114 : 1 0 557
1284 : 1 0 642
3005 : 2 0 1 502
1200 : 1 0 600
3774 : 0 887
3025 : 2 0 1 512
1199 : 1 1 599
1197 : 1 1 598
3286 : 0 643
1196 : 1 0 598
1179 : 1 1 589
1322 : 1 0 661
82 : 1 0 41
408 : 1 0 204
2512 : 0 256
1186 : 1 0 593
2538 : 0 269
1185 : 1 1 592
1467 : 1 1 733
48 : 1 0 24
1183 : 1 1 591
3349 : 2 0 1 674
2040 : 0 20
1182 : 1 0 591
349 : 1 1 174
1071 : 1 1 535
1691 : 1 1 845
1460 : 1 0 730
420 : 1 0 210
3610 : 0 805
1174 : 1 0 587
2702 : 0 351
3511 : 2 0 1 755
1418 : 1 0 709
1131 : 1 1 565
3480 : 0 740
1110 : 1 0 555
1172 : 1 0 586
1171 : 1 1 585
1682 : 1 0 841
1169 : 1 1 584
3964 : 0 982
564 : 1 0 282
1166 : 1 0 583
1161 : 1 1 580
1160 : 1 0 580
2555 : 2 0 1 277
1362 : 1 0 681
87 : 1 1 43
1158 : 1 0 579
3855 : 2 0 1 927
71 : 1 1 35
1345 : 1 1 672
1927 : 1 1 963
1153 : 1 1 576
2855 : 2 0 1 427
1152 : 1 0 576
1150 : 1 0 575
2056 : 0 28
1149 : 1 1 574
3145 : 2 0 1 572
1147 : 1 1 573
2182 : 0 91
1146 : 1 0 573
1144 : 1 0 572
2798 : 0 399
1143 : 1 1 571
417 : 1 1 208
1787 : 1 1 893
1142 : 1 0 571
3015 : 2 0 1 507
1138 : 1 0 569
1137 : 1 1 568
1136 : 1 0 568
1130 : 1 0 565
1128 : 1 0 564
3325 : 2 0 1 662
1126 : 1 0 563
3850 : 0 925
1125 : 1 1 562
313 : 1 1 156
585 : 1 1 292
2736 : 0 368
1124 : 1 0 562
3278 : 0 639
314 : 1 0 157
1389 : 1 1 694
1120 : 1 0 560
3132 : 0 566
1960 : 1 0 980
3602 : 0 801
1118 : 1 0 559
1429 : 1 1 714
1388 : 1 0 694
3901 : 2 0 1 950
716 : 1 0 358
1384 : 1 0 692
1883 : 1 1 941
1115 : 1 1 557
2113 : 2 0 1 56
1365 : 1 1 682
3959 : 2 0 1 979
403 : 1 1 201
1563 : 1 1 781
1262 : 1 0 631
1085 : 1 1 542
1105 : 1 1 552
2533 : 2 0 1 266
1765 : 1 1 882
2260 : 0 130
1094 : 1 0 547
1091 : 1 1 545
1298 : 1 0 649
617 : 1 1 308
2184 : 0 92
2446 : 0 223
1090 : 1 0 545
1301 : 1 1 650
54 : 1 0 27
493 : 1 1 246
1089 : 1 1 544
1364 : 1 0 682
1079 : 1 1 539
904 : 1 0 452
1075 : 1 1 537
1074 : 1 0 537
1731 : 1 1 865
2629 : 2 0 1 314
1999 : 1 1 999
1070 : 1 0 535
3350 : 0 675
2545 : 2 0 1 272
1069 : 1 1 534
1251 : 1 1 625
298 : 1 0 149
1052 : 1 0 526
1050 : 1 0 525
1046 : 1 0 523
3887 : 2 0 1 943
2917 : 2 0 1 458
1038 : 1 0 519
1037 : 1 1 518
1031 : 1 1 515
3593 : 2 0 1 796
1614 : 1 0 807
1177 : 1 1 588
878 : 1 0 439
651 : 1 1 325
1030 : 1 0 515
1024 : 1 0 512
1022 : 1 0 511
1020 : 1 0 510
1029 : 1 1 514
581 : 1 1 290
1065 : 1 1 532
3876 : 0 938
1317 : 1 1 658
3902 : 0 951
3573 : 2 0 1 786
1015 : 1 1 507
1010 : 1 0 505
1009 : 1 1 504
2716 : 0 358
638 : 1 0 319
3390 : 0 695
1145 : 1 1 572
1008 : 1 0 504
2064 : 0 32
1162 : 1 0 581
974 : 1 0 487
1005 : 1 1 502
1242 : 1 0 621
2543 : 2 0 1 271
3753 : 2 0 1 876
3081 : 2 0 1 540
998 : 1 0 499
3302 : 0 651
1141 : 1 1 570
1343 : 1 1 671
995 : 1 1 497
3355 : 2 0 1 677
3011 : 2 0 1 505
994 : 1 0 497
1049 : 1 1 524
992 : 1 0 496
988 : 1 0 494
902 : 1 0 451
980 : 1 0 490
1865 : 1 1 932
979 : 1 1 489
804 : 1 0 402
2287 : 2 0 1 143
977 : 1 1 488
973 : 1 1 486
1314 : 1 0 657
1551 : 1 1 775
2593 : 2 0 1 296
969 : 1 1 484
577 : 1 1 288
1165 : 1 1 582
586 : 1 0 293
1163 : 1 1 581
304 : 1 0 152
3407 : 2 0 1 703
958 : 1 0 479
957 : 1 1 478
1710 : 1 0 855
1329 : 1 1 664
2528 : 0 264
1265 : 1 1 632
955 : 1 1 477
1981 : 1 1 990
1232 : 1 0 616
953 : 1 1 476
951 : 1 1 475
1328 : 1 0 664
950 : 1 0 475
513 : 1 1 256
2369 : 2 0 1 184
3415 : 2 0 1 707
3102 : 0 551
948 : 1 0 474
649 : 1 1 324
28 : 1 0 14
945 : 1 1 472
3253 : 2 0 1 626
852 : 1 0 426
943 : 1 1 471
929 : 1 1 464
941 : 1 1 470
939 : 1 1 469
3155 : 2 0 1 577
1947 : 1 1 973
421 : 1 1 210
934 : 1 0 467
719 : 1 1 359
928 : 1 0 464
1685 : 1 1 842
2341 : 2 0 1 170
2597 : 2 0 1 298
2374 : 0 187
925 : 1 1 462
924 : 1 0 462
1353 : 1 1 676
922 : 1 0 461
3551 : 2 0 1 775
800 : 1 0 400
53 : 1 1 26
2659 : 2 0 1 329
3541 : 2 0 1 770
1427 : 1 1 713
919 : 1 1 459
1564 : 1 0 782
911 : 1 1 455
910 : 1 0 455
139 : 1 1 69
905 : 1 1 452
990 : 1 0 495
3576 : 0 788
449 : 1 1 224
946 : 1 0 473
897 : 1 1 448
1845 : 1 1 922
3665 : 2 0 1 832
996 : 1 0 498
913 : 1 1 456
269 : 1 1 134
2806 : 0 403
896 : 1 0 448
1319 : 1 1 659
433 : 1 1 216
2274 : 0 137
1406 : 1 0 703
216 : 1 0 108
981 : 1 1 490
895 : 1 1 447
2576 : 0 288
923 : 1 1 461
892 : 1 0 446
891 : 1 1 445
1378 : 1 0 689
2326 : 0 163
1399 : 1 1 699
1181 : 1 1 590
889 : 1 1 444
888 : 1 0 444
2124 : 0 62
887 : 1 1 443
885 : 1 1 442
809 : 1 1 404
933 : 1 1 466
1852 : 1 0 926
2271 : 2 0 1 135
2481 : 2 0 1 240
883 : 1 1 441
22 : 1 0 11
660 : 1 0 330
1503 : 1 1 751
881 : 1 1 440
1461 : 1 1 730
1822 : 1 0 911
3032 : 0 516
880 : 1 0 440
879 : 1 1 439
1278 : 1 0 639
372 : 1 0 186
3767 : 2 0 1 883
877 : 1 1 438
3332 : 0 666
2691 : 2 0 1 345
876 : 1 0 438
875 : 1 1 437
871 : 1 1 435
2455 : 2 0 1 227
870 : 1 0 435
303 : 1 1 151
672 : 1 0 336
869 : 1 1 434
868 : 1 0 434
1465 : 1 1 732
866 : 1 0 433
3224 : 0 612
862 : 1 0 431
749 : 1 1 374
3941 : 2 0 1 970
1214 : 1 0 607
856 : 1 0 428
1056 : 1 0 528
3840 : 0 920
2110 : 0 55
851 : 1 1 425
140 : 1 0 70
395 : 1 1 197
1103 : 1 1 551
18 : 1 0 9
747 : 1 1 373
1655 : 1 1 827
1434 : 1 0 717
2853 : 2 0 1 426
2508 : 0 254
840 : 1 0 420
1974 : 1 0 987
444 : 1 0 222
1425 : 1 1 712
1967 : 1 1 983
839 : 1 1 419
907 : 1 1 453
1096 : 1 0 548
908 : 1 0 454
1921 : 1 1 960
1968 : 1 0 984
2105 : 2 0 1 52
833 : 1 1 416
746 : 1 0 373
832 : 1 0 416
1366 : 1 0 683
1061 : 1 1 530
549 : 1 1 274
828 : 1 0 414
845 : 1 1 422
3269 : 2 0 1 634
158 : 1 0 79
824 : 1 0 412
823 : 1 1 411
399 : 1 1 199
2238 : 0 119
822 : 1 0 411
3260 : 0 630
1308 : 1 0 654
821 : 1 1 410
1045 : 1 1 522
3735 : 2 0 1 867
1040 : 1 0 520
2595 : 2 0 1 297
818 : 1 0 409
814 : 1 0 407
3613 : 2 0 1 806
811 : 1 1 405
32 : 1 0 16
1582 : 1 0 791
2774 : 0 387
1449 : 1 1 724
1211 : 1 1 605
805 : 1 1 402
1716 : 1 0 858
701 : 1 1 350
935 : 1 1 467
1127 : 1 1 563
803 : 1 1 401
2630 : 0 315
2741 : 2 0 1 370
2378 : 0 189
2609 : 2 0 1 304
826 : 1 0 413
146 : 1 0 73
2816 : 0 408
2337 : 2 0 1 168
794 : 1 0 397
109 : 1 1 54
2588 : 0 294
793 : 1 1 396
792 : 1 0 396
2488 : 0 244
2979 : 2 0 1 489
1463 : 1 1 731
3096 : 0 548
460 : 1 0 230
1112 : 1 0 556
2511 : 2 0 1 255
1272 : 1 0 636
791 : 1 1 395
788 : 1 0 394
2938 : 0 469
787 : 1 1 393
164 : 1 0 82
786 : 1 0 393
756 : 1 0 378
785 : 1 1 392
3818 : 0 909
540 : 1 0 270
300 : 1 0 150
2606 : 0 303
2829 : 2 0 1 414
774 : 1 0 387
1444 : 1 0 722
770 : 1 0 385
1778 : 1 0 889
769 : 1 1 384
3595 : 2 0 1 797
768 : 1 0 384
1001 : 1 1 500
699 : 1 1 349
763 : 1 1 381
1218 : 1 0 609
1007 : 1 1 503
3770 : 0 885
1851 : 1 1 925
867 : 1 1 433
2437 : 2 0 1 218
755 : 1 1 377
754 : 1 0 377
588 : 1 0 294
938 : 1 0 469
3925 : 2 0 1 962
2383 : 2 0 1 191
753 : 1 1 376
1236 : 1 0 618
666 : 1 0 333
748 : 1 0 374
2199 : 2 0 1 99
1092 : 1 0 546
407 : 1 1 203
745 : 1 1 372
669 : 1 1 334
1395 : 1 1 697
742 : 1 0 371
671 : 1 1 335
2546 : 0 273
1795 : 1 1 897
1510 : 1 0 755
737 : 1 1 368
1377 : 1 1 688
1041 : 1 1 520
506 : 1 0 253
2307 : 2 0 1 153
735 : 1 1 367
734 : 1 0 367
733 : 1 1 366
2518 : 0 259
732 : 1 0 366
112 : 1 0 56
2721 : 2 0 1 360
2158 : 0 79
1359 : 1 1 679
752 : 1 0 376
2096 : 0 48
728 : 1 0 364
3662 : 0 831
727 : 1 1 363
726 : 1 0 363
1841 : 1 1 920
1235 : 1 1 617
725 : 1 1 362
1975 : 1 1 987
717 : 1 1 358
1913 : 1 1 956
3393 : 2 0 1 696
817 : 1 1 408
711 : 1 1 355
710 : 1 0 355
1292 : 1 0 646
371 : 1 1 185
416 : 1 0 208
1000 : 1 0 500
280 : 1 0 140
328 : 1 0 164
168 : 1 0 84
322 : 1 0 161
2999 : 2 0 1 499
320 : 1 0 160
3660 : 0 830
2789 : 2 0 1 394
92 : 1 0 46
312 : 1 0 156
184 : 1 0 92
159 : 1 1 79
3750 : 0 875
307 : 1 1 153
2657 : 2 0 1 328
51 : 1 1 25
305 : 1 1 152
1044 : 1 0 522
720 : 1 0 360
1603 : 1 1 801
2232 : 0 116
1100 : 1 0 550
484 : 1 0 242
3545 : 2 0 1 772
462 : 1 0 231
961 : 1 1 480
3745 : 2 0 1 872
90 : 1 0 45
299 : 1 1 149
2813 : 2 0 1 406
592 : 1 0 296
1313 : 1 1 656
1106 : 1 0 553
529 : 1 1 264
3819 : 2 0 1 909
2950 : 0 475
646 : 1 0 323
295 : 1 1 147
516 : 1 0 258
3532 : 0 766
2625 : 2 0 1 312
288 : 1 0 144
1363 : 1 1 681
536 : 1 0 268
1524 : 1 0 762
2209 : 2 0 1 104
997 : 1 1 498
283 : 1 1 141
282 : 1 0 141
1918 : 1 0 959
1405 : 1 1 702
1796 : 1 0 898
1686 : 1 0 843
1451 : 1 1 725
434 : 1 0 217
279 : 1 1 139
2685 : 2 0 1 342
276 : 1 0 138
1318 : 1 0 659
310 : 1 0 155
1148 : 1 0 574
2045 : 2 0 1 22
275 : 1 1 137
846 : 1 0 423
273 : 1 1 136
61 : 1 1 30
3000 : 0 500
1346 : 1 0 673
229 : 1 1 114
730 : 1 0 365
128 : 1 0 64
2631 : 2 0 1 315
781 : 1 1 390
589 : 1 1 294
2008 : 0 4
1915 : 1 1 957
265 : 1 1 132
263 : 1 1 131
171 : 1 1 85
894 : 1 0 447
637 : 1 1 318
3862 : 0 931
260 : 1 0 130
3019 : 2 0 1 509
9 : 1 1 4
1217 : 1 1 608
62 : 1 0 31
1098 : 1 0 549
337 : 1 1 168
3685 : 2 0 1 842
258 : 1 0 129
1348 : 1 0 674
383 : 1 1 191
3607 : 2 0 1 803
165 : 1 1 82
499 : 1 1 249
1984 : 1 0 992
850 : 1 0 425
257 : 1 1 128
1697 : 1 1 848
3678 : 0 839
187 : 1 1 93
2146 : 0 73
254 : 1 0 127
94 : 1 0 47
1082 : 1 0 541
1288 : 1 0 644
1570 : 1 0 785
812 : 1 0 406
231 : 1 1 115
2299 : 2 0 1 149
2192 : 0 96
2106 : 0 53
93 : 1 1 46
249 : 1 1 124
3854 : 0 927
964 : 1 0 482
479 : 1 1 239
3701 : 2 0 1 850
557 : 1 1 278
238 : 1 0 119
3327 : 2 0 1 663
196 : 1 0 98
2835 : 2 0 1 417
63 : 1 1 31
3699 : 2 0 1 849
1097 : 1 1 548
2669 : 2 0 1 334
1233 : 1 1 616
252 : 1 0 126
1133 : 1 1 566
442 : 1 0 221
225 : 1 1 112
940 : 1 0 470
2888 : 0 444
224 : 1 0 112
151 : 1 1 75
154 : 1 0 77
341 : 1 1 170
220 : 1 0 110
219 : 1 1 109
1221 : 1 1 610
2539 : 2 0 1 269
1277 : 1 1 638
1252 : 1 0 626
820 : 1 0 410
117 : 1 1 58
984 : 1 0 492
272 : 1 0 136
3375 : 2 0 1 687
3338 : 0 669
682 : 1 0 341
186 : 1 0 93
2059 : 2 0 1 29
3196 : 0 598
476 : 1 0 238
2393 : 2 0 1 196
807 : 1 1 403
1305 : 1 1 652
1723 : 1 1 861
661 : 1 1 330
143 : 1 1 71
429 : 1 1 214
3500 : 0 750
1441 : 1 1 720
782 : 1 0 391
574 : 1 0 287
1557 : 1 1 778
1917 : 1 1 958
1080 : 1 0 540
927 : 1 1 463
209 : 1 1 104
3394 : 0 697
1198 : 1 0 599
3124 : 0 562
101 : 1 1 50
204 : 1 0 102
624 : 1 0 312
899 : 1 1 449
180 : 1 0 90
3640 : 0 820
773 : 1 1 386
1668 : 1 0 834
198 : 1 0 99
2095 : 2 0 1 47
2852 : 0 426
3899 : 2 0 1 949
1307 : 1 1 653
197 : 1 1 98
1244 : 1 0 622
133 : 1 1 66
2834 : 0 417
195 : 1 1 97
194 : 1 0 97
1606 : 1 0 803
192 : 1 0 96
321 : 1 1 160
1674 : 1 0 837
248 : 1 0 124
520 : 1 0 260
798 : 1 0 399
527 : 1 1 263
1039 : 1 1 519
1742 : 1 0 871
721 : 1 1 360
227 : 1 1 113
656 : 1 0 328
3368 : 0 684
179 : 1 1 89
1157 : 1 1 578
2413 : 2 0 1 206
1300 : 1 0 650
176 : 1 0 88
3924 : 0 962
1369 : 1 1 684
76 : 1 0 38
1034 : 1 0 517
1514 : 1 0 757
169 : 1 1 84
2868 : 0 434
560 : 1 0 280
652 : 1 0 326
968 : 1 0 484
750 : 1 0 375
237 : 1 1 118
1271 : 1 1 635
533 : 1 1 266
1477 : 1 1 738
1926 : 1 0 963
366 : 1 0 183
801 : 1 1 400
1350 : 1 0 675
3828 : 0 914
58 : 1 0 29
1896 : 1 0 948
1066 : 1 0 533
2797 : 2 0 1 398
166 : 1 0 83
863 : 1 1 431
334 : 1 0 167
193 : 1 1 96
3637 : 2 0 1 818
414 : 1 0 207
1055 : 1 1 527
1660 : 1 0 830
1134 : 1 0 567
3344 : 0 672
2081 : 2 0 1 40
177 : 1 1 88
1036 : 1 0 518
123 : 1 1 61
2176 : 0 88
2322 : 0 161
181 : 1 1 90
10 : 1 0 5
64 : 1 0 32
983 : 1 1 491
172 : 1 0 86
1215 : 1 1 607
247 : 1 1 123
912 : 1 0 456
323 : 1 1 161
149 : 1 1 74
2557 : 2 0 1 278
215 : 1 1 107
1708 : 1 0 854
458 : 1 0 229
1159 : 1 1 579
162 : 1 0 81
289 : 1 1 144
808 : 1 0 404
2282 : 0 141
453 : 1 1 226
3661 : 2 0 1 830
2971 : 2 0 1 485
3651 : 2 0 1 825
1176 : 1 0 588
50 : 1 0 25
3223 : 2 0 1 611
1784 : 1 0 892
2143 : 2 0 1 71
430 : 1 0 215
389 : 1 1 194
37 : 1 1 18
2084 : 0 42
68 : 1 0 34
2573 : 2 0 1 286
245 : 1 1 122
465 : 1 1 232
1195 : 1 1 597
3217 : 2 0 1 608
3209 : 2 0 1 604
451 : 1 1 225
1568 : 1 0 784
1933 : 1 1 966
65 : 1 1 32
614 : 1 0 307
3423 : 2 0 1 711
286 : 1 0 143
3245 : 2 0 1 622
2828 : 0 414
251 : 1 1 125
178 : 1 0 89
23 : 1 1 11
1053 : 1 1 526
762 : 1 0 381
1946 : 1 0 973
1367 : 1 1 683
439 : 1 1 219
707 : 1 1 353
1506 : 1 0 753
3236 : 0 618
44 : 1 0 22
535 : 1 1 267
551 : 1 1 275
3233 : 2 0 1 616
301 : 1 1 150
1466 : 1 0 733
1241 : 1 1 620
2968 : 0 484
40 : 1 0 20
409 : 1 1 204
767 : 1 1 383
2720 : 0 360
2795 : 2 0 1 397
2857 : 2 0 1 428
2913 : 2 0 1 456
234 : 1 0 117
1304 : 1 0 652
3432 : 0 716
664 : 1 0 332
670 : 1 0 335
3123 : 2 0 1 561
3863 : 2 0 1 931
1187 : 1 1 593
2152 : 0 76
1489 : 1 1 744
1659 : 1 1 829
967 : 1 1 483
396 : 1 0 198
132 : 1 0 66
136 : 1 0 68
668 : 1 0 334
73 : 1 1 36
544 : 1 0 272
1763 : 1 1 881
42 : 1 0 21
1072 : 1 0 536
689 : 1 1 344
3079 : 2 0 1 539
486 : 1 0 243
3870 : 0 935
1316 : 1 0 658
59 : 1 1 29
1358 : 1 0 679
188 : 1 0 94
1283 : 1 1 641
2796 : 0 398
674 : 1 0 337
688 : 1 0 344
1258 : 1 0 629
2 : 2 0 1 0
562 : 1 0 281
921 : 1 1 460
1860 : 1 0 930
3756 : 0 878
855 : 1 1 427
1154 : 1 0 577
2902 : 0 451
632 : 1 0 316
1940 : 1 0 970
1464 : 1 0 732
3089 : 2 0 1 544
191 : 1 1 95
3039 : 2 0 1 519
722 : 1 0 361
1385 : 1 1 692
36 : 1 0 18
246 : 1 0 123
404 : 1 0 202
2858 : 0 429
494 : 1 0 247
3604 : 0 802
1042 : 1 0 521
1535 : 1 1 767
504 : 1 0 252
991 : 1 1 495
1775 : 1 1 887
620 : 1 0 310
942 : 1 0 471
259 : 1 1 129
962 : 1 0 481
1622 : 1 0 811
633 : 1 1 316
3366 : 0 683
1966 : 1 0 983
3801 : 2 0 1 900
3677 : 2 0 1 838
293 : 1 1 146
80 : 1 0 40
264 : 1 0 132
3072 : 0 536
898 : 1 0 449
266 : 1 0 133
15 : 1 1 7
559 : 1 1 279
2012 : 0 6
1380 : 1 0 690
3408 : 0 704
2169 : 2 0 1 84
230 : 1 0 115
3074 : 0 537
3095 : 2 0 1 547
1533 : 1 1 766
150 : 1 0 75
1398 : 1 0 699
208 : 1 0 104
443 : 1 1 221
960 : 1 0 480
84 : 1 0 42
2886 : 0 443
41 : 1 1 20
278 : 1 0 139
1520 : 1 0 760
3728 : 0 864
3611 : 2 0 1 805
1726 : 1 0 863
66 : 1 0 33
19 : 1 1 9
185 : 1 1 92
2278 : 0 139
2315 : 2 0 1 157
673 : 1 1 336
1906 : 1 0 953
932 : 1 0 466
751 : 1 1 375
1067 : 1 1 533
2139 : 2 0 1 69
14 : 1 0 7
487 : 1 1 243
694 : 1 0 347
427 : 1 1 213
98 : 1 0 49
764 : 1 0 382
3674 : 0 837
3392 : 0 696
325 : 1 1 162
3405 : 2 0 1 702
1 : 1 0 1
795 : 1 1 397
1969 : 1 1 984
100 : 1 0 50
2380 : 0 190
201 : 1 1 100
306 : 1 0 153
142 : 1 0 71
1035 : 1 1 517
816 : 1 0 408
2969 : 2 0 1 484
161 : 1 1 80
380 : 1 0 190
598 : 1 0 299
2400 : 0 200
91 : 1 1 45
199 : 1 1 99
49 : 1 1 24
1058 : 1 0 529
1443 : 1 1 721
3023 : 2 0 1 511
475 : 1 1 237
731 : 1 1 365
129 : 1 1 64
1597 : 1 1 798
1033 : 1 1 516
69 : 1 1 34
1706 : 1 0 853
361 : 1 1 180
1306 : 1 0 653
478 : 1 0 239
2422 : 0 211
137 : 1 1 68
242 : 1 0 121
628 : 1 0 314
1023 : 1 1 511
986 : 1 0 493
502 : 1 0 251
2975 : 2 0 1 487
2578 : 0 289
316 : 1 0 158
2864 : 0 432
1017 : 1 1 508
1372 : 1 0 686
236 : 1 0 118
445 : 1 1 222
419 : 1 1 209
2310 : 0 155
5 : 1 1 2
736 : 1 0 368
1508 : 1 0 754
3137 : 2 0 1 568
1941 : 1 1 970
55 : 1 1 27
2626 : 0 313
3333 : 2 0 1 666
432 : 1 0 216
1596 : 1 0 798
695 : 1 1 347
294 : 1 0 147
348 : 1 0 174
715 : 1 1 357
1250 : 1 0 625
357 : 1 1 178
287 : 1 1 143
723 : 1 1 361
2697 : 2 0 1 348
1589 : 1 1 794
1253 : 1 1 626
3997 : 2 0 1 998
173 : 1 1 86
2087 : 2 0 1 43
1168 : 1 0 584
605 : 1 1 302
825 : 1 1 412
1164 : 1 0 582
488 : 1 0 244
1170 : 1 0 585
3718 : 0 859
1618 : 1 0 809
775 : 1 1 387
2983 : 2 0 1 491
1257 : 1 1 628
243 : 1 1 121
43 : 1 1 21
3056 : 0 528
31 : 1 1 15
594 : 1 0 297
1688 : 1 0 844
630 : 1 0 315
1426 : 1 0 713
3158 : 0 579
45 : 1 1 22
2782 : 0 391
1068 : 1 0 534
956 : 1 0 478
547 : 1 1 273
388 : 1 0 194
3695 : 2 0 1 847
3229 : 2 0 1 614
107 : 1 1 53
830 : 1 0 415
1222 : 1 0 611
309 : 1 1 154
1907 : 1 1 953
550 : 1 0 275
2701 : 2 0 1 350
641 : 1 1 320
3825 : 2 0 1 912
2275 : 2 0 1 137
2540 : 0 270
687 : 1 1 343
1281 : 1 1 640
2002 : 2 0 1 1
1471 : 1 1 735
26 : 1 0 13
1087 : 1 1 543
1652 : 1 0 826
844 : 1 0 422
680 : 1 0 340
1856 : 1 0 928
3284 : 0 642
212 : 1 0 106
284 : 1 0 142
2114 : 0 57
2459 : 2 0 1 229
2414 : 0 207
393 : 1 1 196
351 : 1 1 175
1113 : 1 1 556
232 : 1 0 116
2768 : 0 384
268 : 1 0 134
122 : 1 0 61
1122 : 1 0 561
1063 : 1 1 531
3866 : 0 933
609 : 1 1 304
431 : 1 1 215
2063 : 2 0 1 31
2534 : 0 267
2662 : 0 331
3192 : 0 596
20 : 1 0 10
2856 : 0 428
274 : 1 0 137
97 : 1 1 48
114 : 1 0 57
359 : 1 1 179
1375 : 1 1 687
813 : 1 1 406
1083 : 1 1 541
2871 : 2 0 1 435
81 : 1 1 40
3713 : 2 0 1 856
1108 : 1 0 554
1347 : 1 1 673
3926 : 0 963
1192 : 1 0 596
2559 : 2 0 1 279
78 : 1 0 39
2998 : 0 499
1084 : 1 0 542
1180 : 1 0 590
291 : 1 1 145
56 : 1 0 28
3292 : 0 646
110 : 1 0 55
2194 : 0 97
327 : 1 1 163
223 : 1 1 111
3297 : 2 0 1 648
2331 : 2 0 1 165
1965 : 1 1 982
757 : 1 1 378
0 : 0 0
2792 : 0 396
113 : 1 1 56
1487 : 1 1 743
1266 : 1 0 633
2050 : 0 25
654 : 1 0 327
1191 : 1 1 595
685 : 1 1 342
326 : 1 0 163
253 : 1 1 126
3687 : 2 0 1 843
85 : 1 1 42
3329 : 2 0 1 664
882 : 1 0 441
676 : 1 0 338
163 : 1 1 81
1028 : 1 0 514
2290 : 0 145
2463 : 2 0 1 231
2985 : 2 0 1 492
3143 : 2 0 1 571
86 : 1 0 43
270 : 1 0 135
1374 : 1 0 687
2832 : 0 416
88 : 1 0 44
121 : 1 1 60
600 : 1 0 300
2641 : 2 0 1 320
2863 : 2 0 1 431
1320 : 1 0 660
106 : 1 0 53
2220 : 0 110
650 : 1 0 325
124 : 1 0 62
3554 : 0 777
99 : 1 1 49
2865 : 2 0 1 432
3204 : 0 602
292 : 1 0 146
2734 : 0 367
1391 : 1 1 695
914 : 1 0 457
678 : 1 0 339
319 : 1 1 159
530 : 1 0 265
335 : 1 1 167
118 : 1 0 59
1578 : 1 0 789
1690 : 1 0 845
2767 : 2 0 1 383
1238 : 1 0 619
766 : 1 0 383
103 : 1 1 51
740 : 1 0 370
1695 : 1 1 847
2484 : 0 242
2109 : 2 0 1 54
2490 : 0 245
842 : 1 0 421
210 : 1 0 105
2893 : 2 0 1 446
34 : 1 0 17
2780 : 0 390
200 : 1 0 100
515 : 1 1 257
3063 : 2 0 1 531
1057 : 1 1 528
2815 : 2 0 1 407
3949 : 2 0 1 974
1062 : 1 0 531
125 : 1 1 62
578 : 1 0 289
2623 : 2 0 1 311
1002 : 1 0 501
677 : 1 1 338
3647 : 2 0 1 823
130 : 1 0 65
759 : 1 1 379
604 : 1 0 302
1792 : 1 0 896
593 : 1 1 296
2408 : 0 204
2647 : 2 0 1 323
1411 : 1 1 705
667 : 1 1 333
134 : 1 0 67
3540 : 0 770
2949 : 2 0 1 474
3318 : 0 659
39 : 1 1 19
776 : 1 0 388
3208 : 0 604
21 : 1 1 10
543 : 1 1 271
1188 : 1 0 594
3171 : 2 0 1 585
213 : 1 1 106
1093 : 1 1 546
2292 : 0 146
612 : 1 0 306
108 : 1 0 54
135 : 1 1 67
477 : 1 1 238
847 : 1 1 423
456 : 1 0 228
508 : 1 0 254
145 : 1 1 72
217 : 1 1 108
772 : 1 0 386
406 : 1 0 203
815 : 1 1 407
2289 : 2 0 1 144
3289 : 2 0 1 644
410 : 1 0 205
3599 : 2 0 1 799
2799 : 2 0 1 399
205 : 1 1 102
3917 : 2 0 1 958
1480 : 1 0 740
144 : 1 0 72
105 : 1 1 52
1698 : 1 0 849
789 : 1 1 394
3134 : 0 567
1193 : 1 1 596
947 : 1 1 473
148 : 1 0 74
511 : 1 1 255
2434 : 0 217
3003 : 2 0 1 501
3006 : 0 503
189 : 1 1 94
1462 : 1 0 731
3068 : 0 534
2513 : 2 0 1 256
2514 : 0 257
1076 : 1 0 538
810 : 1 0 405
317 : 1 1 158
492 : 1 0 246
1263 : 1 1 631
115 : 1 1 57
644 : 1 0 322
2655 : 2 0 1 327
608 : 1 0 304
160 : 1 0 80
311 : 1 1 155
706 : 1 0 353
339 : 1 1 169
338 : 1 0 169
1810 : 1 0 905
1004 : 1 0 502
424 : 1 0 212
2150 : 0 75
3510 : 0 755
937 : 1 1 468
2162 : 0 81
3330 : 0 665
1898 : 1 0 949
514 : 1 0 257
1844 : 1 0 922
345 : 1 1 172
2044 : 0 22
2243 : 2 0 1 121
2338 : 0 169
2427 : 2 0 1 213
344 : 1 0 172
2442 : 0 221
346 : 1 0 173
1226 : 1 0 613
1107 : 1 1 553
1667 : 1 1 833
2134 : 0 67
2903 : 2 0 1 451
861 : 1 1 430
2312 : 0 156
79 : 1 1 39
799 : 1 1 399
174 : 1 0 87
347 : 1 1 173
353 : 1 1 176
354 : 1 0 177
355 : 1 1 177
356 : 1 0 178
2486 : 0 243
1156 : 1 0 578
183 : 1 1 91
2890 : 0 445
3906 : 0 953
1139 : 1 1 569
1155 : 1 1 577
377 : 1 1 188
952 : 1 0 476
362 : 1 0 181
3811 : 2 0 1 905
2054 : 0 27
1167 : 1 1 583
2120 : 0 60
498 : 1 0 249
2952 : 0 476
1095 : 1 1 547
1237 : 1 1 618
684 : 1 0 342
365 : 1 1 182
2017 : 2 0 1 8
368 : 1 0 184
1502 : 1 0 751
400 : 1 0 200
1246 : 1 0 623
457 : 1 1 228
131 : 1 1 65
1386 : 1 0 693
373 : 1 1 186
2412 : 0 206
765 : 1 1 382
2049 : 2 0 1 24
843 : 1 1 421
469 : 1 1 234
1611 : 1 1 805
3717 : 2 0 1 858
970 : 1 0 485
2708 : 0 354
466 : 1 0 233
241 : 1 1 120
374 : 1 0 187
437 : 1 1 218
454 : 1 0 227
1905 : 1 1 952
971 : 1 1 485
1340 : 1 0 670
2080 : 0 40
2070 : 0 35
590 : 1 0 295
1338 : 1 0 669
1531 : 1 1 765
2153 : 2 0 1 76
522 : 1 0 261
375 : 1 1 187
1054 : 1 0 527
858 : 1 0 429
2330 : 0 165
796 : 1 0 398
626 : 1 0 313
379 : 1 1 189
1519 : 1 1 759
1958 : 1 0 979
2997 : 2 0 1 498
2353 : 2 0 1 176
385 : 1 1 192
1341 : 1 1 670
2765 : 2 0 1 382
1032 : 1 0 516
1287 : 1 1 643
3165 : 2 0 1 582
2168 : 0 84
386 : 1 0 193
1678 : 1 0 839
1923 : 1 1 961
2248 : 0 124
2417 : 2 0 1 208
1274 : 1 0 637
3771 : 2 0 1 885
537 : 1 1 268
692 : 1 0 346
27 : 1 1 13
1663 : 1 1 831
3395 : 2 0 1 697
503 : 1 1 251
1671 : 1 1 835
1987 : 1 1 993
518 : 1 0 259
1051 : 1 1 525
570 : 1 0 285
3060 : 0 530
1224 : 1 0 612
333 : 1 1 166
2777 : 2 0 1 388
398 : 1 0 199
2661 : 2 0 1 330
989 : 1 1 494
3630 : 0 815
1607 : 1 1 803
402 : 1 0 201
1269 : 1 1 634
239 : 1 1 119
3146 : 0 573
1828 : 1 0 914
565 : 1 1 282
500 : 1 0 250
761 : 1 1 380
16 : 1 0 8
256 : 1 0 128
2729 : 2 0 1 364
901 : 1 1 450
1976 : 1 0 988
3896 : 0 948
709 : 1 1 354
1430 : 1 0 715
724 : 1 0 362
435 : 1 1 217
415 : 1 1 207
3301 : 2 0 1 650
3120 : 0 560
418 : 1 0 209
3335 : 2 0 1 667
3249 : 2 0 1 624
1016 : 1 0 508
657 : 1 1 328
422 : 1 0 211
663 : 1 1 331
1012 : 1 0 506
3077 : 2 0 1 538
423 : 1 1 211
777 : 1 1 388
3154 : 0 577
120 : 1 0 60
425 : 1 1 212
975 : 1 1 487
526 : 1 0 263
3203 : 2 0 1 601
1890 : 1 0 945
2522 : 0 261
482 : 1 0 241
631 : 1 1 315
1018 : 1 0 509
332 : 1 0 166
1390 : 1 0 695
2700 : 0 350
1207 : 1 1 603
250 : 1 0 125
438 : 1 0 219
485 : 1 1 242
2461 : 2 0 1 230
3172 : 0 586
1104 : 1 0 552
170 : 1 0 85
446 : 1 0 223
1280 : 1 0 640
57 : 1 1 28
2642 : 0 321
1453 : 1 1 726
450 : 1 0 225
1403 : 1 1 701
893 : 1 1 446
1026 : 1 0 513
342 : 1 0 171
1959 : 1 1 979
2759 : 2 0 1 379
505 : 1 1 252
2940 : 0 470
771 : 1 1 385
350 : 1 0 175
949 : 1 1 474
2686 : 0 343
452 : 1 0 226
182 : 1 0 91
459 : 1 1 229
1027 : 1 1 513
464 : 1 0 232
918 : 1 0 459
2303 : 2 0 1 151
643 : 1 1 321
1408 : 1 0 704
467 : 1 1 233
3308 : 0 654
2187 : 2 0 1 93
1709 : 1 1 854
1491 : 1 1 745
2788 : 0 394
2535 : 2 0 1 267
411 : 1 1 205
470 : 1 0 235
1151 : 1 1 575
471 : 1 1 235
472 : 1 0 236
2984 : 0 492
480 : 1 0 240
602 : 1 0 301
481 : 1 1 240
681 : 1 1 340
1295 : 1 1 647
579 : 1 1 289
3746 : 0 873
1396 : 1 0 698
662 : 1 0 331
428 : 1 0 214
1249 : 1 1 624
3864 : 0 932
1776 : 1 0 888
931 : 1 1 465
2034 : 0 17
541 : 1 1 270
2233 : 2 0 1 116
555 : 1 1 277
489 : 1 1 244
2710 : 0 355
3111 : 2 0 1 555
517 : 1 1 258
2677 : 2 0 1 338
3384 : 0 692
2003 : 1 1 0
2945 : 2 0 1 472
490 : 1 0 245
2428 : 0 214
572 : 1 0 286
3900 : 0 950
491 : 1 1 245
495 : 1 1 247
3653 : 2 0 1 826
718 : 1 0 359
3789 : 2 0 1 894
2362 : 0 181
496 : 1 0 248
659 : 1 1 329
1312 : 1 0 656
2457 : 2 0 1 228
985 : 1 1 492
1569 : 1 1 784
267 : 1 1 133
622 : 1 0 311
501 : 1 1 250
2550 : 0 275
915 : 1 1 457
507 : 1 1 253
2900 : 0 450
697 : 1 1 348
1864 : 1 0 932
1101 : 1 1 550
38 : 1 0 19
509 : 1 1 254
512 : 1 0 256
1548 : 1 0 774
1677 : 1 1 838
2239 : 2 0 1 119
1333 : 1 1 666
157 : 1 1 78
519 : 1 1 259
3371 : 2 0 1 685
3150 : 0 575
521 : 1 1 260
1528 : 1 0 764
1595 : 1 1 797
3157 : 2 0 1 578
1019 : 1 1 509
524 : 1 0 262
2882 : 0 441
1368 : 1 0 684
1482 : 1 0 741
1556 : 1 0 778
1712 : 1 0 856
525 : 1 1 262
874 : 1 0 437
1371 : 1 1 685
211 : 1 1 105
2208 : 0 104
528 : 1 0 264
1332 : 1 0 666
2352 : 0 176
683 : 1 1 341
849 : 1 1 424
538 : 1 0 269
1891 : 1 1 945
976 : 1 0 488
1445 : 1 1 722
655 : 1 1 327
382 : 1 0 191
2583 : 2 0 1 291
4 : 1 0 2
531 : 1 1 265
3785 : 2 0 1 892
2908 : 0 454
2223 : 2 0 1 111
545 : 1 1 272
2449 : 2 0 1 224
2833 : 2 0 1 416
1077 : 1 1 538
548 : 1 0 274
2709 : 2 0 1 354
607 : 1 1 303
3572 : 0 786
1355 : 1 1 677
853 : 1 1 426
2810 : 0 405
3275 : 2 0 1 637
553 : 1 1 276
463 : 1 1 231
778 : 1 0 389
1780 : 1 0 890
2722 : 0 361
1081 : 1 1 540
3119 : 2 0 1 559
3135 : 2 0 1 567
233 : 1 1 116
558 : 1 0 279
1873 : 1 1 936
2173 : 2 0 1 86
561 : 1 1 280
1985 : 1 1 992
3597 : 2 0 1 798
566 : 1 0 283
546 : 1 0 273
567 : 1 1 283
568 : 1 0 284
25 : 1 1 12
1826 : 1 0 913
596 : 1 0 298
2454 : 0 227
3462 : 0 731
2728 : 0 364
571 : 1 1 285
468 : 1 0 234
2571 : 2 0 1 285
483 : 1 1 241
1909 : 1 1 954
573 : 1 1 286
3113 : 2 0 1 556
864 : 1 0 432
702 : 1 0 351
1123 : 1 1 561
3582 : 0 791
1229 : 1 1 614
324 : 1 0 162
2955 : 2 0 1 477
2464 : 0 232
583 : 1 1 291
1086 : 1 0 543
704 : 1 0 352
1109 : 1 1 554
363 : 1 1 181
584 : 1 0 292
909 : 1 1 454
336 : 1 0 168
2807 : 2 0 1 403
595 : 1 1 297
2681 : 2 0 1 340
1173 : 1 1 586
1436 : 1 0 718
1286 : 1 0 643
2717 : 2 0 1 358
744 : 1 0 372
1407 : 1 1 703
3094 : 0 547
3386 : 0 693
599 : 1 1 299
2157 : 2 0 1 78
601 : 1 1 300
610 : 1 0 305
2279 : 2 0 1 139
3780 : 0 890
214 : 1 0 107
1782 : 1 0 891
1721 : 1 1 860
261 : 1 1 130
3225 : 2 0 1 612
606 : 1 0 303
3867 : 2 0 1 933
954 : 1 0 477
539 : 1 1 269
1815 : 1 1 907
190 : 1 0 95
611 : 1 1 305
3967 : 2 0 1 983
30 : 1 0 15
1470 : 1 0 735
691 : 1 1 345
613 : 1 1 306
2085 : 2 0 1 42
207 : 1 1 103
615 : 1 1 307
1416 : 1 0 708
47 : 1 1 23
2732 : 0 366
1693 : 1 1 846
2115 : 2 0 1 57
618 : 1 0 309
2878 : 0 439
3619 : 2 0 1 809
3264 : 0 632
621 : 1 1 310
3255 : 2 0 1 627
625 : 1 1 312
2136 : 0 68
738 : 1 0 369
1400 : 1 0 700
3786 : 0 893
1521 : 1 1 760
369 : 1 1 184
1670 : 1 0 835
3013 : 2 0 1 506
627 : 1 1 313
1939 : 1 1 969
378 : 1 0 189
629 : 1 1 314
473 : 1 1 236
2967 : 2 0 1 483
147 : 1 1 73
634 : 1 0 317
580 : 1 0 290
635 : 1 1 317
2093 : 2 0 1 46
636 : 1 0 318
639 : 1 1 319
1078 : 1 0 539
2473 : 2 0 1 236
640 : 1 0 320
1447 : 1 1 723
60 : 1 0 30
645 : 1 1 322
3133 : 2 0 1 566
226 : 1 0 113
665 : 1 1 332
7 : 1 1 3
1872 : 1 0 936
658 : 1 0 329
2682 : 0 341
2831 : 2 0 1 415
448 : 1 0 224
675 : 1 1 337
679 : 1 1 339
3304 : 0 652
587 : 1 1 293
686 : 1 0 343
1132 : 1 0 566
2193 : 2 0 1 96
920 : 1 0 460
693 : 1 1 346
52 : 1 0 26
3175 : 2 0 1 587
255 : 1 1 127
696 : 1 0 348
698 : 1 0 349
510 : 1 0 255
367 : 1 1 183
2226 : 0 113
116 : 1 0 58
370 : 1 0 185
705 : 1 1 352
1492 : 1 0 746
3558 : 0 779
1493 : 1 1 746
1972 : 1 0 986
1496 : 1 0 748
966 : 1 0 483
1497 : 1 1 748
1824 : 1 0 912
1498 : 1 0 749
1121 : 1 1 560
1499 : 1 1 749
1649 : 1 1 824
1500 : 1 0 750
1501 : 1 1 750
1504 : 1 0 752
1505 : 1 1 752
329 : 1 1 164
1507 : 1 1 753
1509 : 1 1 754
3656 : 0 828
1511 : 1 1 755
3031 : 2 0 1 515
1513 : 1 1 756
1515 : 1 1 757
1516 : 1 0 758
2976 : 0 488
2088 : 0 44
2846 : 0 423
1518 : 1 0 759
1522 : 1 0 761
1545 : 1 1 772
2585 : 2 0 1 292
1523 : 1 1 761
281 : 1 1 140
104 : 1 0 52
1530 : 1 0 765
1534 : 1 0 767
1536 : 1 0 768
1537 : 1 1 768
1645 : 1 1 822
703 : 1 1 351
2311 : 2 0 1 155
1539 : 1 1 769
906 : 1 0 453
1540 : 1 0 770
1541 : 1 1 770
2939 : 2 0 1 469
3177 : 2 0 1 588
1542 : 1 0 771
1543 : 1 1 771
3982 : 0 991
1544 : 1 0 772
1227 : 1 1 613
1547 : 1 1 773
1549 : 1 1 774
1550 : 1 0 775
1552 : 1 0 776
1768 : 1 0 884
1554 : 1 0 777
2364 : 0 182
1555 : 1 1 777
1558 : 1 0 779
857 : 1 1 428
1559 : 1 1 779
1561 : 1 1 780
1562 : 1 0 781
2340 : 0 170
3590 : 0 795
2966 : 0 483
1565 : 1 1 782
1566 : 1 0 783
2620 : 0 310
17 : 1 1 8
1567 : 1 1 783
70 : 1 0 35
2530 : 0 265
1546 : 1 0 773
2042 : 0 21
2472 : 0 236
2751 : 2 0 1 375
3757 : 2 0 1 878
1572 : 1 0 786
1573 : 1 1 786
2532 : 0 266
819 : 1 1 409
1579 : 1 1 789
392 : 1 0 196
2565 : 2 0 1 282
760 : 1 0 380
1580 : 1 0 790
1302 : 1 0 651
1581 : 1 1 790
872 : 1 0 436
1583 : 1 1 791
1584 : 1 0 792
1585 : 1 1 792
3641 : 2 0 1 820
1415 : 1 1 707
1588 : 1 0 794
2951 : 2 0 1 475
1590 : 1 0 795
1834 : 1 0 917
1591 : 1 1 795
2201 : 2 0 1 100
3002 : 0 501
1593 : 1 1 796
1594 : 1 0 797
1934 : 1 0 967
1598 : 1 0 799
1599 : 1 1 799
1175 : 1 1 587
1600 : 1 0 800
2384 : 0 192
1601 : 1 1 800
1602 : 1 0 801
1605 : 1 1 802
1608 : 1 0 804
1609 : 1 1 804
1610 : 1 0 805
1612 : 1 0 806
3499 : 2 0 1 749
3348 : 0 674
203 : 1 1 101
848 : 1 0 424
1615 : 1 1 807
1413 : 1 1 706
2033 : 2 0 1 16
1997 : 1 1 998
1616 : 1 0 808
2041 : 2 0 1 20
1617 : 1 1 808
1619 : 1 1 809
3 : 1 1 1
1889 : 1 1 944
1669 : 1 1 834
315 : 1 1 157
2776 : 0 388
1623 : 1 1 811
2510 : 0 255
2907 : 2 0 1 453
360 : 1 0 180
1626 : 1 0 813
2694 : 0 347
3186 : 0 593
3993 : 2 0 1 996
1627 : 1 1 813
3589 : 2 0 1 794
2092 : 0 46
1629 : 1 1 814
2031 : 2 0 1 15
576 : 1 0 288
2754 : 0 377
1630 : 1 0 815
1631 : 1 1 815
441 : 1 1 220
1632 : 1 0 816
1282 : 1 0 641
1912 : 1 0 956
2553 : 2 0 1 276
930 : 1 0 465
1633 : 1 1 816
1892 : 1 0 946
141 : 1 1 70
1635 : 1 1 817
2698 : 0 349
1636 : 1 0 818
1764 : 1 0 882
3136 : 0 568
1637 : 1 1 818
1638 : 1 0 819
1640 : 1 0 820
1642 : 1 0 821
1643 : 1 1 821
405 : 1 1 202
1644 : 1 0 822
1647 : 1 1 823
3764 : 0 882
3321 : 2 0 1 660
1648 : 1 0 824
3512 : 0 756
1650 : 1 0 825
2415 : 2 0 1 207
3521 : 2 0 1 760
1651 : 1 1 825
1225 : 1 1 612
1653 : 1 1 826
1654 : 1 0 827
1656 : 1 0 828
1657 : 1 1 828
1658 : 1 0 829
1696 : 1 0 848
1662 : 1 0 831
1664 : 1 0 832
1665 : 1 1 832
1666 : 1 0 833
1672 : 1 0 836
1194 : 1 0 597
1673 : 1 1 836
2690 : 0 345
1135 : 1 1 567
3176 : 0 588
1675 : 1 1 837
1676 : 1 0 838
1679 : 1 1 839
1793 : 1 1 896
3559 : 2 0 1 779
1680 : 1 0 840
3281 : 2 0 1 640
1683 : 1 1 841
2025 : 2 0 1 12
837 : 1 1 418
1687 : 1 1 843
3716 : 0 858
1689 : 1 1 844
1692 : 1 0 846
1694 : 1 0 847
1769 : 1 1 884
2873 : 2 0 1 436
1699 : 1 1 849
993 : 1 1 496
1025 : 1 1 512
2051 : 2 0 1 25
2790 : 0 395
1701 : 1 1 850
1577 : 1 1 788
2536 : 0 268
2991 : 2 0 1 495
1702 : 1 0 851
1729 : 1 1 864
2320 : 0 160
1703 : 1 1 851
1704 : 1 0 852
1705 : 1 1 852
1707 : 1 1 853
3328 : 0 664
1711 : 1 1 855
3531 : 2 0 1 765
1713 : 1 1 856
1714 : 1 0 857
2112 : 0 56
1715 : 1 1 857
1230 : 1 0 615
2324 : 0 162
455 : 1 1 227
1717 : 1 1 858
2812 : 0 406
1718 : 1 0 859
3444 : 0 722
1719 : 1 1 859
2186 : 0 93
1720 : 1 0 860
1722 : 1 0 861
1724 : 1 0 862
1747 : 1 1 873
1725 : 1 1 862
461 : 1 1 230
3181 : 2 0 1 590
836 : 1 0 418
1727 : 1 1 863
2848 : 0 424
3303 : 2 0 1 651
1730 : 1 0 865
3109 : 2 0 1 554
3419 : 2 0 1 709
8 : 1 0 4
1733 : 1 1 866
222 : 1 0 111
2912 : 0 456
1734 : 1 0 867
1735 : 1 1 867
1737 : 1 1 868
1099 : 1 1 549
1738 : 1 0 869
1741 : 1 1 870
1743 : 1 1 871
426 : 1 0 213
1858 : 1 0 929
1744 : 1 0 872
2101 : 2 0 1 50
3688 : 0 844
1293 : 1 1 646
1749 : 1 1 874
1750 : 1 0 875
884 : 1 0 442
1760 : 1 0 880
3141 : 2 0 1 570
1751 : 1 1 875
532 : 1 0 266
138 : 1 0 69
1752 : 1 0 876
1755 : 1 1 877
119 : 1 1 59
1736 : 1 0 868
1757 : 1 1 878
1908 : 1 0 954
1758 : 1 0 879
2241 : 2 0 1 120
1759 : 1 1 879
647 : 1 1 323
2377 : 2 0 1 188
1761 : 1 1 880
1762 : 1 0 881
1766 : 1 0 883
3227 : 2 0 1 613
3044 : 0 522
1770 : 1 0 885
3258 : 0 629
1771 : 1 1 885
2227 : 2 0 1 113
1773 : 1 1 886
1777 : 1 1 888
1779 : 1 1 889
1781 : 1 1 890
1783 : 1 1 891
1785 : 1 1 892
3857 : 2 0 1 928
2398 : 0 199
1788 : 1 0 894
2142 : 0 71
1789 : 1 1 894
2914 : 0 457
3131 : 2 0 1 565
3878 : 0 939
1791 : 1 1 895
3174 : 0 587
3989 : 2 0 1 994
1553 : 1 1 776
1794 : 1 0 897
1748 : 1 0 874
1798 : 1 0 899
2259 : 2 0 1 129
2375 : 2 0 1 187
1944 : 1 0 972
1800 : 1 0 900
1801 : 1 1 900
2636 : 0 318
1646 : 1 0 823
2132 : 0 66
3890 : 0 945
3765 : 2 0 1 882
474 : 1 0 237
1803 : 1 1 901
1402 : 1 0 701
1804 : 1 0 902
2603 : 2 0 1 301
3097 : 2 0 1 548
111 : 1 1 55
1805 : 1 1 902
1806 : 1 0 903
779 : 1 1 389
1807 : 1 1 903
1808 : 1 0 904
2281 : 2 0 1 140
1809 : 1 1 904
2066 : 0 33
2174 : 0 87
1813 : 1 1 906
3749 : 2 0 1 874
1330 : 1 0 665
1816 : 1 0 908
2990 : 0 495
3600 : 0 800
1327 : 1 1 663
1014 : 1 0 507
1817 : 1 1 908
1819 : 1 1 909
1383 : 1 1 691
1821 : 1 1 910
2627 : 2 0 1 313
1823 : 1 1 911
2336 : 0 168
1825 : 1 1 912
556 : 1 0 278
2440 : 0 220
1831 : 1 1 915
886 : 1 0 443
1832 : 1 0 916
3744 : 0 872
1855 : 1 1 927
1833 : 1 1 916
3544 : 0 772
1835 : 1 1 917
1140 : 1 0 570
2960 : 0 480
447 : 1 1 223
1836 : 1 0 918
978 : 1 0 489
1837 : 1 1 918
2254 : 0 127
1838 : 1 0 919
3914 : 0 957
3842 : 0 921
72 : 1 0 36
1839 : 1 1 919
1840 : 1 0 920
2026 : 0 13
2745 : 2 0 1 372
3491 : 2 0 1 745
1428 : 1 0 714
127 : 1 1 63
1774 : 1 0 887
1843 : 1 1 921
2509 : 2 0 1 254
1846 : 1 0 923
1847 : 1 1 923
202 : 1 0 101
1849 : 1 1 924
3988 : 0 994
2061 : 2 0 1 30
1850 : 1 0 925
835 : 1 1 417
1853 : 1 1 926
2416 : 0 208
2963 : 2 0 1 481
1859 : 1 1 929
1862 : 1 0 931
1311 : 1 1 655
3107 : 2 0 1 553
1863 : 1 1 931
2074 : 0 37
1866 : 1 0 933
1867 : 1 1 933
1868 : 1 0 934
3159 : 2 0 1 579
1869 : 1 1 934
3578 : 0 789
2633 : 2 0 1 316
318 : 1 0 159
1870 : 1 0 935
1379 : 1 1 689
642 : 1 0 321
582 : 1 0 291
1874 : 1 0 937
2104 : 0 52
1877 : 1 1 938
1880 : 1 0 940
1881 : 1 1 940
1884 : 1 0 942
2551 : 2 0 1 275
2171 : 2 0 1 85
2672 : 0 336
3627 : 2 0 1 813
563 : 1 1 281
1885 : 1 1 942
2107 : 2 0 1 53
2958 : 0 479
1887 : 1 1 943
1888 : 1 0 944
2715 : 2 0 1 357
1893 : 1 1 946
3883 : 2 0 1 941
739 : 1 1 369
1895 : 1 1 947
1897 : 1 1 948
390 : 1 0 195
2978 : 0 489
3374 : 0 687
156 : 1 0 78
1899 : 1 1 949
330 : 1 0 165
2678 : 0 339
3803 : 2 0 1 901
3190 : 0 595
3932 : 0 966
1900 : 1 0 950
1901 : 1 1 950
206 : 1 0 103
2594 : 0 297
1903 : 1 1 951
1356 : 1 0 678
1746 : 1 0 873
1904 : 1 0 952
1910 : 1 0 955
1469 : 1 1 734
96 : 1 0 48
1911 : 1 1 955
2075 : 2 0 1 37
2749 : 2 0 1 374
1916 : 1 0 958
2519 : 2 0 1 259
1919 : 1 1 959
2010 : 0 5
175 : 1 1 87
1857 : 1 1 928
1920 : 1 0 960
1924 : 1 0 962
3612 : 0 806
1928 : 1 0 964
2752 : 0 376
1929 : 1 1 964
2183 : 2 0 1 91
2319 : 2 0 1 159
2465 : 2 0 1 232
2244 : 0 122
1930 : 1 0 965
1854 : 1 0 927
1931 : 1 1 965
2824 : 0 412
1932 : 1 0 966
1935 : 1 1 967
1936 : 1 0 968
1938 : 1 0 969
1942 : 1 0 971
2663 : 2 0 1 331
1945 : 1 1 972
1948 : 1 0 974
1949 : 1 1 974
2666 : 0 333
3872 : 0 936
3726 : 0 863
1352 : 1 0 676
1950 : 1 0 975
1532 : 1 0 766
2927 : 2 0 1 463
1951 : 1 1 975
2932 : 0 466
1952 : 1 0 976
1953 : 1 1 976
1954 : 1 0 977
3504 : 0 752
2076 : 0 38
2632 : 0 316
1955 : 1 1 977
1956 : 1 0 978
1957 : 1 1 978
1961 : 1 1 980
3266 : 0 633
1962 : 1 0 981
3806 : 0 903
3731 : 2 0 1 865
1963 : 1 1 981
2711 : 2 0 1 355
3529 : 2 0 1 764
2987 : 2 0 1 493
1964 : 1 0 982
2986 : 0 493
1971 : 1 1 985
3012 : 0 506
1973 : 1 1 986
1977 : 1 1 988
714 : 1 0 357
2689 : 2 0 1 344
1978 : 1 0 989
1980 : 1 0 990
1982 : 1 0 991
944 : 1 0 472
1814 : 1 0 907
1983 : 1 1 991
2470 : 0 235
1988 : 1 0 994
1989 : 1 1 994
1119 : 1 1 559
1876 : 1 0 938
1990 : 1 0 995
2047 : 2 0 1 23
1991 : 1 1 995
3686 : 0 843
802 : 1 0 401
3098 : 0 549
1639 : 1 1 819
1992 : 1 0 996
1993 : 1 1 996
1753 : 1 1 876
1994 : 1 0 997
1995 : 1 1 997
1184 : 1 0 592
2839 : 2 0 1 419
3841 : 2 0 1 920
1996 : 1 0 998
917 : 1 1 458
1998 : 1 0 999
2018 : 0 9
2755 : 2 0 1 377
2119 : 2 0 1 59
74 : 1 0 37
2000 : 0 1
2001 : 1 0 0
865 : 1 1 432
2004 : 0 2
2005 : 2 0 1 2
1337 : 1 1 668
2746 : 0 373
2006 : 0 3
2007 : 2 0 1 3
2009 : 2 0 1 4
2011 : 2 0 1 5
2013 : 2 0 1 6
2014 : 0 7
3201 : 2 0 1 600
2015 : 2 0 1 7
2016 : 0 8
1190 : 1 0 595
2019 : 2 0 1 9
1517 : 1 1 758
2020 : 0 10
2021 : 2 0 1 10
3642 : 0 821
331 : 1 1 165
3114 : 0 557
591 : 1 1 295
2022 : 0 11
2419 : 2 0 1 209
2023 : 2 0 1 11
2024 : 0 12
2189 : 2 0 1 94
2028 : 0 14
2029 : 2 0 1 14
3287 : 2 0 1 643
616 : 1 0 308
2030 : 0 15
3483 : 2 0 1 741
2118 : 0 59
2032 : 0 16
285 : 1 1 142
2730 : 0 365
552 : 1 0 276
2036 : 0 18
2037 : 2 0 1 18
2316 : 0 158
3139 : 2 0 1 569
2038 : 0 19
1048 : 1 0 524
1247 : 1 1 623
67 : 1 1 33
3092 : 0 546
3307 : 2 0 1 653
2043 : 2 0 1 21
3347 : 2 0 1 673
240 : 1 0 120
2542 : 0 271
2048 : 0 24
1401 : 1 1 700
2052 : 0 26
277 : 1 1 138
2055 : 2 0 1 27
3173 : 2 0 1 586
2057 : 2 0 1 28
2548 : 0 274
2060 : 0 30
575 : 1 1 287
2062 : 0 31
440 : 1 0 220
2067 : 2 0 1 33
2065 : 2 0 1 32
3010 : 0 505
2068 : 0 34
1641 : 1 1 820
2365 : 2 0 1 182
3016 : 0 508
2071 : 2 0 1 35
308 : 1 0 154
2072 : 0 36
3105 : 2 0 1 552
2078 : 0 39
2079 : 2 0 1 39
2082 : 0 41
1433 : 1 1 716
1811 : 1 1 905
2083 : 2 0 1 41
2385 : 2 0 1 192
3797 : 2 0 1 898
1006 : 1 0 503
2086 : 0 43
2267 : 2 0 1 133
523 : 1 1 261
2091 : 2 0 1 45
2094 : 0 47
2098 : 0 49
2391 : 2 0 1 195
2099 : 2 0 1 49
3948 : 0 974
3178 : 0 589
2589 : 2 0 1 294
2102 : 0 51
3526 : 0 763
2596 : 0 298
2103 : 2 0 1 51
1189 : 1 1 594
2108 : 0 54
2359 : 2 0 1 179
2116 : 0 58
2367 : 2 0 1 183
401 : 1 1 200
3206 : 0 603
700 : 1 0 350
2035 : 2 0 1 17
2117 : 2 0 1 58
936 : 1 0 468
2121 : 2 0 1 60
2122 : 0 61
2058 : 0 29
358 : 1 0 179
2123 : 2 0 1 61
1979 : 1 1 989
2608 : 0 304
2125 : 2 0 1 62
2127 : 2 0 1 63
2306 : 0 153
3296 : 0 648
2129 : 2 0 1 64
2130 : 0 65
1439 : 1 1 719
2131 : 2 0 1 65
2137 : 2 0 1 68
2138 : 0 69
1754 : 1 0 877
2140 : 0 70
2141 : 2 0 1 70
2906 : 0 453
2144 : 0 72
2147 : 2 0 1 73
2148 : 0 74
1102 : 1 0 551
780 : 1 0 390
2069 : 2 0 1 34
2149 : 2 0 1 74
2151 : 2 0 1 75
2155 : 2 0 1 77
2156 : 0 78
2159 : 2 0 1 79
2301 : 2 0 1 150
152 : 1 0 76
2161 : 2 0 1 80
2318 : 0 159
2163 : 2 0 1 81
2164 : 0 82
2165 : 2 0 1 82
2166 : 0 83
12 : 1 0 6
2167 : 2 0 1 83
2787 : 2 0 1 393
2172 : 0 86
2276 : 0 138
2077 : 2 0 1 38
2175 : 2 0 1 87
497 : 1 1 248
2177 : 2 0 1 88
1409 : 1 1 704
2178 : 0 89
2179 : 2 0 1 89
2180 : 0 90
2181 : 2 0 1 90
2679 : 2 0 1 339
2843 : 2 0 1 421
2671 : 2 0 1 335
218 : 1 0 109
2188 : 0 94
758 : 1 0 379
2190 : 0 95
713 : 1 1 356
2256 : 0 128
1925 : 1 1 962
1303 : 1 1 651
3008 : 0 504
2135 : 2 0 1 67
2191 : 2 0 1 95
2526 : 0 263
2196 : 0 98
2197 : 2 0 1 98
2198 : 0 99
1797 : 1 1 898
2202 : 0 101
2554 : 0 277
2203 : 2 0 1 101
2204 : 0 102
2205 : 2 0 1 102
2206 : 0 103
2207 : 2 0 1 103
2210 : 0 105
2211 : 2 0 1 105
2213 : 2 0 1 106
2214 : 0 107
13 : 1 1 6
2216 : 0 108
2217 : 2 0 1 108
741 : 1 1 370
2218 : 0 109
2219 : 2 0 1 109
2937 : 2 0 1 468
2222 : 0 111
2224 : 0 112
2225 : 2 0 1 112
1526 : 1 0 763
1661 : 1 1 830
3167 : 2 0 1 583
2228 : 0 114
972 : 1 0 486
2229 : 2 0 1 114
384 : 1 0 192
2577 : 2 0 1 288
2869 : 2 0 1 434
2230 : 0 115
3353 : 2 0 1 676
2507 : 2 0 1 253
2231 : 2 0 1 115
2297 : 2 0 1 148
1021 : 1 1 510
2619 : 2 0 1 309
2803 : 2 0 1 401
2234 : 0 117
2496 : 0 248
2235 : 2 0 1 117
1270 : 1 0 635
2308 : 0 154
2236 : 0 118
1255 : 1 1 627
2405 : 2 0 1 202
2237 : 2 0 1 118
2982 : 0 491
2240 : 0 120
603 : 1 1 301
2242 : 0 121
2896 : 0 448
2245 : 2 0 1 122
2247 : 2 0 1 123
2249 : 2 0 1 124
340 : 1 0 170
2251 : 2 0 1 125
2252 : 0 126
2253 : 2 0 1 126
343 : 1 1 171
1634 : 1 0 817
2255 : 2 0 1 127
2257 : 2 0 1 128
2649 : 2 0 1 324
3085 : 2 0 1 542
2258 : 0 129
2357 : 2 0 1 178
3833 : 2 0 1 916
2261 : 2 0 1 130
3702 : 0 851
2284 : 0 142
2262 : 0 131
2458 : 0 229
2354 : 0 177
2263 : 2 0 1 131
890 : 1 0 445
2753 : 2 0 1 376
2265 : 2 0 1 132
2266 : 0 133
2922 : 0 461
2269 : 2 0 1 134
2270 : 0 135
2272 : 0 136
2273 : 2 0 1 136
2277 : 2 0 1 138
3090 : 0 545
2280 : 0 140
2283 : 2 0 1 141
2544 : 0 272
302 : 1 0 151
1756 : 1 0 878
2285 : 2 0 1 142
2286 : 0 143
2288 : 0 144
2827 : 2 0 1 413
2714 : 0 357
1117 : 1 1 558
3082 : 0 541
1450 : 1 0 725
1621 : 1 1 810
2291 : 2 0 1 145
2498 : 0 249
2293 : 2 0 1 146
2294 : 0 147
3965 : 2 0 1 982
2944 : 0 472
1728 : 1 0 864
1818 : 1 0 909
3007 : 2 0 1 503
2295 : 2 0 1 147
2349 : 2 0 1 174
1732 : 1 0 866
2296 : 0 148
2300 : 0 150
3362 : 0 681
2305 : 2 0 1 152
2342 : 0 171
1902 : 1 0 951
2475 : 2 0 1 237
2313 : 2 0 1 156
3418 : 0 709
2317 : 2 0 1 158
2321 : 2 0 1 160
235 : 1 1 117
2570 : 0 285
2323 : 2 0 1 161
653 : 1 1 326
1684 : 1 0 842
2325 : 2 0 1 162
1871 : 1 1 935
2327 : 2 0 1 163
2674 : 0 337
854 : 1 0 427
2334 : 0 167
3663 : 2 0 1 831
2872 : 0 436
1129 : 1 1 564
797 : 1 1 398
1512 : 1 0 756
2335 : 2 0 1 167
2387 : 2 0 1 193
838 : 1 0 419
2529 : 2 0 1 264
2339 : 2 0 1 169
2343 : 2 0 1 171
2344 : 0 172
2345 : 2 0 1 172
2246 : 0 123
2332 : 0 166
2346 : 0 173
2347 : 2 0 1 173
2350 : 0 175
1529 : 1 1 764
2351 : 2 0 1 175
2356 : 0 178
1336 : 1 0 668
2358 : 0 179
1882 : 1 0 941
2360 : 0 180
2361 : 2 0 1 180
1700 : 1 0 850
2363 : 2 0 1 181
2366 : 0 183
2368 : 0 184
3609 : 2 0 1 804
2370 : 0 185
859 : 1 1 429
2372 : 0 186
2373 : 2 0 1 186
2376 : 0 188
2309 : 2 0 1 154
2379 : 2 0 1 189
3009 : 2 0 1 504
3836 : 0 918
2438 : 0 219
2381 : 2 0 1 190
2879 : 2 0 1 439
3180 : 0 590
2382 : 0 191
2386 : 0 193
2371 : 2 0 1 185
2388 : 0 194
3493 : 2 0 1 746
1478 : 1 0 739
1624 : 1 0 812
1790 : 1 0 895
2818 : 0 409
2389 : 2 0 1 194
2390 : 0 195
2426 : 0 213
2392 : 0 196
2394 : 0 197
2395 : 2 0 1 197
1574 : 1 0 787
1786 : 1 0 893
2396 : 0 198
2268 : 0 134
2756 : 0 378
1970 : 1 0 985
2089 : 2 0 1 44
2397 : 2 0 1 198
2399 : 2 0 1 199
2401 : 2 0 1 200
2549 : 2 0 1 274
2402 : 0 201
2403 : 2 0 1 201
2404 : 0 202
2433 : 2 0 1 216
3525 : 2 0 1 762
2645 : 2 0 1 322
3138 : 0 569
3030 : 0 515
2407 : 2 0 1 203
1937 : 1 1 968
2409 : 2 0 1 204
2410 : 0 205
2411 : 2 0 1 205
2418 : 0 209
860 : 1 0 430
397 : 1 1 198
2406 : 0 203
2420 : 0 210
3523 : 2 0 1 761
2421 : 2 0 1 210
2423 : 2 0 1 211
1354 : 1 0 677
2424 : 0 212
1331 : 1 1 665
2425 : 2 0 1 212
102 : 1 0 51
2429 : 2 0 1 214
2355 : 2 0 1 177
2432 : 0 216
2495 : 2 0 1 247
2431 : 2 0 1 215
2435 : 2 0 1 217
2436 : 0 218
1490 : 1 0 745
2439 : 2 0 1 219
1323 : 1 1 661
2441 : 2 0 1 220
2443 : 2 0 1 221
2943 : 2 0 1 471
2444 : 0 222
3441 : 2 0 1 720
2445 : 2 0 1 222
2447 : 2 0 1 223
2448 : 0 224
2450 : 0 225
3193 : 2 0 1 596
2451 : 2 0 1 225
1204 : 1 0 602
3024 : 0 512
2452 : 0 226
2456 : 0 228
1560 : 1 0 780
24 : 1 0 12
2460 : 0 230
2462 : 0 231
2972 : 0 486
2466 : 0 233
2467 : 2 0 1 233
2468 : 0 234
1525 : 1 1 762
1820 : 1 0 910
2469 : 2 0 1 234
1894 : 1 0 947
2712 : 0 356
2471 : 2 0 1 235
271 : 1 1 135
2474 : 0 237
2477 : 2 0 1 238
1829 : 1 1 914
2302 : 0 151
2478 : 0 239
3486 : 0 743
2766 : 0 383
2785 : 2 0 1 392
2480 : 0 240
2482 : 0 241
2483 : 2 0 1 241
2485 : 2 0 1 242
2487 : 2 0 1 243
387 : 1 1 193
2039 : 2 0 1 19
2489 : 2 0 1 244
153 : 1 1 76
2491 : 2 0 1 245
2692 : 0 346
2298 : 0 149
2492 : 0 246
2493 : 2 0 1 246
2497 : 2 0 1 248
297 : 1 1 148
2499 : 2 0 1 249
2500 : 0 250
2212 : 0 106
1064 : 1 0 532
2601 : 2 0 1 300
2501 : 2 0 1 250
3314 : 0 657
2622 : 0 311
2264 : 0 132
2502 : 0 251
2503 : 2 0 1 251
3188 : 0 594
2504 : 0 252
3955 : 2 0 1 977
2328 : 0 164
2505 : 2 0 1 252
2506 : 0 253
2602 : 0 301
2515 : 2 0 1 257
2516 : 0 258
2520 : 0 260
2521 : 2 0 1 260
3191 : 2 0 1 595
2523 : 2 0 1 261
2524 : 0 262
959 : 1 1 479
3035 : 2 0 1 517
3550 : 0 775
2527 : 2 0 1 263
2531 : 2 0 1 265
3909 : 2 0 1 954
1060 : 1 0 530
2537 : 2 0 1 268
2665 : 2 0 1 332
2541 : 2 0 1 270
1812 : 1 0 906
2547 : 2 0 1 273
1088 : 1 0 544
690 : 1 0 345
2552 : 0 276
1620 : 1 0 810
2556 : 0 278
2558 : 0 279
2560 : 0 280
2561 : 2 0 1 280
2885 : 2 0 1 442
2563 : 2 0 1 281
1393 : 1 1 696
2564 : 0 282
3807 : 2 0 1 903
2566 : 0 283
3568 : 0 784
1003 : 1 1 501
2567 : 2 0 1 283
2977 : 2 0 1 488
2568 : 0 284
2572 : 0 286
2574 : 0 287
3615 : 2 0 1 807
1419 : 1 1 709
2575 : 2 0 1 287
3519 : 2 0 1 759
1922 : 1 0 961
2580 : 0 290
2581 : 2 0 1 290
2582 : 0 291
2584 : 0 292
3956 : 0 978
2586 : 0 293
2587 : 2 0 1 293
784 : 1 0 392
2590 : 0 295
2591 : 2 0 1 295
2643 : 2 0 1 321
2592 : 0 296
2598 : 0 299
1324 : 1 0 662
2599 : 2 0 1 299
2525 : 2 0 1 262
2600 : 0 300
2956 : 0 478
2170 : 0 85
2604 : 0 302
2607 : 2 0 1 303
2612 : 0 306
1013 : 1 1 506
2613 : 2 0 1 306
2614 : 0 307
900 : 1 0 450
2615 : 2 0 1 307
2616 : 0 308
2617 : 2 0 1 308
3488 : 0 744
2618 : 0 309
2621 : 2 0 1 310
2959 : 2 0 1 479
2624 : 0 312
2128 : 0 64
2628 : 0 314
2634 : 0 317
3666 : 0 833
2635 : 2 0 1 317
3017 : 2 0 1 508
2637 : 2 0 1 318
2740 : 0 370
2638 : 0 319
827 : 1 1 413
2494 : 0 247
2639 : 2 0 1 319
2640 : 0 320
2579 : 2 0 1 289
2654 : 0 327
2644 : 0 322
743 : 1 1 371
1886 : 1 0 943
2646 : 0 323
2650 : 0 325
1011 : 1 1 505
2651 : 2 0 1 325
2652 : 0 326
1875 : 1 1 937
364 : 1 0 182
244 : 1 0 122
2653 : 2 0 1 326
3257 : 2 0 1 628
2656 : 0 328
2658 : 0 329
1767 : 1 1 883
2660 : 0 330
2667 : 2 0 1 333
2668 : 0 334
2673 : 2 0 1 336
2675 : 2 0 1 337
1073 : 1 1 536
2676 : 0 338
2680 : 0 340
155 : 1 1 77
2683 : 2 0 1 341
2684 : 0 342
2687 : 2 0 1 343
2688 : 0 344
2693 : 2 0 1 346
2695 : 2 0 1 347
3851 : 2 0 1 925
2706 : 0 353
2696 : 0 348
2699 : 2 0 1 349
569 : 1 1 284
2703 : 2 0 1 351
2704 : 0 352
2705 : 2 0 1 352
2713 : 2 0 1 356
2664 : 0 332
2718 : 0 359
2719 : 2 0 1 359
3041 : 2 0 1 520
534 : 1 0 267
2723 : 2 0 1 361
2100 : 0 50
2648 : 0 324
2724 : 0 362
2725 : 2 0 1 362
2476 : 0 238
2726 : 0 363
2727 : 2 0 1 363
2731 : 2 0 1 365
2809 : 2 0 1 404
3508 : 0 754
2735 : 2 0 1 367
2742 : 0 371
2738 : 0 369
2739 : 2 0 1 369
2743 : 2 0 1 371
1420 : 1 0 710
2744 : 0 372
2747 : 2 0 1 373
1454 : 1 0 727
2748 : 0 374
2750 : 0 375
2027 : 2 0 1 13
2757 : 2 0 1 378
2758 : 0 379
3409 : 2 0 1 704
1047 : 1 1 523
729 : 1 1 364
3066 : 0 533
2215 : 2 0 1 107
2760 : 0 380
2761 : 2 0 1 380
2762 : 0 381
3693 : 2 0 1 846
708 : 1 0 354
2763 : 2 0 1 381
2769 : 2 0 1 384
35 : 1 1 17
2770 : 0 385
2771 : 2 0 1 385
926 : 1 0 463
2772 : 0 386
1878 : 1 0 939
2773 : 2 0 1 386
2775 : 2 0 1 387
89 : 1 1 44
2778 : 0 389
1613 : 1 1 806
2779 : 2 0 1 389
2781 : 2 0 1 390
2783 : 2 0 1 391
2764 : 0 382
2784 : 0 392
33 : 1 1 16
2786 : 0 393
2794 : 0 397
2800 : 0 400
1476 : 1 0 738
2801 : 2 0 1 400
2802 : 0 401
1373 : 1 1 686
2874 : 0 437
2804 : 0 402
3913 : 2 0 1 956
2820 : 0 410
3126 : 0 563
2805 : 2 0 1 402
3628 : 0 814
2989 : 2 0 1 494
2811 : 2 0 1 405
1446 : 1 0 723
2814 : 0 407
2817 : 2 0 1 408
2819 : 2 0 1 409
2821 : 2 0 1 410
2822 : 0 411
2823 : 2 0 1 411
2825 : 2 0 1 412
2826 : 0 413
3564 : 0 782
290 : 1 0 145
2837 : 2 0 1 418
831 : 1 1 415
2838 : 0 419
2840 : 0 420
3804 : 0 902
2304 : 0 152
2841 : 2 0 1 420
2842 : 0 421
3189 : 2 0 1 594
2844 : 0 422
2845 : 2 0 1 422
2847 : 2 0 1 423
2849 : 2 0 1 424
2850 : 0 425
2854 : 0 427
1625 : 1 1 812
95 : 1 1 47
2860 : 0 430
1494 : 1 0 747
2861 : 2 0 1 430
3435 : 2 0 1 717
1575 : 1 1 787
2862 : 0 431
2866 : 0 433
3520 : 0 760
2867 : 2 0 1 433
1986 : 1 0 993
2870 : 0 435
3657 : 2 0 1 828
262 : 1 0 131
2875 : 2 0 1 437
2876 : 0 438
2877 : 2 0 1 438
2880 : 0 440
597 : 1 1 298
2881 : 2 0 1 440
2883 : 2 0 1 441
3351 : 2 0 1 675
2884 : 0 442
1043 : 1 1 521
1830 : 1 0 915
2887 : 2 0 1 443
2611 : 2 0 1 305
2889 : 2 0 1 444
3021 : 2 0 1 510
712 : 1 0 356
46 : 1 0 23
2892 : 0 446
3915 : 2 0 1 957
2947 : 2 0 1 473
1201 : 1 1 600
2895 : 2 0 1 447
2791 : 2 0 1 395
2897 : 2 0 1 448
841 : 1 1 420
2898 : 0 449
2901 : 2 0 1 450
2905 : 2 0 1 452
2909 : 2 0 1 454
2910 : 0 455
2911 : 2 0 1 455
1448 : 1 0 724
2915 : 2 0 1 457
2916 : 0 458
3451 : 2 0 1 725
2918 : 0 459
2919 : 2 0 1 459
6 : 1 0 3
2808 : 0 404
2920 : 0 460
2921 : 2 0 1 460
2925 : 2 0 1 462
1604 : 1 0 802
167 : 1 1 83
2934 : 0 467
2926 : 0 463
1772 : 1 0 886
2928 : 0 464
2160 : 0 80
2929 : 2 0 1 464
3809 : 2 0 1 904
3042 : 0 521
2930 : 0 465
2931 : 2 0 1 465
783 : 1 1 391
2933 : 2 0 1 466
2935 : 2 0 1 467
77 : 1 1 38
2936 : 0 468
3053 : 2 0 1 526
2941 : 2 0 1 470
2329 : 2 0 1 164
3057 : 2 0 1 528
2942 : 0 471
2946 : 0 473
3369 : 2 0 1 684
2948 : 0 474
2954 : 0 477
2957 : 2 0 1 478
2830 : 0 415
2961 : 2 0 1 480
3737 : 2 0 1 868
2962 : 0 481
3129 : 2 0 1 564
2964 : 0 482
3874 : 0 937
2965 : 2 0 1 482
2970 : 0 485
2973 : 2 0 1 486
75 : 1 1 37
2974 : 0 487
1799 : 1 1 899
3028 : 0 514
3251 : 2 0 1 625
2980 : 0 490
1745 : 1 1 872
2562 : 0 281
2981 : 2 0 1 490
2988 : 0 494
2992 : 0 496
2993 : 2 0 1 496
2994 : 0 497
3778 : 0 889
3455 : 2 0 1 727
228 : 1 0 114
1587 : 1 1 793
2995 : 2 0 1 497
2250 : 0 125
2996 : 0 498
3001 : 2 0 1 500
3004 : 0 502
3018 : 0 509
619 : 1 1 309
3020 : 0 510
1740 : 1 0 870
3022 : 0 511
3026 : 0 513
963 : 1 1 481
3027 : 2 0 1 513
3029 : 2 0 1 514
3675 : 2 0 1 837
3033 : 2 0 1 516
3034 : 0 517
3036 : 0 518
3805 : 2 0 1 902
3733 : 2 0 1 866
3037 : 2 0 1 518
3216 : 0 608
3038 : 0 519
3040 : 0 520
3043 : 2 0 1 521
3450 : 0 725
3045 : 2 0 1 522
3046 : 0 523
3047 : 2 0 1 523
3048 : 0 524
3049 : 2 0 1 524
903 : 1 1 451
3050 : 0 525
3736 : 0 868
3298 : 0 649
2154 : 0 77
3052 : 0 526
3054 : 0 527
2200 : 0 100
2924 : 0 462
3055 : 2 0 1 527
3312 : 0 656
296 : 1 0 148
3058 : 0 529
3059 : 2 0 1 529
3164 : 0 582
1116 : 1 0 558
3061 : 2 0 1 530
83 : 1 1 41
3062 : 0 531
413 : 1 1 206
3064 : 0 532
3065 : 2 0 1 532
3067 : 2 0 1 533
2185 : 2 0 1 92
3069 : 2 0 1 534
3078 : 0 539
873 : 1 1 436
3070 : 0 535
3071 : 2 0 1 535
3073 : 2 0 1 536
3161 : 2 0 1 580
1861 : 1 1 930
3075 : 2 0 1 537
3076 : 0 538
3080 : 0 540
3083 : 2 0 1 541
3084 : 0 542
3086 : 0 543
3087 : 2 0 1 543
1628 : 1 0 814
3088 : 0 544
3091 : 2 0 1 545
3093 : 2 0 1 546
3100 : 0 550
3101 : 2 0 1 550
3103 : 2 0 1 551
3104 : 0 552
2610 : 0 305
3106 : 0 553
3110 : 0 555
3112 : 0 556
2314 : 0 157
3115 : 2 0 1 557
3116 : 0 558
3117 : 2 0 1 558
381 : 1 1 190
542 : 1 0 271
3118 : 0 559
3122 : 0 561
3125 : 2 0 1 562
29 : 1 1 14
3127 : 2 0 1 563
3128 : 0 564
3130 : 0 565
916 : 1 0 458
3142 : 0 571
3144 : 0 572
3147 : 2 0 1 573
1220 : 1 0 610
3108 : 0 554
1414 : 1 0 707
3148 : 0 574
3934 : 0 967
3149 : 2 0 1 574
3151 : 2 0 1 575
3152 : 0 576
1178 : 1 0 589
3153 : 2 0 1 576
3156 : 0 578
1802 : 1 0 901
3183 : 2 0 1 591
3160 : 0 580
3163 : 2 0 1 581
2090 : 0 45
3014 : 0 507
3166 : 0 583
3168 : 0 584
3099 : 2 0 1 549
3169 : 2 0 1 584
3240 : 0 620
3170 : 0 585
3179 : 2 0 1 589
3182 : 0 591
3184 : 0 592
3185 : 2 0 1 592
391 : 1 1 195
3187 : 2 0 1 593
3194 : 0 597
3195 : 2 0 1 597
2133 : 2 0 1 66
3197 : 2 0 1 598
3317 : 2 0 1 658
3198 : 0 599
3199 : 2 0 1 599
2195 : 2 0 1 97
3200 : 0 600
2073 : 2 0 1 36
3202 : 0 601
3930 : 0 965
3205 : 2 0 1 602
3207 : 2 0 1 603
