4000
2 0.44094 0.55906 
2 0.00007 0.99993 
2 1.00000 0.00000 
2 1.00000 0.00000 
2 0.00003 0.99997 
2 1.00000 0.00000 
2 0.00001 0.99999 
2 1.00000 0.00000 
2 0.00001 0.99999 
2 1.00000 0.00000 
2 0.00000 1.00000 
2 1.00000 0.00000 
2 0.00000 1.00000 
2 1.00000 0.00000 
2 0.00000 1.00000 
2 1.00000 0.00000 
2 0.00000 1.00000 
2 1.00000 0.00000 
2 0.00003 0.99997 
2 1.00000 0.00000 
2 0.00000 1.00000 
2 1.00000 0.00000 
2 0.00000 1.00000 
2 1.00000 0.00000 
2 0.00001 0.99999 
2 1.00000 0.00000 
2 0.00002 0.99998 
2 1.00000 0.00000 
2 0.00000 1.00000 
2 1.00000 0.00000 
2 0.00000 1.00000 
2 1.00000 0.00000 
2 0.00003 0.99997 
2 1.00000 0.00000 
2 0.00006 0.99994 
2 1.00000 0.00000 
2 0.00004 0.99996 
2 1.00000 0.00000 
2 0.00000 1.00000 
2 1.00000 0.00000 
2 0.00000 1.00000 
2 1.00000 0.00000 
2 0.00000 1.00000 
2 1.00000 0.00000 
2 0.00000 1.00000 
2 1.00000 0.00000 
2 0.00002 0.99998 
2 1.00000 0.00000 
2 0.00000 1.00000 
2 1.00000 0.00000 
2 0.00000 1.00000 
2 1.00000 0.00000 
2 0.00003 0.99997 
2 1.00000 0.00000 
2 0.00004 0.99996 
2 1.00000 0.00000 
2 0.00001 0.99999 
2 1.00000 0.00000 
2 0.00000 1.00000 
2 1.00000 0.00000 
2 0.00001 0.99999 
2 1.00000 0.00000 
2 0.00001 0.99999 
2 1.00000 0.00000 
2 0.00000 1.00000 
2 1.00000 0.00000 
2 0.00016 0.99984 
2 1.00000 0.00000 
2 0.00001 0.99999 
2 1.00000 0.00000 
2 0.00006 0.99994 
2 1.00000 0.00000 
2 0.00000 1.00000 
2 1.00000 0.00000 
2 0.00002 0.99998 
2 1.00000 0.00000 
2 0.00002 0.99998 
2 1.00000 0.00000 
2 0.00000 1.00000 
2 1.00000 0.00000 
2 0.00004 0.99996 
2 1.00000 0.00000 
2 0.00001 0.99999 
2 1.00000 0.00000 
2 0.00003 0.99997 
2 1.00000 0.00000 
2 0.00001 0.99999 
2 1.00000 0.00000 
2 0.00006 0.99994 
2 1.00000 0.00000 
2 0.00001 0.99999 
2 1.00000 0.00000 
2 0.00000 1.00000 
2 1.00000 0.00000 
2 0.00000 1.00000 
2 1.00000 0.00000 
2 0.00001 0.99999 
2 1.00000 0.00000 
2 0.00003 0.99997 
2 1.00000 0.00000 
2 0.00003 0.99997 
2 1.00000 0.00000 
2 0.00000 1.00000 
2 1.00000 0.00000 
2 0.00006 0.99994 
2 1.00000 0.00000 
2 0.00006 0.99994 
2 1.00000 0.00000 
2 0.00004 0.99996 
2 1.00000 0.00000 
2 0.00005 0.99995 
2 1.00000 0.00000 
2 0.00000 1.00000 
2 1.00000 0.00000 
2 0.00002 0.99998 
2 1.00000 0.00000 
2 0.00000 1.00000 
2 1.00000 0.00000 
2 0.00001 0.99999 
2 1.00000 0.00000 
2 0.00004 0.99996 
2 1.00000 0.00000 
2 0.00003 0.99997 
2 1.00000 0.00000 
2 0.00000 1.00000 
2 1.00000 0.00000 
2 0.00002 0.99998 
2 1.00000 0.00000 
2 0.00006 0.99994 
2 1.00000 0.00000 
2 0.00001 0.99999 
2 1.00000 0.00000 
2 0.00001 0.99999 
2 1.00000 0.00000 
2 0.00000 1.00000 
2 1.00000 0.00000 
2 0.00000 1.00000 
2 1.00000 0.00000 
2 0.00000 1.00000 
2 1.00000 0.00000 
2 0.00000 1.00000 
2 1.00000 0.00000 
2 0.00003 0.99997 
2 1.00000 0.00000 
2 0.00001 0.99999 
2 1.00000 0.00000 
2 0.00006 0.99994 
2 1.00000 0.00000 
2 0.00008 0.99992 
2 1.00000 0.00000 
2 0.00005 0.99995 
2 1.00000 0.00000 
2 0.00003 0.99997 
2 1.00000 0.00000 
2 0.00006 0.99994 
2 1.00000 0.00000 
2 0.00004 0.99996 
2 1.00000 0.00000 
2 0.00003 0.99997 
2 1.00000 0.00000 
2 0.00001 0.99999 
2 1.00000 0.00000 
2 0.00000 1.00000 
2 1.00000 0.00000 
2 0.00001 0.99999 
2 1.00000 0.00000 
2 0.00001 0.99999 
2 0.99999 0.00001 
2 0.00004 0.99996 
2 1.00000 0.00000 
2 0.00000 1.00000 
2 1.00000 0.00000 
2 0.00000 1.00000 
2 1.00000 0.00000 
2 0.00002 0.99998 
2 1.00000 0.00000 
2 0.00003 0.99997 
2 1.00000 0.00000 
2 0.00000 1.00000 
2 1.00000 0.00000 
2 0.00004 0.99996 
2 1.00000 0.00000 
2 0.00014 0.99986 
2 1.00000 0.00000 
2 0.00000 1.00000 
2 0.99998 0.00002 
2 0.00006 0.99994 
2 1.00000 0.00000 
2 0.00017 0.99983 
2 1.00000 0.00000 
2 0.00008 0.99992 
2 1.00000 0.00000 
2 0.00014 0.99986 
2 0.99999 0.00001 
2 0.00000 1.00000 
2 1.00000 0.00000 
2 0.00000 1.00000 
2 0.99999 0.00001 
2 0.00008 0.99992 
2 1.00000 0.00000 
2 0.00001 0.99999 
2 1.00000 0.00000 
2 0.00005 0.99995 
2 1.00000 0.00000 
2 0.00006 0.99994 
2 1.00000 0.00000 
2 0.00009 0.99991 
2 1.00000 0.00000 
2 0.00011 0.99989 
2 1.00000 0.00000 
2 0.00020 0.99980 
2 1.00000 0.00000 
2 0.00002 0.99998 
2 1.00000 0.00000 
2 0.00005 0.99995 
2 1.00000 0.00000 
2 0.00003 0.99997 
2 1.00000 0.00000 
2 0.00011 0.99989 
2 1.00000 0.00000 
2 0.00005 0.99995 
2 0.99999 0.00001 
2 0.00008 0.99992 
2 0.99999 0.00001 
2 0.00017 0.99983 
2 0.99999 0.00001 
2 0.00190 0.99810 
2 1.00000 0.00000 
2 0.00035 0.99965 
2 1.00000 0.00000 
2 0.00001 0.99999 
2 1.00000 0.00000 
2 0.00030 0.99970 
2 1.00000 0.00000 
2 0.00017 0.99983 
2 1.00000 0.00000 
2 0.00003 0.99997 
2 1.00000 0.00000 
2 0.00014 0.99986 
2 1.00000 0.00000 
2 0.00005 0.99995 
2 1.00000 0.00000 
2 0.00002 0.99998 
2 1.00000 0.00000 
2 0.00002 0.99998 
2 0.99997 0.00003 
2 0.00011 0.99989 
2 1.00000 0.00000 
2 0.00002 0.99998 
2 1.00000 0.00000 
2 0.00000 1.00000 
2 1.00000 0.00000 
2 0.00033 0.99967 
2 1.00000 0.00000 
2 0.00068 0.99932 
2 1.00000 0.00000 
2 0.00006 0.99994 
2 1.00000 0.00000 
2 0.00098 0.99902 
2 1.00000 0.00000 
2 0.00038 0.99962 
2 1.00000 0.00000 
2 0.00001 0.99999 
2 1.00000 0.00000 
2 0.00036 0.99964 
2 0.99999 0.00001 
2 0.00051 0.99949 
2 1.00000 0.00000 
2 0.00023 0.99977 
2 0.99999 0.00001 
2 0.00019 0.99981 
2 0.99999 0.00001 
2 0.00103 0.99897 
2 0.99998 0.00002 
2 0.00003 0.99997 
2 1.00000 0.00000 
2 0.00022 0.99978 
2 1.00000 0.00000 
2 0.00010 0.99990 
2 1.00000 0.00000 
2 0.00208 0.99792 
2 1.00000 0.00000 
2 0.00007 0.99993 
2 1.00000 0.00000 
2 0.00133 0.99867 
2 1.00000 0.00000 
2 0.00027 0.99973 
2 1.00000 0.00000 
2 0.00019 0.99981 
2 1.00000 0.00000 
2 0.00017 0.99983 
2 1.00000 0.00000 
2 0.00000 1.00000 
2 1.00000 0.00000 
2 0.00028 0.99972 
2 1.00000 0.00000 
2 0.00026 0.99974 
2 1.00000 0.00000 
2 0.00039 0.99961 
2 1.00000 0.00000 
2 0.00035 0.99965 
2 1.00000 0.00000 
2 0.00038 0.99962 
2 1.00000 0.00000 
2 0.00024 0.99976 
2 0.99999 0.00001 
2 0.00034 0.99966 
2 0.99999 0.00001 
2 0.00067 0.99933 
2 1.00000 0.00000 
2 0.01611 0.98389 
2 0.99999 0.00001 
2 0.01174 0.98826 
2 0.99998 0.00002 
2 0.00008 0.99992 
2 0.99999 0.00001 
2 0.00207 0.99793 
2 1.00000 0.00000 
2 0.00075 0.99925 
2 1.00000 0.00000 
2 0.01934 0.98066 
2 0.99970 0.00030 
2 0.03007 0.96993 
2 0.99966 0.00034 
2 0.04366 0.95634 
2 1.00000 0.00000 
2 0.01802 0.98198 
2 0.99993 0.00007 
2 0.18991 0.81009 
2 1.00000 0.00000 
2 0.29386 0.70614 
2 0.99937 0.00063 
2 0.38360 0.61640 
2 0.99994 0.00006 
2 0.76143 0.23857 
2 1.00000 0.00000 
2 0.99092 0.00908 
2 0.64466 0.35534 
2 0.96805 0.03195 
2 0.48229 0.51771 
2 0.99457 0.00543 
2 0.15830 0.84170 
2 0.99664 0.00336 
2 0.94073 0.05927 
2 0.99010 0.00990 
2 0.31978 0.68022 
2 0.99985 0.00015 
2 0.97785 0.02215 
2 0.99279 0.00721 
2 0.96634 0.03366 
2 0.99826 0.00174 
2 0.32778 0.67222 
2 0.99843 0.00157 
2 0.43266 0.56734 
2 0.99979 0.00021 
2 0.13567 0.86433 
2 0.99883 0.00117 
2 0.64069 0.35931 
2 0.99923 0.00077 
2 0.46737 0.53263 
2 0.99990 0.00010 
2 0.50325 0.49675 
2 0.99987 0.00013 
2 0.14327 0.85673 
2 0.99694 0.00306 
2 0.88271 0.11729 
2 0.99987 0.00013 
2 0.99998 0.00002 
2 0.99981 0.00019 
2 0.99930 0.00070 
2 0.99945 0.00055 
2 0.99863 0.00137 
2 0.99990 0.00010 
2 0.83067 0.16933 
2 0.99983 0.00017 
2 0.32750 0.67250 
2 0.99995 0.00005 
2 0.32318 0.67682 
2 0.99993 0.00007 
2 0.72824 0.27176 
2 0.99991 0.00009 
2 0.68850 0.31150 
2 0.99990 0.00010 
2 0.79255 0.20745 
2 0.91457 0.08543 
2 0.83103 0.16897 
2 0.98302 0.01698 
2 0.10078 0.89922 
2 0.99980 0.00020 
2 0.17996 0.82004 
2 0.99998 0.00002 
2 0.82842 0.17158 
2 0.99988 0.00012 
2 0.11025 0.88975 
2 0.99971 0.00029 
2 0.30595 0.69405 
2 0.99947 0.00053 
2 0.99760 0.00240 
2 0.99999 0.00001 
2 0.93672 0.06328 
2 0.99989 0.00011 
2 0.94584 0.05416 
2 0.99961 0.00039 
2 0.03118 0.96882 
2 0.99991 0.00009 
2 0.38242 0.61758 
2 0.99997 0.00003 
2 0.47351 0.52649 
2 1.00000 0.00000 
2 0.72883 0.27117 
2 0.99994 0.00006 
2 0.63994 0.36006 
2 0.99941 0.00059 
2 0.98362 0.01638 
2 0.99999 0.00001 
2 0.03489 0.96511 
2 0.99994 0.00006 
2 0.50203 0.49797 
2 0.99990 0.00010 
2 0.96867 0.03133 
2 0.99999 0.00001 
2 0.95291 0.04709 
2 1.00000 0.00000 
2 0.01792 0.98208 
2 0.99999 0.00001 
2 0.29120 0.70880 
2 0.99986 0.00014 
2 0.73691 0.26309 
2 0.99999 0.00001 
2 0.78589 0.21411 
2 0.99997 0.00003 
2 0.46018 0.53982 
2 0.99999 0.00001 
2 0.75444 0.24556 
2 0.99989 0.00011 
2 0.72966 0.27034 
2 0.99999 0.00001 
2 0.07650 0.92350 
2 0.99991 0.00009 
2 0.48297 0.51703 
2 1.00000 0.00000 
2 0.84276 0.15724 
2 1.00000 0.00000 
2 0.99061 0.00939 
2 0.99996 0.00004 
2 0.00910 0.99090 
2 0.99999 0.00001 
2 0.20423 0.79577 
2 0.99998 0.00002 
2 0.97137 0.02863 
2 1.00000 0.00000 
2 0.26959 0.73041 
2 0.99994 0.00006 
2 0.98016 0.01984 
2 0.99993 0.00007 
2 0.24319 0.75681 
2 0.99998 0.00002 
2 0.30522 0.69478 
2 0.99995 0.00005 
2 0.98612 0.01388 
2 0.99987 0.00013 
2 0.21728 0.78272 
2 0.99962 0.00038 
2 0.54477 0.45523 
2 0.99982 0.00018 
2 0.91864 0.08136 
2 0.99999 0.00001 
2 0.62691 0.37309 
2 1.00000 0.00000 
2 0.19076 0.80924 
2 0.99995 0.00005 
2 0.36241 0.63759 
2 0.99990 0.00010 
2 0.20632 0.79368 
2 0.99982 0.00018 
2 0.99999 0.00001 
2 0.99994 0.00006 
2 0.11121 0.88879 
2 0.99985 0.00015 
2 0.78784 0.21216 
2 1.00000 0.00000 
2 0.21494 0.78506 
2 0.99981 0.00019 
2 0.23533 0.76467 
2 0.99992 0.00008 
2 0.31628 0.68372 
2 0.99999 0.00001 
2 0.91182 0.08818 
2 0.99999 0.00001 
2 0.65511 0.34489 
2 0.99998 0.00002 
2 0.99158 0.00842 
2 0.99980 0.00020 
2 0.99013 0.00987 
2 0.99998 0.00002 
2 0.37640 0.62360 
2 1.00000 0.00000 
2 0.11159 0.88841 
2 0.99997 0.00003 
2 0.85964 0.14036 
2 0.99992 0.00008 
2 0.36403 0.63597 
2 0.99999 0.00001 
2 0.78139 0.21861 
2 1.00000 0.00000 
2 0.65339 0.34661 
2 0.99996 0.00004 
2 0.02804 0.97196 
2 0.99999 0.00001 
2 0.55494 0.44506 
2 0.99995 0.00005 
2 0.99580 0.00420 
2 0.99996 0.00004 
2 0.02018 0.97982 
2 0.99998 0.00002 
2 0.70219 0.29781 
2 0.99978 0.00022 
2 0.41299 0.58701 
2 0.99998 0.00002 
2 0.41492 0.58508 
2 0.99999 0.00001 
2 0.12499 0.87501 
2 0.99999 0.00001 
2 0.98964 0.01036 
2 0.99998 0.00002 
2 0.45378 0.54622 
2 0.99999 0.00001 
2 0.57271 0.42729 
2 0.99998 0.00002 
2 0.10164 0.89836 
2 0.99997 0.00003 
2 0.80434 0.19566 
2 1.00000 0.00000 
2 0.04970 0.95030 
2 0.99998 0.00002 
2 0.08116 0.91884 
2 0.99999 0.00001 
2 0.99338 0.00662 
2 0.99999 0.00001 
2 0.94329 0.05671 
2 0.99998 0.00002 
2 0.07819 0.92181 
2 0.99983 0.00017 
2 0.72319 0.27681 
2 0.99999 0.00001 
2 0.24763 0.75237 
2 1.00000 0.00000 
2 0.95191 0.04809 
2 0.99998 0.00002 
2 0.31410 0.68590 
2 0.99998 0.00002 
2 0.96115 0.03885 
2 0.99992 0.00008 
2 0.77492 0.22508 
2 0.99993 0.00007 
2 0.72370 0.27630 
2 0.99999 0.00001 
2 0.12184 0.87816 
2 0.99999 0.00001 
2 0.70711 0.29289 
2 1.00000 0.00000 
2 0.13056 0.86944 
2 1.00000 0.00000 
2 0.99992 0.00008 
2 0.99999 0.00001 
2 0.94143 0.05857 
2 0.99999 0.00001 
2 0.54722 0.45278 
2 0.99999 0.00001 
2 0.37783 0.62217 
2 0.99999 0.00001 
2 0.79202 0.20798 
2 1.00000 0.00000 
2 0.54081 0.45919 
2 1.00000 0.00000 
2 0.58906 0.41094 
2 0.99998 0.00002 
2 0.78569 0.21431 
2 1.00000 0.00000 
2 0.30255 0.69745 
2 0.99999 0.00001 
2 0.13923 0.86077 
2 1.00000 0.00000 
2 0.02896 0.97104 
2 1.00000 0.00000 
2 0.01810 0.98190 
2 0.99990 0.00010 
2 0.20401 0.79599 
2 1.00000 0.00000 
2 0.16293 0.83707 
2 0.99999 0.00001 
2 0.05125 0.94875 
2 1.00000 0.00000 
2 0.21350 0.78650 
2 1.00000 0.00000 
2 0.54601 0.45399 
2 0.99994 0.00006 
2 0.20831 0.79169 
2 0.99999 0.00001 
2 0.47064 0.52936 
2 0.99995 0.00005 
2 0.64995 0.35005 
2 0.99996 0.00004 
2 0.30147 0.69853 
2 1.00000 0.00000 
2 0.89008 0.10992 
2 1.00000 0.00000 
2 0.56711 0.43289 
2 0.99998 0.00002 
2 0.63899 0.36101 
2 0.99995 0.00005 
2 0.99135 0.00865 
2 0.99995 0.00005 
2 0.46305 0.53695 
2 0.99998 0.00002 
2 0.34259 0.65741 
2 0.99998 0.00002 
2 0.97200 0.02800 
2 0.99994 0.00006 
2 0.08930 0.91070 
2 1.00000 0.00000 
2 0.87706 0.12294 
2 0.99996 0.00004 
2 0.21672 0.78328 
2 0.99997 0.00003 
2 0.83999 0.16001 
2 0.99997 0.00003 
2 0.96309 0.03691 
2 0.99999 0.00001 
2 0.29557 0.70443 
2 0.99999 0.00001 
2 0.83640 0.16360 
2 1.00000 0.00000 
2 0.35911 0.64089 
2 1.00000 0.00000 
2 0.10303 0.89697 
2 0.99991 0.00009 
2 0.88918 0.11082 
2 0.99998 0.00002 
2 0.97299 0.02701 
2 1.00000 0.00000 
2 0.93191 0.06809 
2 0.99996 0.00004 
2 0.76098 0.23902 
2 1.00000 0.00000 
2 0.76483 0.23517 
2 0.99998 0.00002 
2 0.31186 0.68814 
2 1.00000 0.00000 
2 0.84984 0.15016 
2 0.99999 0.00001 
2 0.39135 0.60865 
2 1.00000 0.00000 
2 0.96358 0.03642 
2 0.99999 0.00001 
2 0.24159 0.75841 
2 0.99998 0.00002 
2 0.97397 0.02603 
2 1.00000 0.00000 
2 0.00013 0.99987 
2 0.99999 0.00001 
2 0.67973 0.32027 
2 1.00000 0.00000 
2 0.01078 0.98922 
2 1.00000 0.00000 
2 0.95855 0.04145 
2 1.00000 0.00000 
2 0.09149 0.90851 
2 0.99992 0.00008 
2 0.03260 0.96740 
2 1.00000 0.00000 
2 0.22500 0.77500 
2 0.99999 0.00001 
2 0.58535 0.41465 
2 0.99997 0.00003 
2 0.75139 0.24861 
2 0.99999 0.00001 
2 0.12205 0.87795 
2 0.99996 0.00004 
2 0.87952 0.12048 
2 1.00000 0.00000 
2 0.30967 0.69033 
2 1.00000 0.00000 
2 0.26173 0.73827 
2 0.99998 0.00002 
2 0.37889 0.62111 
2 1.00000 0.00000 
2 0.68679 0.31321 
2 0.99994 0.00006 
2 0.18589 0.81411 
2 0.99999 0.00001 
2 0.10794 0.89206 
2 1.00000 0.00000 
2 0.93627 0.06373 
2 0.99999 0.00001 
2 0.07725 0.92275 
2 0.99999 0.00001 
2 0.91615 0.08385 
2 1.00000 0.00000 
2 0.24859 0.75141 
2 1.00000 0.00000 
2 0.71950 0.28050 
2 0.99998 0.00002 
2 0.98663 0.01337 
2 0.99999 0.00001 
2 0.08297 0.91703 
2 0.99999 0.00001 
2 0.47387 0.52613 
2 0.99999 0.00001 
2 0.11384 0.88616 
2 1.00000 0.00000 
2 0.29188 0.70812 
2 0.99997 0.00003 
2 0.84432 0.15568 
2 0.99999 0.00001 
2 0.81901 0.18099 
2 0.99999 0.00001 
2 0.11036 0.88964 
2 0.99999 0.00001 
2 0.87210 0.12790 
2 0.99999 0.00001 
2 0.85851 0.14149 
2 1.00000 0.00000 
2 0.63810 0.36190 
2 0.96491 0.03509 
2 0.85698 0.14302 
2 1.00000 0.00000 
2 0.60007 0.39993 
2 0.99999 0.00001 
2 0.22242 0.77758 
2 0.99999 0.00001 
2 0.92175 0.07825 
2 1.00000 0.00000 
2 0.34152 0.65848 
2 0.99994 0.00006 
2 0.01927 0.98073 
2 0.99999 0.00001 
2 0.17324 0.82676 
2 0.99997 0.00003 
2 0.02697 0.97303 
2 0.99999 0.00001 
2 0.18103 0.81897 
2 0.99992 0.00008 
2 0.73742 0.26258 
2 1.00000 0.00000 
2 0.32330 0.67670 
2 1.00000 0.00000 
2 0.34110 0.65890 
2 1.00000 0.00000 
2 0.43878 0.56122 
2 0.99999 0.00001 
2 0.62515 0.37485 
2 1.00000 0.00000 
2 0.84800 0.15200 
2 0.99999 0.00001 
2 0.04937 0.95063 
2 0.99999 0.00001 
2 0.44543 0.55457 
2 1.00000 0.00000 
2 0.34978 0.65022 
2 0.99997 0.00003 
2 0.99838 0.00162 
2 0.99991 0.00009 
2 0.16118 0.83882 
2 1.00000 0.00000 
2 0.54655 0.45345 
2 0.99999 0.00001 
2 0.83592 0.16408 
2 1.00000 0.00000 
2 0.86736 0.13264 
2 0.99996 0.00004 
2 0.06423 0.93577 
2 0.99999 0.00001 
2 0.69206 0.30794 
2 1.00000 0.00000 
2 0.66203 0.33797 
2 0.99999 0.00001 
2 0.83004 0.16996 
2 0.99999 0.00001 
2 0.55836 0.44164 
2 0.99998 0.00002 
2 0.69367 0.30633 
2 0.99998 0.00002 
2 0.76074 0.23926 
2 0.99999 0.00001 
2 0.30574 0.69426 
2 0.99999 0.00001 
2 0.03470 0.96530 
2 0.99999 0.00001 
2 0.05896 0.94104 
2 1.00000 0.00000 
2 0.00000 1.00000 
2 1.00000 0.00000 
2 0.00102 0.99898 
2 1.00000 0.00000 
2 0.08271 0.91729 
2 1.00000 0.00000 
2 0.32312 0.67688 
2 1.00000 0.00000 
2 0.24347 0.75653 
2 0.99999 0.00001 
2 0.00816 0.99184 
2 1.00000 0.00000 
2 0.24598 0.75402 
2 1.00000 0.00000 
2 0.20800 0.79200 
2 1.00000 0.00000 
2 0.05238 0.94762 
2 0.99997 0.00003 
2 0.36414 0.63586 
2 0.99992 0.00008 
2 0.07814 0.92186 
2 0.99997 0.00003 
2 0.99976 0.00024 
2 0.99999 0.00001 
2 0.90950 0.09050 
2 0.99999 0.00001 
2 0.57680 0.42320 
2 0.99999 0.00001 
2 0.69900 0.30100 
2 1.00000 0.00000 
2 0.71996 0.28004 
2 1.00000 0.00000 
2 0.78771 0.21229 
2 0.99999 0.00001 
2 0.58769 0.41231 
2 0.99999 0.00001 
2 0.67031 0.32969 
2 0.99999 0.00001 
2 0.11728 0.88272 
2 0.99733 0.00267 
2 0.48518 0.51482 
2 0.99993 0.00007 
2 0.84618 0.15382 
2 0.99998 0.00002 
2 0.37253 0.62747 
2 0.99999 0.00001 
2 0.17637 0.82363 
2 0.99999 0.00001 
2 0.06135 0.93865 
2 0.99999 0.00001 
2 0.72819 0.27181 
2 1.00000 0.00000 
2 0.90976 0.09024 
2 0.99999 0.00001 
2 0.90950 0.09050 
2 0.99998 0.00002 
2 0.54608 0.45392 
2 0.99994 0.00006 
2 0.83886 0.16114 
2 0.99999 0.00001 
2 0.10315 0.89685 
2 0.99998 0.00002 
2 0.41119 0.58881 
2 0.99998 0.00002 
2 0.49214 0.50786 
2 1.00000 0.00000 
2 0.99416 0.00584 
2 0.99998 0.00002 
2 0.68694 0.31306 
2 0.99999 0.00001 
2 0.89129 0.10871 
2 0.99999 0.00001 
2 0.40552 0.59448 
2 0.99999 0.00001 
2 0.80859 0.19141 
2 0.99998 0.00002 
2 0.20281 0.79719 
2 0.99998 0.00002 
2 0.15015 0.84985 
2 1.00000 0.00000 
2 0.29127 0.70873 
2 0.99999 0.00001 
2 0.04378 0.95622 
2 0.99982 0.00018 
2 0.25853 0.74147 
2 0.99992 0.00008 
2 0.00878 0.99122 
2 0.99996 0.00004 
2 0.30912 0.69088 
2 1.00000 0.00000 
2 0.96498 0.03502 
2 0.99999 0.00001 
2 0.13253 0.86747 
2 0.99999 0.00001 
2 0.22014 0.77986 
2 1.00000 0.00000 
2 0.28895 0.71105 
2 0.99997 0.00003 
2 0.19195 0.80805 
2 0.99995 0.00005 
2 0.17190 0.82810 
2 0.99998 0.00002 
2 0.88035 0.11965 
2 0.99999 0.00001 
2 0.44785 0.55215 
2 0.98874 0.01126 
2 0.00572 0.99428 
2 0.99999 0.00001 
2 0.06912 0.93088 
2 0.99999 0.00001 
2 0.03959 0.96041 
2 0.99997 0.00003 
2 0.73385 0.26615 
2 0.99989 0.00011 
2 0.48167 0.51833 
2 1.00000 0.00000 
2 0.70856 0.29144 
2 0.99990 0.00010 
2 0.74755 0.25245 
2 0.99993 0.00007 
2 0.49567 0.50433 
2 0.99759 0.00241 
2 0.66139 0.33861 
2 0.99489 0.00511 
2 0.52138 0.47862 
2 1.00000 0.00000 
2 0.71777 0.28223 
2 0.99992 0.00008 
2 0.70376 0.29624 
2 1.00000 0.00000 
2 0.41991 0.58009 
2 0.99993 0.00007 
2 0.75147 0.24853 
2 0.99995 0.00005 
2 0.94752 0.05248 
2 0.99999 0.00001 
2 0.43541 0.56459 
2 0.99993 0.00007 
2 0.06517 0.93483 
2 0.99995 0.00005 
2 0.49991 0.50009 
2 0.99997 0.00003 
2 0.00246 0.99754 
2 0.99958 0.00042 
2 0.99912 0.00088 
2 0.99911 0.00089 
2 0.04147 0.95853 
2 0.99995 0.00005 
2 0.89910 0.10090 
2 0.99993 0.00007 
2 0.06769 0.93231 
2 0.99993 0.00007 
2 0.02478 0.97522 
2 1.00000 0.00000 
2 0.15825 0.84175 
2 1.00000 0.00000 
2 0.21065 0.78935 
2 0.99998 0.00002 
2 0.11861 0.88139 
2 0.99996 0.00004 
2 0.25362 0.74638 
2 0.99981 0.00019 
2 0.64322 0.35678 
2 0.99992 0.00008 
2 0.95515 0.04485 
2 0.99987 0.00013 
2 0.68466 0.31534 
2 0.99999 0.00001 
2 0.01661 0.98339 
2 1.00000 0.00000 
2 0.26966 0.73034 
2 0.99994 0.00006 
2 0.40729 0.59271 
2 0.99999 0.00001 
2 0.61427 0.38573 
2 0.99999 0.00001 
2 0.72848 0.27152 
2 0.99997 0.00003 
2 0.93974 0.06026 
2 0.99999 0.00001 
2 0.48595 0.51405 
2 0.99990 0.00010 
2 0.57032 0.42968 
2 0.99977 0.00023 
2 0.01493 0.98507 
2 0.99994 0.00006 
2 0.22137 0.77863 
2 0.99988 0.00012 
2 0.00196 0.99804 
2 0.99951 0.00049 
2 0.79904 0.20096 
2 0.99976 0.00024 
2 0.82055 0.17945 
2 0.99889 0.00111 
2 0.39116 0.60884 
2 0.99932 0.00068 
2 0.45014 0.54986 
2 0.99988 0.00012 
2 0.88599 0.11401 
2 0.99801 0.00199 
2 0.27133 0.72867 
2 0.99728 0.00272 
2 0.35462 0.64538 
2 0.95023 0.04977 
2 0.04569 0.95431 
2 0.99115 0.00885 
2 0.79890 0.20110 
2 0.92070 0.07930 
2 0.52423 0.47577 
2 0.79809 0.20191 
2 0.02209 0.97791 
2 0.13525 0.86475 
2 0.00180 0.99820 
2 0.00591 0.99409 
2 0.00000 1.00000 
2 0.02559 0.97441 
2 0.02116 0.97884 
2 0.01826 0.98174 
2 0.01211 0.98789 
2 0.02143 0.97857 
2 0.00006 0.99994 
2 0.01252 0.98748 
2 0.00000 1.00000 
2 0.01989 0.98011 
2 0.00007 0.99993 
2 0.00158 0.99842 
2 0.00007 0.99993 
2 0.00226 0.99774 
2 0.00000 1.00000 
2 0.00090 0.99910 
2 0.00007 0.99993 
2 0.00067 0.99933 
2 0.00000 1.00000 
2 0.00152 0.99848 
2 0.00026 0.99974 
2 0.00117 0.99883 
2 0.00000 1.00000 
2 0.00078 0.99922 
2 0.00000 1.00000 
2 0.00055 0.99945 
2 0.00001 0.99999 
2 0.00158 0.99842 
2 0.00001 0.99999 
2 0.00176 0.99824 
2 0.00000 1.00000 
2 0.00047 0.99953 
2 0.00028 0.99972 
2 0.00001 0.99999 
2 0.00001 0.99999 
2 0.00077 0.99923 
2 0.00000 1.00000 
2 0.00023 0.99977 
2 0.00001 0.99999 
2 0.00113 0.99887 
2 0.00000 1.00000 
2 0.00019 0.99981 
2 0.00000 1.00000 
2 0.00027 0.99973 
2 0.00000 1.00000 
2 0.00204 0.99796 
2 0.00000 1.00000 
2 0.00092 0.99908 
2 0.00000 1.00000 
2 0.00016 0.99984 
2 0.00000 1.00000 
2 0.00046 0.99954 
2 0.00000 1.00000 
2 0.00074 0.99926 
2 0.00013 0.99987 
2 0.00009 0.99991 
2 0.00000 1.00000 
2 0.00024 0.99976 
2 0.00000 1.00000 
2 0.00027 0.99973 
2 0.00004 0.99996 
2 0.00011 0.99989 
2 0.00000 1.00000 
2 0.00004 0.99996 
2 0.00000 1.00000 
2 0.00020 0.99980 
2 0.00000 1.00000 
2 0.00003 0.99997 
2 0.00001 0.99999 
2 0.00003 0.99997 
2 0.00000 1.00000 
2 0.00010 0.99990 
2 0.00000 1.00000 
2 0.00016 0.99984 
2 0.00000 1.00000 
2 0.00015 0.99985 
2 0.00000 1.00000 
2 0.00003 0.99997 
2 0.00000 1.00000 
2 0.00023 0.99977 
2 0.00003 0.99997 
2 0.00007 0.99993 
2 0.00000 1.00000 
2 0.00010 0.99990 
2 0.00000 1.00000 
2 0.00011 0.99989 
2 0.00000 1.00000 
2 0.00002 0.99998 
2 0.00000 1.00000 
2 0.00000 1.00000 
2 0.00000 1.00000 
2 0.00034 0.99966 
2 0.00003 0.99997 
2 0.00003 0.99997 
2 0.00000 1.00000 
2 0.00001 0.99999 
2 0.00000 1.00000 
2 0.00002 0.99998 
2 0.00000 1.00000 
2 0.00002 0.99998 
2 0.00000 1.00000 
2 0.00018 0.99982 
2 0.00009 0.99991 
2 0.00012 0.99988 
2 0.00001 0.99999 
2 0.00003 0.99997 
2 0.00000 1.00000 
2 0.00006 0.99994 
2 0.00000 1.00000 
2 0.00012 0.99988 
2 0.00009 0.99991 
2 0.00002 0.99998 
2 0.00000 1.00000 
2 0.00004 0.99996 
2 0.00000 1.00000 
2 0.00001 0.99999 
2 0.00000 1.00000 
2 0.00015 0.99985 
2 0.00003 0.99997 
2 0.00006 0.99994 
2 0.00000 1.00000 
2 0.00001 0.99999 
2 0.00004 0.99996 
2 0.00001 0.99999 
2 0.00000 1.00000 
2 0.00000 1.00000 
2 0.00000 1.00000 
2 0.00017 0.99983 
2 0.00000 1.00000 
2 0.00005 0.99995 
2 0.00000 1.00000 
2 0.00017 0.99983 
2 0.00002 0.99998 
2 0.00001 0.99999 
2 0.00000 1.00000 
2 0.00002 0.99998 
2 0.00000 1.00000 
2 0.00004 0.99996 
2 0.00000 1.00000 
2 0.00001 0.99999 
2 0.00000 1.00000 
2 0.00016 0.99984 
2 0.00000 1.00000 
2 0.00000 1.00000 
2 0.00000 1.00000 
2 0.00001 0.99999 
2 0.00000 1.00000 
2 0.00004 0.99996 
2 0.00001 0.99999 
2 0.00003 0.99997 
2 0.00000 1.00000 
2 0.00001 0.99999 
2 0.00000 1.00000 
2 0.00004 0.99996 
2 0.00000 1.00000 
2 0.00010 0.99990 
2 0.00000 1.00000 
2 0.00006 0.99994 
2 0.00000 1.00000 
2 0.00003 0.99997 
2 0.00000 1.00000 
2 0.00005 0.99995 
2 0.00000 1.00000 
2 0.00002 0.99998 
2 0.00000 1.00000 
2 0.00000 1.00000 
2 0.00000 1.00000 
2 0.00004 0.99996 
2 0.00001 0.99999 
2 0.00001 0.99999 
2 0.00000 1.00000 
2 0.00000 1.00000 
2 0.00000 1.00000 
2 0.00001 0.99999 
2 0.00000 1.00000 
2 0.00002 0.99998 
2 0.00000 1.00000 
2 0.00003 0.99997 
2 0.00000 1.00000 
2 0.00004 0.99996 
2 0.00000 1.00000 
2 0.00000 1.00000 
2 0.00000 1.00000 
2 0.00002 0.99998 
2 0.00000 1.00000 
2 0.00003 0.99997 
2 0.00000 1.00000 
2 0.00011 0.99989 
2 0.00000 1.00000 
2 0.00001 0.99999 
2 0.00000 1.00000 
2 0.00008 0.99992 
2 0.00000 1.00000 
2 0.00002 0.99998 
2 0.00000 1.00000 
2 0.00000 1.00000 
2 0.00000 1.00000 
2 0.00003 0.99997 
2 0.00000 1.00000 
2 0.00002 0.99998 
2 0.00000 1.00000 
2 0.00000 1.00000 
2 0.00000 1.00000 
2 0.00005 0.99995 
2 0.00001 0.99999 
2 0.00001 0.99999 
2 0.00001 0.99999 
2 0.00000 1.00000 
2 0.00000 1.00000 
2 0.00002 0.99998 
2 0.00001 0.99999 
2 0.00003 0.99997 
2 0.00000 1.00000 
2 0.00000 1.00000 
2 0.00000 1.00000 
2 0.00001 0.99999 
2 0.00000 1.00000 
2 0.00001 0.99999 
2 0.00000 1.00000 
2 0.00001 0.99999 
2 0.00000 1.00000 
2 0.00005 0.99995 
2 0.00000 1.00000 
2 0.00005 0.99995 
2 0.00000 1.00000 
2 0.00005 0.99995 
2 0.00000 1.00000 
2 0.00004 0.99996 
2 0.00000 1.00000 
2 0.00003 0.99997 
2 0.00000 1.00000 
2 0.00001 0.99999 
2 0.00000 1.00000 
2 0.00002 0.99998 
2 0.00000 1.00000 
2 0.00004 0.99996 
2 0.00000 1.00000 
2 0.00003 0.99997 
2 0.00000 1.00000 
2 0.00002 0.99998 
2 0.00000 1.00000 
2 0.00003 0.99997 
2 0.00000 1.00000 
2 0.00003 0.99997 
2 0.00000 1.00000 
2 0.00002 0.99998 
2 0.00000 1.00000 
2 0.00002 0.99998 
2 0.00000 1.00000 
2 0.00000 1.00000 
2 0.00000 1.00000 
2 0.00004 0.99996 
2 0.00001 0.99999 
2 0.00004 0.99996 
2 0.00000 1.00000 
2 0.00000 1.00000 
2 0.00000 1.00000 
2 0.00007 0.99993 
2 0.00000 1.00000 
2 0.00002 0.99998 
2 0.00000 1.00000 
2 0.00003 0.99997 
2 0.00000 1.00000 
2 0.00001 0.99999 
2 0.00000 1.00000 
2 0.00001 0.99999 
2 0.00000 1.00000 
2 0.00001 0.99999 
2 0.00000 1.00000 
2 0.00000 1.00000 
2 0.00000 1.00000 
2 0.00001 0.99999 
2 0.00000 1.00000 
2 0.00000 1.00000 
2 0.00000 1.00000 
2 0.00001 0.99999 
2 0.00000 1.00000 
2 0.00001 0.99999 
2 0.00000 1.00000 
2 0.00002 0.99998 
2 0.00000 1.00000 
2 0.00001 0.99999 
2 0.00000 1.00000 
2 0.00000 1.00000 
2 0.00000 1.00000 
2 0.00003 0.99997 
2 0.00000 1.00000 
2 0.00001 0.99999 
2 0.00000 1.00000 
2 0.00001 0.99999 
2 0.00000 1.00000 
2 0.00000 1.00000 
2 0.00000 1.00000 
2 0.00001 0.99999 
2 0.00000 1.00000 
2 0.00000 1.00000 
2 0.00000 1.00000 
2 0.00001 0.99999 
2 0.00000 1.00000 
2 0.00002 0.99998 
2 0.00000 1.00000 
2 0.00003 0.99997 
2 0.00000 1.00000 
2 0.00002 0.99998 
2 0.00000 1.00000 
2 0.00000 1.00000 
2 0.00000 1.00000 
2 0.00005 0.99995 
2 0.00000 1.00000 
2 0.00003 0.99997 
2 0.00000 1.00000 
2 0.00001 0.99999 
2 0.00000 1.00000 
2 0.00003 0.99997 
2 0.00000 1.00000 
2 0.00001 0.99999 
2 0.00000 1.00000 
2 0.00002 0.99998 
2 0.00000 1.00000 
2 0.00000 1.00000 
2 0.00000 1.00000 
2 0.00001 0.99999 
2 0.00000 1.00000 
2 0.00002 0.99998 
2 0.00000 1.00000 
2 0.00002 0.99998 
2 0.00000 1.00000 
2 0.00000 1.00000 
2 0.00000 1.00000 
2 0.00000 1.00000 
2 0.00000 1.00000 
2 0.00000 1.00000 
2 0.00000 1.00000 
2 0.00000 1.00000 
2 0.00000 1.00000 
2 0.00000 1.00000 
2 0.00000 1.00000 
2 0.00001 0.99999 
2 0.00000 1.00000 
2 0.00001 0.99999 
2 0.00000 1.00000 
2 0.00000 1.00000 
2 0.00000 1.00000 
2 0.00002 0.99998 
2 0.00000 1.00000 
2 0.00003 0.99997 
2 0.00000 1.00000 
2 0.00000 1.00000 
2 0.00000 1.00000 
2 0.00000 1.00000 
2 0.00000 1.00000 
2 0.00003 0.99997 
2 0.00001 0.99999 
2 0.00002 0.99998 
2 0.00000 1.00000 
2 0.00003 0.99997 
2 0.00000 1.00000 
2 0.00001 0.99999 
2 0.00000 1.00000 
2 0.00000 1.00000 
2 0.00000 1.00000 
2 0.00001 0.99999 
2 0.00000 1.00000 
2 0.00001 0.99999 
2 0.00000 1.00000 
2 0.00000 1.00000 
2 0.00000 1.00000 
2 0.00000 1.00000 
2 0.00000 1.00000 
2 0.00001 0.99999 
2 0.00000 1.00000 
2 0.00000 1.00000 
2 0.00000 1.00000 
2 0.00000 1.00000 
2 0.00000 1.00000 
2 0.00000 1.00000 
2 0.00000 1.00000 
2 0.00000 1.00000 
2 0.00000 1.00000 
2 0.00007 0.99993 
2 0.00000 1.00000 
2 0.00001 0.99999 
2 0.00000 1.00000 
2 0.00001 0.99999 
2 0.00000 1.00000 
2 0.00000 1.00000 
2 0.00000 1.00000 
2 0.00000 1.00000 
2 0.00000 1.00000 
2 0.00002 0.99998 
2 0.00000 1.00000 
2 0.00001 0.99999 
2 0.00000 1.00000 
2 0.00000 1.00000 
2 0.00000 1.00000 
2 0.00000 1.00000 
2 0.00000 1.00000 
2 0.00001 0.99999 
2 0.00000 1.00000 
2 0.00000 1.00000 
2 0.00000 1.00000 
2 0.00000 1.00000 
2 0.00000 1.00000 
2 0.00001 0.99999 
2 0.00000 1.00000 
2 0.00001 0.99999 
2 0.00000 1.00000 
2 0.00003 0.99997 
2 0.00000 1.00000 
2 0.00001 0.99999 
2 0.00000 1.00000 
2 0.00001 0.99999 
2 0.00000 1.00000 
2 0.00001 0.99999 
2 0.00000 1.00000 
2 0.00000 1.00000 
2 0.00000 1.00000 
2 0.00001 0.99999 
2 0.00000 1.00000 
2 0.00000 1.00000 
2 0.00000 1.00000 
2 0.00000 1.00000 
2 0.00000 1.00000 
2 0.00000 1.00000 
2 0.00000 1.00000 
2 0.00000 1.00000 
2 0.00000 1.00000 
2 0.00000 1.00000 
2 0.00000 1.00000 
2 0.00001 0.99999 
2 0.00000 1.00000 
2 0.00000 1.00000 
2 0.00000 1.00000 
2 0.00000 1.00000 
2 0.00000 1.00000 
2 0.00000 1.00000 
2 0.00000 1.00000 
2 0.00000 1.00000 
2 0.00000 1.00000 
2 0.00000 1.00000 
2 0.00000 1.00000 
2 0.00001 0.99999 
2 0.00000 1.00000 
2 0.00003 0.99997 
2 0.00000 1.00000 
2 0.00000 1.00000 
2 0.00000 1.00000 
2 0.00000 1.00000 
2 0.00000 1.00000 
2 0.00000 1.00000 
2 0.00000 1.00000 
2 0.00000 1.00000 
2 0.00000 1.00000 
2 0.00001 0.99999 
2 0.00000 1.00000 
2 0.00002 0.99998 
2 0.00000 1.00000 
2 0.00000 1.00000 
2 0.00000 1.00000 
2 0.00002 0.99998 
2 0.00000 1.00000 
2 0.00000 1.00000 
2 0.00000 1.00000 
2 0.00003 0.99997 
2 0.00000 1.00000 
2 0.00002 0.99998 
2 0.00000 1.00000 
2 0.00001 0.99999 
2 0.00000 1.00000 
2 0.00001 0.99999 
2 0.00000 1.00000 
2 0.00000 1.00000 
2 0.00000 1.00000 
2 0.00000 1.00000 
2 0.00000 1.00000 
2 0.00000 1.00000 
2 0.00000 1.00000 
2 0.00000 1.00000 
2 0.00000 1.00000 
2 0.00001 0.99999 
2 0.00000 1.00000 
2 0.00000 1.00000 
2 0.00000 1.00000 
2 0.00001 0.99999 
2 0.00000 1.00000 
2 0.00000 1.00000 
2 0.00000 1.00000 
2 0.00002 0.99998 
2 0.00000 1.00000 
2 0.00001 0.99999 
2 0.00000 1.00000 
2 0.00003 0.99997 
2 0.00000 1.00000 
2 0.00000 1.00000 
2 0.00000 1.00000 
2 0.00000 1.00000 
2 0.00000 1.00000 
2 0.00000 1.00000 
2 0.00000 1.00000 
2 0.00001 0.99999 
2 0.00000 1.00000 
2 0.00000 1.00000 
2 0.00000 1.00000 
2 0.00000 1.00000 
2 0.00000 1.00000 
2 0.00001 0.99999 
2 0.00000 1.00000 
2 0.00000 1.00000 
2 0.00000 1.00000 
2 0.00000 1.00000 
2 0.00000 1.00000 
2 0.00000 1.00000 
2 0.00000 1.00000 
2 0.00000 1.00000 
2 0.00000 1.00000 
2 0.00001 0.99999 
2 0.00000 1.00000 
2 0.00000 1.00000 
2 0.00000 1.00000 
2 0.00000 1.00000 
2 0.00000 1.00000 
2 0.00001 0.99999 
2 0.00000 1.00000 
2 0.00000 1.00000 
2 0.00000 1.00000 
2 0.00001 0.99999 
2 0.00000 1.00000 
2 0.00000 1.00000 
2 0.00000 1.00000 
2 0.00001 0.99999 
2 0.00000 1.00000 
2 0.00001 0.99999 
2 0.00000 1.00000 
2 0.00000 1.00000 
2 0.00000 1.00000 
2 0.00001 0.99999 
2 0.00000 1.00000 
2 0.00001 0.99999 
2 0.00000 1.00000 
2 0.00000 1.00000 
2 0.00000 1.00000 
2 0.00000 1.00000 
2 0.00000 1.00000 
2 0.00000 1.00000 
2 0.00000 1.00000 
2 0.00001 0.99999 
2 0.00000 1.00000 
2 0.00002 0.99998 
2 0.00000 1.00000 
2 0.00000 1.00000 
2 0.00000 1.00000 
2 0.00000 1.00000 
2 0.00000 1.00000 
2 0.00000 1.00000 
2 0.00000 1.00000 
2 0.00001 0.99999 
2 0.00000 1.00000 
2 0.00000 1.00000 
2 0.00000 1.00000 
2 0.00000 1.00000 
2 0.00000 1.00000 
2 0.00000 1.00000 
2 0.00000 1.00000 
2 0.00000 1.00000 
2 0.00000 1.00000 
2 0.00001 0.99999 
2 0.00000 1.00000 
2 0.00000 1.00000 
2 0.00000 1.00000 
2 0.00001 0.99999 
2 0.00000 1.00000 
2 0.00000 1.00000 
2 0.00000 1.00000 
2 0.00000 1.00000 
2 0.00000 1.00000 
2 0.00000 1.00000 
2 0.00000 1.00000 
2 0.00000 1.00000 
2 0.00000 1.00000 
2 0.00000 1.00000 
2 0.00000 1.00000 
2 0.00000 1.00000 
2 0.00000 1.00000 
2 0.00000 1.00000 
2 0.00000 1.00000 
2 0.00000 1.00000 
2 0.00000 1.00000 
2 0.00000 1.00000 
2 0.00000 1.00000 
2 0.00001 0.99999 
2 0.00000 1.00000 
2 0.00000 1.00000 
2 0.00000 1.00000 
2 0.00000 1.00000 
2 0.00000 1.00000 
2 0.00000 1.00000 
2 0.00000 1.00000 
2 0.00001 0.99999 
2 0.00000 1.00000 
2 0.00000 1.00000 
2 0.00000 1.00000 
2 0.00000 1.00000 
2 0.00000 1.00000 
2 0.00001 0.99999 
2 0.00000 1.00000 
2 0.00000 1.00000 
2 0.00000 1.00000 
2 0.00000 1.00000 
2 0.00000 1.00000 
2 0.00000 1.00000 
2 0.00000 1.00000 
2 0.00002 0.99998 
2 0.00000 1.00000 
2 0.00000 1.00000 
2 0.00000 1.00000 
2 0.00002 0.99998 
2 0.00000 1.00000 
2 0.00000 1.00000 
2 0.00000 1.00000 
2 0.00000 1.00000 
2 0.00000 1.00000 
2 0.00000 1.00000 
2 0.00000 1.00000 
2 0.00001 0.99999 
2 0.00000 1.00000 
2 0.00000 1.00000 
2 0.00000 1.00000 
2 0.00000 1.00000 
2 0.00000 1.00000 
2 0.00000 1.00000 
2 0.00000 1.00000 
2 0.00000 1.00000 
2 0.00000 1.00000 
2 0.00001 0.99999 
2 0.00000 1.00000 
2 0.00000 1.00000 
2 0.00000 1.00000 
2 0.00000 1.00000 
2 0.00000 1.00000 
2 0.00001 0.99999 
2 0.00000 1.00000 
2 0.00000 1.00000 
2 0.00000 1.00000 
2 0.00000 1.00000 
2 0.00000 1.00000 
2 0.00000 1.00000 
2 0.00000 1.00000 
2 0.00000 1.00000 
2 0.00000 1.00000 
2 0.00000 1.00000 
2 0.00000 1.00000 
2 0.00000 1.00000 
2 0.00000 1.00000 
2 0.00000 1.00000 
2 0.00000 1.00000 
2 0.00000 1.00000 
2 0.00000 1.00000 
2 0.00001 0.99999 
2 0.00000 1.00000 
2 0.00001 0.99999 
2 0.00000 1.00000 
2 0.00000 1.00000 
2 0.00000 1.00000 
2 0.00000 1.00000 
2 0.00000 1.00000 
2 0.00000 1.00000 
2 0.00000 1.00000 
2 0.00001 0.99999 
2 0.00000 1.00000 
2 0.00001 0.99999 
2 0.00000 1.00000 
2 0.00000 1.00000 
2 0.00000 1.00000 
2 0.00000 1.00000 
2 0.00000 1.00000 
2 0.00000 1.00000 
2 0.00000 1.00000 
2 0.00000 1.00000 
2 0.00000 1.00000 
2 0.00000 1.00000 
2 0.00000 1.00000 
2 0.00000 1.00000 
2 0.00000 1.00000 
2 0.00000 1.00000 
2 0.00000 1.00000 
2 0.00000 1.00000 
2 0.00000 1.00000 
2 0.00000 1.00000 
2 0.00000 1.00000 
2 0.00000 1.00000 
2 0.00000 1.00000 
2 0.00000 1.00000 
2 0.00000 1.00000 
2 0.00000 1.00000 
2 0.00000 1.00000 
2 0.00000 1.00000 
2 0.00000 1.00000 
2 0.00000 1.00000 
2 0.00000 1.00000 
2 0.00000 1.00000 
2 0.00000 1.00000 
2 0.00000 1.00000 
2 0.00000 1.00000 
2 0.00000 1.00000 
2 0.00000 1.00000 
2 0.00000 1.00000 
2 0.00000 1.00000 
2 0.00000 1.00000 
2 0.00000 1.00000 
2 0.00000 1.00000 
2 0.00000 1.00000 
2 0.00000 1.00000 
2 0.00000 1.00000 
2 0.00000 1.00000 
2 0.00000 1.00000 
2 0.00000 1.00000 
2 0.00000 1.00000 
2 0.00000 1.00000 
2 0.00000 1.00000 
2 0.00000 1.00000 
2 0.00000 1.00000 
2 0.00000 1.00000 
2 0.00000 1.00000 
2 0.00000 1.00000 
2 0.00000 1.00000 
2 0.00000 1.00000 
2 0.00000 1.00000 
2 0.00001 0.99999 
2 0.00000 1.00000 
2 0.00000 1.00000 
2 0.00000 1.00000 
2 0.00000 1.00000 
2 0.00000 1.00000 
2 0.00000 1.00000 
2 0.00000 1.00000 
2 0.00000 1.00000 
2 0.00000 1.00000 
2 0.00000 1.00000 
2 0.00000 1.00000 
2 0.00000 1.00000 
2 0.00000 1.00000 
2 0.00000 1.00000 
2 0.00000 1.00000 
2 0.00001 0.99999 
2 0.00000 1.00000 
2 0.00000 1.00000 
2 0.00000 1.00000 
2 0.00000 1.00000 
2 0.00000 1.00000 
2 0.00001 0.99999 
2 0.00000 1.00000 
2 0.00000 1.00000 
2 0.00000 1.00000 
2 0.00000 1.00000 
2 0.00000 1.00000 
2 0.00000 1.00000 
2 0.00000 1.00000 
2 0.00000 1.00000 
2 0.00000 1.00000 
2 0.00000 1.00000 
2 0.00000 1.00000 
2 0.00000 1.00000 
2 0.00000 1.00000 
2 0.00000 1.00000 
2 0.00000 1.00000 
2 0.00000 1.00000 
2 0.00000 1.00000 
2 0.00000 1.00000 
2 0.00000 1.00000 
2 0.00000 1.00000 
2 0.00000 1.00000 
2 0.00000 1.00000 
2 0.00000 1.00000 
2 0.00000 1.00000 
2 0.00000 1.00000 
2 0.00000 1.00000 
2 0.00000 1.00000 
2 0.00000 1.00000 
2 0.00000 1.00000 
2 0.00000 1.00000 
2 0.00000 1.00000 
2 0.00000 1.00000 
2 0.00000 1.00000 
2 0.00000 1.00000 
2 0.00000 1.00000 
2 0.00001 0.99999 
2 0.00000 1.00000 
2 0.00000 1.00000 
2 0.00000 1.00000 
2 0.00000 1.00000 
2 0.00000 1.00000 
2 0.00000 1.00000 
2 0.00000 1.00000 
2 0.00000 1.00000 
2 0.00000 1.00000 
2 0.00000 1.00000 
2 0.00000 1.00000 
2 0.00000 1.00000 
2 0.00000 1.00000 
2 0.00000 1.00000 
2 0.00000 1.00000 
2 0.00000 1.00000 
2 0.00000 1.00000 
2 0.00001 0.99999 
2 0.00000 1.00000 
2 0.00000 1.00000 
2 0.00000 1.00000 
2 0.00000 1.00000 
2 0.00000 1.00000 
2 0.00000 1.00000 
2 0.00000 1.00000 
2 0.00000 1.00000 
2 0.00000 1.00000 
2 0.00000 1.00000 
2 0.00000 1.00000 
2 0.00000 1.00000 
2 0.00000 1.00000 
2 0.00000 1.00000 
2 0.00000 1.00000 
2 0.00000 1.00000 
2 0.00000 1.00000 
2 0.00000 1.00000 
2 0.00000 1.00000 
2 0.00000 1.00000 
2 0.00000 1.00000 
2 0.00000 1.00000 
2 0.00000 1.00000 
2 0.00000 1.00000 
2 0.00000 1.00000 
2 0.00000 1.00000 
2 0.00000 1.00000 
2 0.00000 1.00000 
2 0.00000 1.00000 
2 0.00000 1.00000 
2 0.00000 1.00000 
2 0.00000 1.00000 
2 0.00000 1.00000 
2 0.00000 1.00000 
2 0.00000 1.00000 
2 0.00000 1.00000 
2 0.00000 1.00000 
2 0.00000 1.00000 
2 0.00000 1.00000 
2 0.00000 1.00000 
2 0.00000 1.00000 
2 0.00000 1.00000 
2 0.00000 1.00000 
2 0.00001 0.99999 
2 0.00000 1.00000 
2 0.00000 1.00000 
2 0.00000 1.00000 
2 0.00001 0.99999 
2 0.00000 1.00000 
2 0.00000 1.00000 
2 0.00000 1.00000 
2 0.00000 1.00000 
2 0.00000 1.00000 
2 0.00000 1.00000 
2 0.00000 1.00000 
2 0.00000 1.00000 
2 0.00000 1.00000 
2 0.00000 1.00000 
2 0.00000 1.00000 
2 0.00000 1.00000 
2 0.00000 1.00000 
2 0.00000 1.00000 
2 0.00000 1.00000 
2 0.00000 1.00000 
2 0.00000 1.00000 
2 0.00000 1.00000 
2 0.00000 1.00000 
2 0.00000 1.00000 
2 0.00000 1.00000 
2 0.00000 1.00000 
2 0.00000 1.00000 
2 0.00000 1.00000 
2 0.00000 1.00000 
2 0.00000 1.00000 
2 0.00000 1.00000 
2 0.00000 1.00000 
2 0.00000 1.00000 
2 0.00000 1.00000 
2 0.00000 1.00000 
2 0.00001 0.99999 
2 0.00000 1.00000 
2 0.00000 1.00000 
2 0.00000 1.00000 
2 0.00000 1.00000 
2 0.00000 1.00000 
2 0.00000 1.00000 
2 0.00000 1.00000 
2 0.00000 1.00000 
2 0.00000 1.00000 
2 0.00000 1.00000 
2 0.00000 1.00000 
2 0.00000 1.00000 
2 0.00000 1.00000 
2 0.00000 1.00000 
2 0.00000 1.00000 
2 0.00000 1.00000 
2 0.00000 1.00000 
2 0.00000 1.00000 
2 0.00000 1.00000 
2 0.00000 1.00000 
2 0.00000 1.00000 
2 0.00000 1.00000 
2 0.00000 1.00000 
2 0.00000 1.00000 
2 0.00000 1.00000 
2 0.00000 1.00000 
2 0.00000 1.00000 
2 0.00000 1.00000 
2 0.00000 1.00000 
2 0.00000 1.00000 
2 0.00000 1.00000 
2 0.00000 1.00000 
2 0.00000 1.00000 
2 0.00000 1.00000 
2 0.00000 1.00000 
2 0.00000 1.00000 
2 0.00000 1.00000 
2 0.00000 1.00000 
2 0.00000 1.00000 
2 0.00000 1.00000 
2 0.00000 1.00000 
2 0.00000 1.00000 
2 0.00000 1.00000 
2 0.00000 1.00000 
2 0.00000 1.00000 
2 0.00000 1.00000 
2 0.00000 1.00000 
2 0.00001 0.99999 
2 0.00000 1.00000 
2 0.00000 1.00000 
2 0.00000 1.00000 
2 0.00000 1.00000 
2 0.00000 1.00000 
2 0.00000 1.00000 
2 0.00000 1.00000 
2 0.00000 1.00000 
2 0.00000 1.00000 
2 0.00000 1.00000 
2 0.00000 1.00000 
2 0.00000 1.00000 
2 0.00000 1.00000 
2 0.00000 1.00000 
2 0.00000 1.00000 
2 0.00000 1.00000 
2 0.00000 1.00000 
2 0.00000 1.00000 
2 0.00000 1.00000 
2 0.00000 1.00000 
2 0.00000 1.00000 
2 0.00000 1.00000 
2 0.00000 1.00000 
2 0.00000 1.00000 
2 0.00000 1.00000 
2 0.00000 1.00000 
2 0.00000 1.00000 
2 0.00000 1.00000 
2 0.00000 1.00000 
2 0.00000 1.00000 
2 0.00000 1.00000 
2 0.00000 1.00000 
2 0.00000 1.00000 
2 0.00000 1.00000 
2 0.00000 1.00000 
2 0.00000 1.00000 
2 0.00000 1.00000 
2 0.00000 1.00000 
2 0.00000 1.00000 
2 0.00000 1.00000 
2 0.00000 1.00000 
2 0.00000 1.00000 
2 0.00000 1.00000 
2 0.00000 1.00000 
2 0.00000 1.00000 
2 0.00000 1.00000 
2 0.00000 1.00000 
2 0.00000 1.00000 
2 0.00000 1.00000 
2 0.00000 1.00000 
2 0.00000 1.00000 
2 0.00000 1.00000 
2 0.00000 1.00000 
2 0.00000 1.00000 
2 0.00000 1.00000 
2 0.00000 1.00000 
2 0.00000 1.00000 
2 0.00000 1.00000 
2 0.00000 1.00000 
2 0.00000 1.00000 
2 0.00000 1.00000 
2 0.00000 1.00000 
2 0.00000 1.00000 
2 0.00017 0.99983 
2 0.00004 0.99996 
2 0.99335 0.00665 
2 1.00000 0.00000 
2 0.86927 0.13073 
2 1.00000 0.00000 
2 0.02473 0.97527 
2 0.99998 0.00002 
2 0.67831 0.32169 
2 1.00000 0.00000 
2 0.29137 0.70863 
2 1.00000 0.00000 
2 0.88253 0.11747 
2 1.00000 0.00000 
2 0.25301 0.74699 
2 1.00000 0.00000 
2 0.34547 0.65453 
2 1.00000 0.00000 
2 0.01130 0.98870 
2 1.00000 0.00000 
2 0.05867 0.94133 
2 1.00000 0.00000 
2 0.21597 0.78403 
2 1.00000 0.00000 
2 0.30680 0.69320 
2 1.00000 0.00000 
2 0.69963 0.30037 
2 1.00000 0.00000 
2 0.88670 0.11330 
2 1.00000 0.00000 
2 0.16227 0.83773 
2 1.00000 0.00000 
2 0.70040 0.29960 
2 1.00000 0.00000 
2 0.06135 0.93865 
2 1.00000 0.00000 
2 0.43411 0.56589 
2 1.00000 0.00000 
2 0.82893 0.17107 
2 1.00000 0.00000 
2 0.82042 0.17958 
2 1.00000 0.00000 
2 0.53328 0.46672 
2 1.00000 0.00000 
2 0.05420 0.94580 
2 0.99999 0.00001 
2 0.59762 0.40238 
2 1.00000 0.00000 
2 0.18725 0.81275 
2 0.99999 0.00001 
2 0.15942 0.84058 
2 0.99999 0.00001 
2 0.51639 0.48361 
2 1.00000 0.00000 
2 0.35857 0.64143 
2 1.00000 0.00000 
2 0.01835 0.98165 
2 0.99999 0.00001 
2 0.45848 0.54152 
2 1.00000 0.00000 
2 0.01720 0.98280 
2 0.99998 0.00002 
2 0.54552 0.45448 
2 1.00000 0.00000 
2 0.38167 0.61833 
2 1.00000 0.00000 
2 0.13628 0.86372 
2 1.00000 0.00000 
2 0.25435 0.74565 
2 1.00000 0.00000 
2 0.36985 0.63015 
2 1.00000 0.00000 
2 0.16969 0.83031 
2 1.00000 0.00000 
2 0.17529 0.82471 
2 1.00000 0.00000 
2 0.77371 0.22629 
2 1.00000 0.00000 
2 0.06066 0.93934 
2 1.00000 0.00000 
2 0.00556 0.99444 
2 1.00000 0.00000 
2 0.03142 0.96858 
2 0.99999 0.00001 
2 0.02140 0.97860 
2 1.00000 0.00000 
2 0.41946 0.58054 
2 1.00000 0.00000 
2 0.34169 0.65831 
2 1.00000 0.00000 
2 0.12804 0.87196 
2 1.00000 0.00000 
2 0.34048 0.65952 
2 0.99999 0.00001 
2 0.00535 0.99465 
2 1.00000 0.00000 
2 0.44185 0.55815 
2 1.00000 0.00000 
2 0.58305 0.41695 
2 1.00000 0.00000 
2 0.05695 0.94305 
2 1.00000 0.00000 
2 0.71803 0.28197 
2 1.00000 0.00000 
2 0.00006 0.99994 
2 0.99254 0.00746 
2 0.25470 0.74530 
2 1.00000 0.00000 
2 0.43138 0.56862 
2 1.00000 0.00000 
2 0.98445 0.01555 
2 1.00000 0.00000 
2 0.09418 0.90582 
2 1.00000 0.00000 
2 0.00698 0.99302 
2 0.99981 0.00019 
2 0.77444 0.22556 
2 1.00000 0.00000 
2 0.97891 0.02109 
2 1.00000 0.00000 
2 0.07943 0.92057 
2 1.00000 0.00000 
2 0.50364 0.49636 
2 1.00000 0.00000 
2 0.54692 0.45308 
2 1.00000 0.00000 
2 0.64286 0.35714 
2 1.00000 0.00000 
2 0.09759 0.90241 
2 0.99999 0.00001 
2 0.29305 0.70695 
2 1.00000 0.00000 
2 0.42131 0.57869 
2 1.00000 0.00000 
2 0.74937 0.25063 
2 1.00000 0.00000 
2 0.45735 0.54265 
2 1.00000 0.00000 
2 0.16044 0.83956 
2 1.00000 0.00000 
2 0.83415 0.16585 
2 1.00000 0.00000 
2 0.25157 0.74843 
2 1.00000 0.00000 
2 0.05472 0.94528 
2 1.00000 0.00000 
2 0.02182 0.97818 
2 0.99999 0.00001 
2 0.60696 0.39304 
2 1.00000 0.00000 
2 0.00340 0.99660 
2 0.99982 0.00018 
2 0.38423 0.61577 
2 1.00000 0.00000 
2 0.63699 0.36301 
2 1.00000 0.00000 
2 0.01305 0.98695 
2 0.99998 0.00002 
2 0.02762 0.97238 
2 0.99999 0.00001 
2 0.01606 0.98394 
2 0.99999 0.00001 
2 0.12464 0.87536 
2 1.00000 0.00000 
2 0.60035 0.39965 
2 1.00000 0.00000 
2 0.92869 0.07131 
2 1.00000 0.00000 
2 0.00003 0.99997 
2 1.00000 0.00000 
2 0.01937 0.98063 
2 0.99998 0.00002 
2 0.42775 0.57225 
2 1.00000 0.00000 
2 0.06376 0.93624 
2 1.00000 0.00000 
2 0.01645 0.98355 
2 0.99999 0.00001 
2 0.49676 0.50324 
2 0.99997 0.00003 
2 0.40456 0.59544 
2 1.00000 0.00000 
2 0.00453 0.99547 
2 0.99989 0.00011 
2 0.65735 0.34265 
2 1.00000 0.00000 
2 0.24685 0.75315 
2 1.00000 0.00000 
2 0.58846 0.41154 
2 1.00000 0.00000 
2 0.00485 0.99515 
2 0.99992 0.00008 
2 0.60385 0.39615 
2 1.00000 0.00000 
2 0.87053 0.12947 
2 1.00000 0.00000 
2 0.44155 0.55845 
2 1.00000 0.00000 
2 0.52404 0.47596 
2 1.00000 0.00000 
2 0.50124 0.49876 
2 1.00000 0.00000 
2 0.73656 0.26344 
2 1.00000 0.00000 
2 0.77801 0.22199 
2 0.99998 0.00002 
2 0.51960 0.48040 
2 1.00000 0.00000 
2 0.58305 0.41695 
2 1.00000 0.00000 
2 0.95876 0.04124 
2 1.00000 0.00000 
2 0.49753 0.50247 
2 1.00000 0.00000 
2 0.31486 0.68514 
2 1.00000 0.00000 
2 0.38757 0.61243 
2 0.99999 0.00001 
2 0.42964 0.57036 
2 1.00000 0.00000 
2 0.60411 0.39589 
2 1.00000 0.00000 
2 0.00430 0.99570 
2 0.99990 0.00010 
2 0.00093 0.99907 
2 0.99927 0.00073 
2 0.05676 0.94324 
2 1.00000 0.00000 
2 0.00041 0.99959 
2 0.99898 0.00102 
2 0.43666 0.56334 
2 1.00000 0.00000 
2 0.00348 0.99652 
2 0.99970 0.00030 
2 0.52968 0.47032 
2 1.00000 0.00000 
2 0.02451 0.97549 
2 1.00000 0.00000 
2 0.56756 0.43244 
2 1.00000 0.00000 
2 0.44780 0.55220 
2 1.00000 0.00000 
2 0.02288 0.97712 
2 0.99993 0.00007 
2 0.74022 0.25978 
2 1.00000 0.00000 
2 0.52238 0.47762 
2 1.00000 0.00000 
2 0.00201 0.99799 
2 1.00000 0.00000 
2 0.11267 0.88733 
2 1.00000 0.00000 
2 0.04409 0.95591 
2 1.00000 0.00000 
2 0.12472 0.87528 
2 0.99999 0.00001 
2 0.29177 0.70823 
2 0.99999 0.00001 
2 0.27458 0.72542 
2 0.99999 0.00001 
2 0.16456 0.83544 
2 1.00000 0.00000 
2 0.58959 0.41041 
2 1.00000 0.00000 
2 0.01860 0.98140 
2 0.99994 0.00006 
2 0.04420 0.95580 
2 0.99999 0.00001 
2 0.91795 0.08205 
2 1.00000 0.00000 
2 0.00213 0.99787 
2 0.99952 0.00048 
2 0.65114 0.34886 
2 1.00000 0.00000 
2 0.00036 0.99964 
2 0.99886 0.00114 
2 0.03775 0.96225 
2 0.99993 0.00007 
2 0.25372 0.74628 
2 1.00000 0.00000 
2 0.42610 0.57390 
2 1.00000 0.00000 
2 0.39696 0.60304 
2 0.99999 0.00001 
2 0.03112 0.96888 
2 0.99956 0.00044 
2 0.03619 0.96381 
2 0.99998 0.00002 
2 0.19607 0.80393 
2 0.99999 0.00001 
2 0.33024 0.66976 
2 1.00000 0.00000 
2 0.21722 0.78278 
2 1.00000 0.00000 
2 0.27208 0.72792 
2 1.00000 0.00000 
2 0.28052 0.71948 
2 1.00000 0.00000 
2 0.22535 0.77465 
2 1.00000 0.00000 
2 0.28811 0.71189 
2 0.99999 0.00001 
2 0.63727 0.36273 
2 1.00000 0.00000 
2 0.00000 1.00000 
2 1.00000 0.00000 
2 0.04349 0.95651 
2 1.00000 0.00000 
2 0.07741 0.92259 
2 0.99997 0.00003 
2 0.42152 0.57848 
2 1.00000 0.00000 
2 0.01989 0.98011 
2 1.00000 0.00000 
2 0.01772 0.98228 
2 0.99999 0.00001 
2 0.00054 0.99946 
2 0.99903 0.00097 
2 0.28322 0.71678 
2 1.00000 0.00000 
2 0.14309 0.85691 
2 0.99998 0.00002 
2 0.99999 0.00001 
2 1.00000 0.00000 
2 0.00729 0.99271 
2 0.99991 0.00009 
2 0.91751 0.08249 
2 1.00000 0.00000 
2 0.66605 0.33395 
2 0.99997 0.00003 
2 0.90689 0.09311 
2 1.00000 0.00000 
2 0.50238 0.49762 
2 1.00000 0.00000 
2 0.85512 0.14488 
2 0.99999 0.00001 
2 0.26365 0.73635 
2 0.50109 0.49891 
2 0.99774 0.00226 
2 0.79413 0.20587 
2 0.98825 0.01175 
2 0.94585 0.05415 
2 0.99719 0.00281 
2 0.00711 0.99289 
2 0.99459 0.00541 
2 0.98244 0.01756 
2 1.00000 0.00000 
2 1.00000 0.00000 
2 0.99990 0.00010 
2 0.99998 0.00002 
2 0.99473 0.00527 
2 0.27271 0.72729 
2 0.99777 0.00223 
2 0.99999 0.00001 
2 0.99960 0.00040 
2 0.48368 0.51632 
2 0.99675 0.00325 
2 0.06155 0.93845 
2 0.99954 0.00046 
2 0.15747 0.84253 
2 0.99937 0.00063 
2 0.89222 0.10778 
2 0.99924 0.00076 
2 0.46855 0.53145 
2 0.99807 0.00193 
2 0.15701 0.84299 
2 0.99882 0.00118 
2 0.37612 0.62388 
2 0.99993 0.00007 
2 0.04843 0.95157 
2 0.99989 0.00011 
2 0.24142 0.75858 
2 0.99999 0.00001 
2 0.04753 0.95247 
2 0.99999 0.00001 
2 0.55181 0.44819 
2 0.99995 0.00005 
2 0.92735 0.07265 
2 0.99955 0.00045 
2 0.58912 0.41088 
2 0.99997 0.00003 
2 0.72030 0.27970 
2 0.99977 0.00023 
2 0.02894 0.97106 
2 0.99998 0.00002 
2 0.01875 0.98125 
2 0.99970 0.00030 
2 0.99235 0.00765 
2 1.00000 0.00000 
2 0.86374 0.13626 
2 0.99967 0.00033 
2 0.34136 0.65864 
2 0.99959 0.00041 
2 0.72263 0.27737 
2 0.99988 0.00012 
2 0.29879 0.70121 
2 0.99948 0.00052 
2 0.38100 0.61900 
2 0.99974 0.00026 
2 0.39904 0.60096 
2 0.99980 0.00020 
2 0.96356 0.03644 
2 0.99991 0.00009 
2 0.97197 0.02803 
2 0.99973 0.00027 
2 0.14721 0.85279 
2 1.00000 0.00000 
2 0.06956 0.93044 
2 0.99998 0.00002 
2 0.72513 0.27487 
2 0.99999 0.00001 
2 0.63275 0.36725 
2 1.00000 0.00000 
2 0.02339 0.97661 
2 0.99973 0.00027 
2 0.98098 0.01902 
2 1.00000 0.00000 
2 0.36414 0.63586 
2 0.99987 0.00013 
2 0.66276 0.33724 
2 0.99999 0.00001 
2 0.57870 0.42130 
2 0.99991 0.00009 
2 0.92244 0.07756 
2 0.99996 0.00004 
2 0.37058 0.62942 
2 0.99970 0.00030 
2 0.44940 0.55060 
2 0.99992 0.00008 
2 0.11984 0.88016 
2 0.99994 0.00006 
2 0.59004 0.40996 
2 0.99996 0.00004 
2 0.72148 0.27852 
2 0.99978 0.00022 
2 0.97781 0.02219 
2 0.99999 0.00001 
2 0.61268 0.38732 
2 0.99995 0.00005 
2 0.48778 0.51222 
2 0.99982 0.00018 
2 0.50099 0.49901 
2 0.99980 0.00020 
2 0.77635 0.22365 
2 1.00000 0.00000 
2 0.31220 0.68780 
2 0.99998 0.00002 
2 0.39227 0.60773 
2 1.00000 0.00000 
2 0.67113 0.32887 
2 0.99998 0.00002 
2 0.99944 0.00056 
2 1.00000 0.00000 
2 0.19780 0.80220 
2 0.99997 0.00003 
2 0.02111 0.97889 
2 0.99992 0.00008 
2 0.65778 0.34222 
2 0.99976 0.00024 
2 0.05190 0.94810 
2 0.99996 0.00004 
2 0.77668 0.22332 
2 0.99983 0.00017 
2 0.49408 0.50592 
2 0.99998 0.00002 
2 0.10706 0.89294 
2 0.99996 0.00004 
2 0.98621 0.01379 
2 0.99975 0.00025 
2 0.57535 0.42465 
2 0.99986 0.00014 
2 0.00645 0.99355 
2 0.99967 0.00033 
2 0.49705 0.50295 
2 0.99986 0.00014 
2 0.26242 0.73758 
2 1.00000 0.00000 
2 0.20986 0.79014 
2 0.99990 0.00010 
2 0.19189 0.80811 
2 0.99989 0.00011 
2 0.79613 0.20387 
2 0.99999 0.00001 
2 0.98796 0.01204 
2 0.99977 0.00023 
2 0.47273 0.52727 
2 0.99980 0.00020 
2 0.93451 0.06549 
2 0.99999 0.00001 
2 0.00012 0.99988 
2 0.99991 0.00009 
2 0.30633 0.69367 
2 1.00000 0.00000 
2 0.04174 0.95826 
2 0.99983 0.00017 
2 0.97297 0.02703 
2 0.99998 0.00002 
2 0.27495 0.72505 
2 0.99995 0.00005 
2 0.95105 0.04895 
2 0.99998 0.00002 
2 0.55445 0.44555 
2 1.00000 0.00000 
2 0.65327 0.34673 
2 1.00000 0.00000 
2 0.15543 0.84457 
2 0.99995 0.00005 
2 0.79767 0.20233 
2 0.99996 0.00004 
2 0.58855 0.41145 
2 0.99974 0.00026 
2 0.72777 0.27223 
2 0.99997 0.00003 
2 0.75718 0.24282 
2 1.00000 0.00000 
2 0.01996 0.98004 
2 0.99995 0.00005 
2 0.86277 0.13723 
2 0.99984 0.00016 
2 0.44639 0.55361 
2 0.99987 0.00013 
2 0.61433 0.38567 
2 1.00000 0.00000 
2 0.90528 0.09472 
2 1.00000 0.00000 
2 0.58160 0.41840 
2 1.00000 0.00000 
2 0.55695 0.44305 
2 0.99999 0.00001 
2 0.68966 0.31034 
2 0.99999 0.00001 
2 0.25027 0.74973 
2 0.99998 0.00002 
2 0.60277 0.39723 
2 0.99989 0.00011 
2 0.62456 0.37544 
2 0.99996 0.00004 
2 0.65956 0.34044 
2 1.00000 0.00000 
2 0.06017 0.93983 
2 0.99980 0.00020 
2 0.54838 0.45162 
2 1.00000 0.00000 
2 0.71951 0.28049 
2 1.00000 0.00000 
2 0.99353 0.00647 
2 0.99998 0.00002 
2 0.63883 0.36117 
2 0.99999 0.00001 
2 0.28822 0.71178 
2 1.00000 0.00000 
2 0.17503 0.82497 
2 1.00000 0.00000 
2 0.66512 0.33488 
2 0.99999 0.00001 
2 0.54377 0.45623 
2 1.00000 0.00000 
2 0.46246 0.53754 
2 1.00000 0.00000 
2 0.58860 0.41140 
2 0.99993 0.00007 
2 0.43202 0.56798 
2 1.00000 0.00000 
2 0.97621 0.02379 
2 0.99999 0.00001 
2 0.36223 0.63777 
2 0.99997 0.00003 
2 0.96469 0.03531 
2 0.99998 0.00002 
2 0.16836 0.83164 
2 0.99999 0.00001 
2 0.24145 0.75855 
2 0.99997 0.00003 
2 0.98196 0.01804 
2 0.99994 0.00006 
2 0.26817 0.73183 
2 0.99993 0.00007 
2 0.67641 0.32359 
2 0.99996 0.00004 
2 0.52721 0.47279 
2 0.99996 0.00004 
2 0.92434 0.07566 
2 0.99995 0.00005 
2 0.84694 0.15306 
2 0.99991 0.00009 
2 0.20857 0.79143 
2 0.99997 0.00003 
2 0.68253 0.31747 
2 0.99999 0.00001 
2 0.36889 0.63111 
2 0.99989 0.00011 
2 0.71403 0.28597 
2 0.99988 0.00012 
2 0.40825 0.59175 
2 0.99990 0.00010 
2 0.01752 0.98248 
2 0.99995 0.00005 
2 0.43262 0.56738 
2 0.99996 0.00004 
2 0.21924 0.78076 
2 0.99995 0.00005 
2 0.40555 0.59445 
2 0.99999 0.00001 
2 0.89691 0.10309 
2 0.99986 0.00014 
2 0.75314 0.24686 
2 0.99996 0.00004 
2 0.98105 0.01895 
2 1.00000 0.00000 
2 0.37269 0.62731 
2 0.99994 0.00006 
2 0.08630 0.91370 
2 0.99996 0.00004 
2 0.08489 0.91511 
2 1.00000 0.00000 
2 0.27089 0.72911 
2 0.99997 0.00003 
2 0.14037 0.85963 
2 0.99991 0.00009 
2 0.09296 0.90704 
2 0.99999 0.00001 
2 0.20311 0.79689 
2 0.99999 0.00001 
2 0.94499 0.05501 
2 0.99989 0.00011 
2 0.01057 0.98943 
2 0.99997 0.00003 
2 0.33300 0.66700 
2 0.99999 0.00001 
2 0.86120 0.13880 
2 0.99999 0.00001 
2 0.60663 0.39337 
2 0.99996 0.00004 
2 0.99997 0.00003 
2 1.00000 0.00000 
2 0.51864 0.48136 
2 0.99997 0.00003 
2 0.18246 0.81754 
2 0.99992 0.00008 
2 0.14387 0.85613 
2 0.99997 0.00003 
2 0.62690 0.37310 
2 0.99998 0.00002 
2 0.49848 0.50152 
2 1.00000 0.00000 
2 0.62946 0.37054 
2 0.99999 0.00001 
2 0.23919 0.76081 
2 0.99995 0.00005 
2 0.81574 0.18426 
2 0.99997 0.00003 
2 0.52341 0.47659 
2 0.99998 0.00002 
2 0.68757 0.31243 
2 1.00000 0.00000 
2 0.65650 0.34350 
2 1.00000 0.00000 
2 0.86528 0.13472 
2 0.99999 0.00001 
2 0.90189 0.09811 
2 0.99999 0.00001 
2 0.49283 0.50717 
2 0.99996 0.00004 
2 0.89546 0.10454 
2 0.99995 0.00005 
2 0.37405 0.62595 
2 0.99991 0.00009 
2 0.23851 0.76149 
2 0.99996 0.00004 
2 0.01086 0.98914 
2 0.99997 0.00003 
2 0.07005 0.92995 
2 0.99999 0.00001 
2 0.19514 0.80486 
2 1.00000 0.00000 
2 0.42617 0.57383 
2 0.99992 0.00008 
2 0.60335 0.39665 
2 0.99999 0.00001 
2 0.34851 0.65149 
2 0.99992 0.00008 
2 0.16289 0.83711 
2 0.99999 0.00001 
2 0.63024 0.36976 
2 1.00000 0.00000 
2 0.94652 0.05348 
2 1.00000 0.00000 
2 0.58790 0.41210 
2 0.99996 0.00004 
2 0.89408 0.10592 
2 1.00000 0.00000 
2 0.86359 0.13641 
2 0.99997 0.00003 
2 0.05706 0.94294 
2 1.00000 0.00000 
2 0.71376 0.28624 
2 1.00000 0.00000 
2 0.24611 0.75389 
2 0.99995 0.00005 
2 0.00825 0.99175 
2 0.99999 0.00001 
2 0.82533 0.17467 
2 1.00000 0.00000 
2 0.08087 0.91913 
2 0.99999 0.00001 
2 0.86004 0.13996 
2 0.99999 0.00001 
2 0.55216 0.44784 
2 0.99999 0.00001 
2 0.03702 0.96298 
2 0.99998 0.00002 
2 0.40885 0.59115 
2 0.99999 0.00001 
2 0.00173 0.99827 
2 0.99997 0.00003 
2 0.45327 0.54673 
2 0.99999 0.00001 
2 0.22646 0.77354 
2 1.00000 0.00000 
2 0.06647 0.93353 
2 0.99993 0.00007 
2 0.00000 1.00000 
2 0.99999 0.00001 
2 0.50380 0.49620 
2 1.00000 0.00000 
2 0.77026 0.22974 
2 0.99994 0.00006 
2 0.49429 0.50571 
2 1.00000 0.00000 
2 0.88037 0.11963 
2 0.99998 0.00002 
2 0.54183 0.45817 
2 0.99999 0.00001 
2 0.01508 0.98492 
2 0.99998 0.00002 
2 0.88154 0.11846 
2 0.99999 0.00001 
2 0.31032 0.68968 
2 1.00000 0.00000 
2 0.41464 0.58536 
2 0.99998 0.00002 
2 0.99795 0.00205 
2 0.99989 0.00011 
2 0.58799 0.41201 
2 0.99999 0.00001 
2 0.08959 0.91041 
2 0.99997 0.00003 
2 0.39104 0.60896 
2 0.99999 0.00001 
2 0.78797 0.21203 
2 0.99998 0.00002 
2 0.69791 0.30209 
2 0.99996 0.00004 
2 0.94866 0.05134 
2 0.99997 0.00003 
2 0.42021 0.57979 
2 0.99999 0.00001 
2 0.20033 0.79967 
2 0.99999 0.00001 
2 0.97065 0.02935 
2 0.99999 0.00001 
2 0.22277 0.77723 
2 0.99990 0.00010 
2 0.42267 0.57733 
2 0.99998 0.00002 
2 0.86207 0.13793 
2 1.00000 0.00000 
2 0.69806 0.30194 
2 0.99999 0.00001 
2 0.77112 0.22888 
2 0.99998 0.00002 
2 0.48470 0.51530 
2 0.99998 0.00002 
2 0.86700 0.13300 
2 0.99998 0.00002 
2 0.91518 0.08482 
2 0.99999 0.00001 
2 0.95674 0.04326 
2 1.00000 0.00000 
2 0.57868 0.42132 
2 0.99998 0.00002 
2 0.47425 0.52575 
2 1.00000 0.00000 
2 0.34888 0.65112 
2 1.00000 0.00000 
2 0.28511 0.71489 
2 0.99998 0.00002 
2 0.00340 0.99660 
2 0.99999 0.00001 
2 0.43967 0.56033 
2 0.99998 0.00002 
2 0.00062 0.99938 
2 0.99998 0.00002 
2 0.34443 0.65557 
2 0.99987 0.00013 
2 0.75830 0.24170 
2 0.99999 0.00001 
2 0.83351 0.16649 
2 0.99998 0.00002 
2 0.26959 0.73041 
2 0.99995 0.00005 
2 0.88853 0.11147 
2 0.99997 0.00003 
2 0.89769 0.10231 
2 0.99999 0.00001 
2 0.88308 0.11692 
2 0.99996 0.00004 
2 0.04111 0.95889 
2 0.99996 0.00004 
2 0.15806 0.84194 
2 0.99998 0.00002 
2 0.52618 0.47382 
2 0.99999 0.00001 
2 0.13283 0.86717 
2 0.99993 0.00007 
2 0.56474 0.43526 
2 1.00000 0.00000 
2 0.07539 0.92461 
2 0.99997 0.00003 
2 0.95785 0.04215 
2 0.99997 0.00003 
2 0.01920 0.98080 
2 0.99999 0.00001 
2 0.05606 0.94394 
2 0.99999 0.00001 
2 0.91316 0.08684 
2 0.99993 0.00007 
2 0.21923 0.78077 
2 0.99992 0.00008 
2 0.44539 0.55461 
2 0.99998 0.00002 
2 0.27367 0.72633 
2 1.00000 0.00000 
2 0.93829 0.06171 
2 1.00000 0.00000 
2 0.57185 0.42815 
2 0.99999 0.00001 
2 0.64041 0.35959 
2 0.99998 0.00002 
2 0.34754 0.65246 
2 0.99999 0.00001 
2 0.80098 0.19902 
2 0.99998 0.00002 
2 0.52054 0.47946 
2 1.00000 0.00000 
2 0.92414 0.07586 
2 0.99998 0.00002 
2 0.17323 0.82677 
2 0.99998 0.00002 
2 0.31872 0.68128 
2 0.99999 0.00001 
2 0.28802 0.71198 
2 1.00000 0.00000 
2 0.93647 0.06353 
2 0.99998 0.00002 
2 0.78986 0.21014 
2 0.99995 0.00005 
2 0.00747 0.99253 
2 0.99999 0.00001 
2 0.78881 0.21119 
2 0.99999 0.00001 
2 0.79777 0.20223 
2 0.99999 0.00001 
2 0.02990 0.97010 
2 0.99995 0.00005 
2 0.43841 0.56159 
2 0.99999 0.00001 
2 0.16298 0.83702 
2 0.99995 0.00005 
2 0.10017 0.89983 
2 0.99998 0.00002 
2 0.44089 0.55911 
2 1.00000 0.00000 
2 0.05539 0.94461 
2 0.99993 0.00007 
2 0.58377 0.41623 
2 0.99991 0.00009 
2 0.42004 0.57996 
2 0.99999 0.00001 
2 0.04060 0.95940 
2 0.99992 0.00008 
2 0.97518 0.02482 
2 0.99996 0.00004 
2 0.27252 0.72748 
2 1.00000 0.00000 
2 0.34147 0.65853 
2 0.99999 0.00001 
2 0.19859 0.80141 
2 0.99995 0.00005 
2 0.61997 0.38003 
2 0.99995 0.00005 
2 0.42085 0.57915 
2 0.99999 0.00001 
2 0.08756 0.91244 
2 0.99994 0.00006 
2 0.00468 0.99532 
2 0.99995 0.00005 
2 0.41824 0.58176 
2 0.99998 0.00002 
2 0.94535 0.05465 
2 0.99998 0.00002 
2 0.05843 0.94157 
2 0.99998 0.00002 
2 0.76796 0.23204 
2 0.99997 0.00003 
2 0.27231 0.72769 
2 0.99999 0.00001 
2 0.82328 0.17672 
2 0.99992 0.00008 
2 0.74488 0.25512 
2 0.99971 0.00029 
2 0.63266 0.36734 
2 0.99999 0.00001 
2 0.58220 0.41780 
2 0.99997 0.00003 
2 0.83954 0.16046 
2 1.00000 0.00000 
2 0.33252 0.66748 
2 0.99988 0.00012 
2 0.00229 0.99771 
2 0.99999 0.00001 
2 0.70771 0.29229 
2 0.99999 0.00001 
2 0.99508 0.00492 
2 0.99968 0.00032 
2 0.59993 0.40007 
2 0.99997 0.00003 
2 0.68017 0.31983 
2 0.99954 0.00046 
2 0.21195 0.78805 
2 1.00000 0.00000 
2 0.41346 0.58654 
2 0.99978 0.00022 
2 0.24547 0.75453 
2 0.99997 0.00003 
2 0.94507 0.05493 
2 0.99983 0.00017 
2 0.51042 0.48958 
2 0.99989 0.00011 
2 0.77983 0.22017 
2 0.99996 0.00004 
2 0.92671 0.07329 
2 0.99992 0.00008 
2 0.70802 0.29198 
2 0.99993 0.00007 
2 0.92640 0.07360 
2 0.99998 0.00002 
2 0.82434 0.17566 
2 0.99993 0.00007 
2 0.75445 0.24555 
2 0.96234 0.03766 
2 0.19737 0.80263 
2 0.99292 0.00708 
2 0.18520 0.81480 
2 0.99979 0.00021 
2 0.63648 0.36352 
2 0.99994 0.00006 
2 0.56062 0.43938 
2 0.98576 0.01424 
2 0.00081 0.99919 
2 0.99999 0.00001 
2 0.00000 1.00000 
2 0.99999 0.00001 
2 0.07217 0.92783 
2 0.99997 0.00003 
2 0.44734 0.55266 
2 0.99961 0.00039 
2 0.74749 0.25251 
2 0.99934 0.00066 
2 0.00810 0.99190 
2 0.99957 0.00043 
2 0.41819 0.58181 
2 0.99917 0.00083 
2 0.62555 0.37445 
2 1.00000 0.00000 
2 0.46162 0.53838 
2 0.99982 0.00018 
2 0.50068 0.49932 
2 0.94477 0.05523 
2 0.80037 0.19963 
2 0.96508 0.03492 
2 0.23062 0.76938 
2 1.00000 0.00000 
2 0.22301 0.77699 
2 0.99996 0.00004 
2 0.92659 0.07341 
2 0.99997 0.00003 
2 0.03519 0.96481 
2 0.98269 0.01731 
2 0.60570 0.39430 
2 0.99925 0.00075 
2 0.42969 0.57031 
2 0.99983 0.00017 
2 0.00004 0.99996 
2 0.83744 0.16256 
2 0.49846 0.50154 
2 0.99994 0.00006 
2 0.50289 0.49711 
2 0.94690 0.05310 
2 0.09130 0.90870 
2 0.82421 0.17579 
2 0.12182 0.87818 
2 0.97114 0.02886 
2 0.00000 1.00000 
2 0.21090 0.78910 
2 0.05280 0.94720 
2 0.01901 0.98099 
2 0.02108 0.97892 
2 0.38354 0.61646 
2 0.00248 0.99752 
2 0.14923 0.85077 
2 0.00182 0.99818 
2 0.39433 0.60567 
2 0.01014 0.98986 
2 0.76658 0.23342 
2 0.00000 1.00000 
2 0.00391 0.99609 
2 0.16820 0.83180 
2 0.06537 0.93463 
2 0.00058 0.99942 
2 0.79305 0.20695 
2 0.00000 1.00000 
2 0.02140 0.97860 
2 0.00000 1.00000 
2 0.62291 0.37709 
2 0.00000 1.00000 
2 0.38972 0.61028 
2 0.00000 1.00000 
2 0.65686 0.34314 
2 0.00000 1.00000 
2 0.21621 0.78379 
2 0.00181 0.99819 
2 0.07836 0.92164 
2 0.00006 0.99994 
2 0.60245 0.39755 
2 0.00159 0.99841 
2 0.87941 0.12059 
2 0.00000 1.00000 
2 0.23734 0.76266 
2 0.00153 0.99847 
2 0.14628 0.85372 
2 0.00000 1.00000 
2 0.07505 0.92495 
2 0.00070 0.99930 
2 0.23711 0.76289 
2 0.00000 1.00000 
2 0.37994 0.62006 
2 0.00001 0.99999 
2 0.34772 0.65228 
2 0.00000 1.00000 
2 0.15674 0.84326 
2 0.00002 0.99998 
2 0.00011 0.99989 
2 0.00586 0.99414 
2 0.37607 0.62393 
2 0.00002 0.99998 
2 0.60817 0.39183 
2 0.00000 1.00000 
2 0.31422 0.68578 
2 0.00134 0.99866 
2 0.74608 0.25392 
2 0.00000 1.00000 
2 0.00100 0.99900 
2 0.00000 1.00000 
2 0.10792 0.89208 
2 0.00002 0.99998 
2 0.04621 0.95379 
2 0.00004 0.99996 
2 0.00376 0.99624 
2 0.00000 1.00000 
2 0.27720 0.72280 
2 0.00000 1.00000 
2 0.68212 0.31788 
2 0.00000 1.00000 
2 0.01527 0.98473 
2 0.00003 0.99997 
2 0.59539 0.40461 
2 0.00001 0.99999 
2 0.36389 0.63611 
2 0.00000 1.00000 
2 0.04084 0.95916 
2 0.00001 0.99999 
2 0.05821 0.94179 
2 0.00000 1.00000 
2 0.01394 0.98606 
2 0.00005 0.99995 
2 0.46448 0.53552 
2 0.00000 1.00000 
2 0.71699 0.28301 
2 0.00000 1.00000 
2 0.19338 0.80662 
2 0.00000 1.00000 
2 0.66723 0.33277 
2 0.00000 1.00000 
2 0.23001 0.76999 
2 0.00001 0.99999 
2 0.48079 0.51921 
2 0.00001 0.99999 
2 0.57963 0.42037 
2 0.00000 1.00000 
2 0.13215 0.86785 
2 0.00034 0.99966 
2 0.00174 0.99826 
2 0.03642 0.96358 
2 0.00115 0.99885 
2 0.00036 0.99964 
2 0.00004 0.99996 
2 0.64139 0.35861 
2 0.23780 0.76220 
2 0.00000 1.00000 
2 0.04901 0.95099 
2 0.00001 0.99999 
2 0.23236 0.76764 
2 0.00000 1.00000 
2 0.42274 0.57726 
2 0.00000 1.00000 
2 0.27450 0.72550 
2 0.00000 1.00000 
2 0.15506 0.84494 
2 0.00000 1.00000 
2 0.11824 0.88176 
2 0.00000 1.00000 
2 0.03947 0.96053 
2 0.00028 0.99972 
2 0.07178 0.92822 
2 0.00001 0.99999 
2 0.82001 0.17999 
2 0.00000 1.00000 
2 0.03755 0.96245 
2 0.00007 0.99993 
2 0.16128 0.83872 
2 0.00001 0.99999 
2 0.85575 0.14425 
2 0.00000 1.00000 
2 0.01633 0.98367 
2 0.00008 0.99992 
2 0.83041 0.16959 
2 0.00000 1.00000 
2 0.63856 0.36144 
2 0.00000 1.00000 
2 0.68502 0.31498 
2 0.00000 1.00000 
2 0.94345 0.05655 
2 0.00000 1.00000 
2 0.00808 0.99192 
2 0.00000 1.00000 
2 0.36001 0.63999 
2 0.00000 1.00000 
2 0.22726 0.77274 
2 0.00000 1.00000 
2 0.00001 0.99999 
2 0.10220 0.89780 
2 0.09956 0.90044 
2 0.00005 0.99995 
2 0.96944 0.03056 
2 0.00000 1.00000 
2 0.05641 0.94359 
2 0.00000 1.00000 
2 0.68846 0.31154 
2 0.00000 1.00000 
2 0.50358 0.49642 
2 0.00000 1.00000 
2 0.03823 0.96177 
2 0.00000 1.00000 
2 0.01029 0.98971 
2 0.00156 0.99844 
2 0.97469 0.02531 
2 0.00000 1.00000 
2 0.72275 0.27725 
2 0.00000 1.00000 
2 0.16297 0.83703 
2 0.00000 1.00000 
2 0.76946 0.23054 
2 0.00000 1.00000 
2 0.09249 0.90751 
2 0.00001 0.99999 
2 0.46420 0.53580 
2 0.00000 1.00000 
2 0.37106 0.62894 
2 0.00000 1.00000 
2 0.55515 0.44485 
2 0.00000 1.00000 
2 0.05271 0.94729 
2 0.00000 1.00000 
2 0.22584 0.77416 
2 0.00000 1.00000 
2 0.06706 0.93294 
2 0.00001 0.99999 
2 0.47181 0.52819 
2 0.00000 1.00000 
2 0.34395 0.65605 
2 0.00000 1.00000 
2 0.01947 0.98053 
2 0.00001 0.99999 
2 0.33183 0.66817 
2 0.00000 1.00000 
2 0.01922 0.98078 
2 0.00001 0.99999 
2 0.43665 0.56335 
2 0.00000 1.00000 
2 0.49716 0.50284 
2 0.00000 1.00000 
2 0.17669 0.82331 
2 0.00000 1.00000 
2 0.49561 0.50439 
2 0.00000 1.00000 
2 0.68433 0.31567 
2 0.00000 1.00000 
2 0.36750 0.63250 
2 0.00000 1.00000 
2 0.04133 0.95867 
2 0.00000 1.00000 
2 0.52320 0.47680 
2 0.00000 1.00000 
2 0.23117 0.76883 
2 0.00000 1.00000 
2 0.46578 0.53422 
2 0.00000 1.00000 
2 0.08972 0.91028 
2 0.00000 1.00000 
2 0.20911 0.79089 
2 0.00000 1.00000 
2 0.01823 0.98177 
2 0.00064 0.99936 
2 0.02729 0.97271 
2 0.00000 1.00000 
2 0.00321 0.99679 
2 0.00000 1.00000 
2 0.01670 0.98330 
2 0.00009 0.99991 
2 0.11695 0.88305 
2 0.00000 1.00000 
2 0.84097 0.15903 
2 0.00000 1.00000 
2 0.09669 0.90331 
2 0.00000 1.00000 
2 0.02259 0.97741 
2 0.00000 1.00000 
2 0.70747 0.29253 
2 0.00000 1.00000 
2 0.14132 0.85868 
2 0.00000 1.00000 
2 0.05539 0.94461 
2 0.00000 1.00000 
2 0.00876 0.99124 
2 0.00000 1.00000 
2 0.27287 0.72713 
2 0.00000 1.00000 
2 0.56916 0.43084 
2 0.00000 1.00000 
2 0.10523 0.89477 
2 0.00000 1.00000 
2 0.22201 0.77799 
2 0.00000 1.00000 
2 0.00427 0.99573 
2 0.00000 1.00000 
2 0.20340 0.79660 
2 0.00000 1.00000 
2 0.64477 0.35523 
2 0.00000 1.00000 
2 0.00144 0.99856 
2 0.00014 0.99986 
2 0.30492 0.69508 
2 0.00000 1.00000 
2 0.00029 0.99971 
2 0.00071 0.99929 
2 0.87234 0.12766 
2 0.00000 1.00000 
2 0.18510 0.81490 
2 0.00000 1.00000 
2 0.01889 0.98111 
2 0.00003 0.99997 
2 0.37299 0.62701 
2 0.00000 1.00000 
2 0.03376 0.96624 
2 0.00000 1.00000 
2 0.14590 0.85410 
2 0.00000 1.00000 
2 0.49718 0.50282 
2 0.00000 1.00000 
2 0.29990 0.70010 
2 0.00000 1.00000 
2 0.09686 0.90314 
2 0.00000 1.00000 
2 0.48292 0.51708 
2 0.00000 1.00000 
2 0.38144 0.61856 
2 0.00000 1.00000 
2 0.81585 0.18415 
2 0.00000 1.00000 
2 0.45874 0.54126 
2 0.00000 1.00000 
2 0.81822 0.18178 
2 0.00000 1.00000 
2 0.77148 0.22852 
2 0.00000 1.00000 
2 0.26528 0.73472 
2 0.00000 1.00000 
2 0.89346 0.10654 
2 0.00000 1.00000 
2 0.24193 0.75807 
2 0.00000 1.00000 
2 0.42874 0.57126 
2 0.00001 0.99999 
2 0.00083 0.99917 
2 0.00000 1.00000 
2 0.06038 0.93962 
2 0.00000 1.00000 
2 0.13470 0.86530 
2 0.00000 1.00000 
2 0.29353 0.70647 
2 0.00000 1.00000 
2 0.06709 0.93291 
2 0.00000 1.00000 
2 0.85891 0.14109 
2 0.00000 1.00000 
2 0.33565 0.66435 
2 0.00000 1.00000 
2 0.07470 0.92530 
2 0.00000 1.00000 
2 0.00413 0.99587 
2 0.00004 0.99996 
2 0.14445 0.85555 
2 0.00000 1.00000 
2 0.09372 0.90628 
2 0.00002 0.99998 
2 0.04888 0.95112 
2 0.00000 1.00000 
2 0.56092 0.43908 
2 0.00000 1.00000 
2 0.02551 0.97449 
2 0.00002 0.99998 
2 0.51656 0.48344 
2 0.00000 1.00000 
2 0.99562 0.00438 
2 0.00000 1.00000 
2 0.47831 0.52169 
2 0.00000 1.00000 
2 0.93908 0.06092 
2 0.00000 1.00000 
2 0.92946 0.07054 
2 0.00000 1.00000 
2 0.60954 0.39046 
2 0.00000 1.00000 
2 0.19455 0.80545 
2 0.00000 1.00000 
2 0.00002 0.99998 
2 0.00000 1.00000 
2 0.76516 0.23484 
2 0.00000 1.00000 
2 0.02274 0.97726 
2 0.00002 0.99998 
2 0.01390 0.98610 
2 0.00000 1.00000 
2 0.29141 0.70859 
2 0.00000 1.00000 
2 0.26105 0.73895 
2 0.00000 1.00000 
2 0.00348 0.99652 
2 0.00012 0.99988 
2 0.00249 0.99751 
2 0.00000 1.00000 
2 0.41968 0.58032 
2 0.00000 1.00000 
2 0.68113 0.31887 
2 0.00000 1.00000 
2 0.28477 0.71523 
2 0.00000 1.00000 
2 0.00643 0.99357 
2 0.00006 0.99994 
2 0.40657 0.59343 
2 0.00001 0.99999 
2 0.32627 0.67373 
2 0.00000 1.00000 
2 0.44385 0.55615 
2 0.00000 1.00000 
2 0.50473 0.49527 
2 0.00000 1.00000 
2 0.45798 0.54202 
2 0.00000 1.00000 
2 0.05853 0.94147 
2 0.00001 0.99999 
2 0.01048 0.98952 
2 0.00012 0.99988 
2 0.09312 0.90688 
2 0.00010 0.99990 
2 0.22970 0.77030 
2 0.00000 1.00000 
2 0.32191 0.67809 
2 0.00000 1.00000 
2 0.50075 0.49925 
2 0.00000 1.00000 
2 0.20519 0.79481 
2 0.00000 1.00000 
2 0.17436 0.82564 
2 0.00000 1.00000 
2 0.08107 0.91893 
2 0.00000 1.00000 
2 0.26654 0.73346 
2 0.00000 1.00000 
2 0.03700 0.96300 
2 0.00000 1.00000 
2 0.99761 0.00239 
2 0.00000 1.00000 
2 0.86242 0.13758 
2 0.00000 1.00000 
2 0.05481 0.94519 
2 0.00000 1.00000 
2 0.44505 0.55495 
2 0.00000 1.00000 
2 0.08699 0.91301 
2 0.00000 1.00000 
2 0.17643 0.82357 
2 0.00000 1.00000 
2 0.27392 0.72608 
2 0.00000 1.00000 
2 0.98273 0.01727 
2 0.00000 1.00000 
2 0.96523 0.03477 
2 0.00000 1.00000 
2 0.00332 0.99668 
2 0.00000 1.00000 
2 0.00022 0.99978 
2 0.00000 1.00000 
2 0.76751 0.23249 
2 0.00000 1.00000 
2 0.58808 0.41192 
2 0.00000 1.00000 
2 0.11235 0.88765 
2 0.00000 1.00000 
2 0.24644 0.75356 
2 0.00000 1.00000 
2 0.01422 0.98578 
2 0.00000 1.00000 
2 0.45022 0.54978 
2 0.00000 1.00000 
2 0.80855 0.19145 
2 0.00000 1.00000 
2 0.06284 0.93716 
2 0.00000 1.00000 
2 0.03383 0.96617 
2 0.00003 0.99997 
2 0.15006 0.84994 
2 0.00000 1.00000 
2 0.41200 0.58800 
2 0.00000 1.00000 
2 0.22434 0.77566 
2 0.00000 1.00000 
2 0.52236 0.47764 
2 0.00000 1.00000 
2 0.13975 0.86025 
2 0.00002 0.99998 
2 0.59259 0.40741 
2 0.00000 1.00000 
2 0.68620 0.31380 
2 0.00000 1.00000 
2 0.00411 0.99589 
2 0.00002 0.99998 
2 0.71168 0.28832 
2 0.00000 1.00000 
2 0.03511 0.96489 
2 0.00002 0.99998 
2 0.17754 0.82246 
2 0.00000 1.00000 
2 0.24026 0.75974 
2 0.00000 1.00000 
2 0.07409 0.92591 
2 0.00000 1.00000 
2 0.00003 0.99997 
2 0.00000 1.00000 
2 0.00920 0.99080 
2 0.00002 0.99998 
2 0.10962 0.89038 
2 0.00000 1.00000 
2 0.02970 0.97030 
2 0.00000 1.00000 
2 0.19430 0.80570 
2 0.00000 1.00000 
2 0.30316 0.69684 
2 0.00000 1.00000 
2 0.06649 0.93351 
2 0.00000 1.00000 
2 0.32901 0.67099 
2 0.00000 1.00000 
2 0.39989 0.60011 
2 0.00000 1.00000 
2 0.28214 0.71786 
2 0.00000 1.00000 
2 0.12011 0.87989 
2 0.00000 1.00000 
2 0.24326 0.75674 
2 0.00000 1.00000 
2 0.25529 0.74471 
2 0.00000 1.00000 
2 0.97310 0.02690 
2 0.00000 1.00000 
2 0.61867 0.38133 
2 0.00000 1.00000 
2 0.39705 0.60295 
2 0.00000 1.00000 
2 0.39316 0.60684 
2 0.00000 1.00000 
2 0.08537 0.91463 
2 0.00000 1.00000 
2 0.69338 0.30662 
2 0.00000 1.00000 
2 0.15014 0.84986 
2 0.00000 1.00000 
2 0.15894 0.84106 
2 0.00000 1.00000 
2 0.52041 0.47959 
2 0.00000 1.00000 
2 0.66162 0.33838 
2 0.00000 1.00000 
2 0.86023 0.13977 
2 0.00000 1.00000 
2 0.24778 0.75222 
2 0.00000 1.00000 
2 0.41129 0.58871 
2 0.00000 1.00000 
2 0.17147 0.82853 
2 0.00000 1.00000 
2 0.03527 0.96473 
2 0.00001 0.99999 
2 0.12877 0.87123 
2 0.00000 1.00000 
2 0.30812 0.69188 
2 0.00000 1.00000 
2 0.13613 0.86387 
2 0.00000 1.00000 
2 0.56688 0.43312 
2 0.00000 1.00000 
2 0.41805 0.58195 
2 0.00000 1.00000 
2 0.10399 0.89601 
2 0.00000 1.00000 
2 0.00015 0.99985 
2 0.00000 1.00000 
2 0.92058 0.07942 
2 0.00000 1.00000 
2 0.97416 0.02584 
2 0.00000 1.00000 
2 0.07142 0.92858 
2 0.00000 1.00000 
2 0.66221 0.33779 
2 0.00000 1.00000 
2 0.99932 0.00068 
2 0.00000 1.00000 
2 0.12233 0.87767 
2 0.00000 1.00000 
2 0.00046 0.99954 
2 0.00000 1.00000 
2 0.00061 0.99939 
2 0.00034 0.99966 
2 0.29205 0.70795 
2 0.00000 1.00000 
2 0.30989 0.69011 
2 0.00000 1.00000 
2 0.01074 0.98926 
2 0.00000 1.00000 
2 0.40658 0.59342 
2 0.00000 1.00000 
2 0.87657 0.12343 
2 0.00000 1.00000 
2 0.06258 0.93742 
2 0.00000 1.00000 
2 0.10663 0.89337 
2 0.00001 0.99999 
2 0.81640 0.18360 
2 0.00000 1.00000 
2 0.14255 0.85745 
2 0.00000 1.00000 
2 0.28481 0.71519 
2 0.00000 1.00000 
2 0.03229 0.96771 
2 0.00000 1.00000 
2 0.57034 0.42966 
2 0.00000 1.00000 
2 0.38570 0.61430 
2 0.00000 1.00000 
2 0.00024 0.99976 
2 0.00084 0.99916 
2 0.00504 0.99496 
2 0.00001 0.99999 
2 0.64472 0.35528 
2 0.00000 1.00000 
2 0.78546 0.21454 
2 0.00000 1.00000 
2 0.76832 0.23168 
2 0.00000 1.00000 
2 0.36066 0.63934 
2 0.00000 1.00000 
2 0.01084 0.98916 
2 0.00002 0.99998 
2 0.57323 0.42677 
2 0.00000 1.00000 
2 0.52917 0.47083 
2 0.00000 1.00000 
2 0.04140 0.95860 
2 0.00000 1.00000 
2 0.01971 0.98029 
2 0.00001 0.99999 
2 0.39814 0.60186 
2 0.00000 1.00000 
2 0.00100 0.99900 
2 0.00000 1.00000 
2 0.11708 0.88292 
2 0.00000 1.00000 
2 0.42807 0.57193 
2 0.00000 1.00000 
2 0.03627 0.96373 
2 0.00001 0.99999 
2 0.11425 0.88575 
2 0.00000 1.00000 
2 0.80792 0.19208 
2 0.00000 1.00000 
2 0.02585 0.97415 
2 0.00000 1.00000 
2 0.32517 0.67483 
2 0.00000 1.00000 
2 0.58730 0.41270 
2 0.00000 1.00000 
2 0.78013 0.21987 
2 0.00000 1.00000 
2 0.01329 0.98671 
2 0.00000 1.00000 
2 0.20203 0.79797 
2 0.00000 1.00000 
2 0.87496 0.12504 
2 0.00000 1.00000 
2 0.87868 0.12132 
2 0.00000 1.00000 
2 0.09614 0.90386 
2 0.00000 1.00000 
2 0.34025 0.65975 
2 0.00000 1.00000 
2 0.45510 0.54490 
2 0.00000 1.00000 
2 0.36358 0.63642 
2 0.00000 1.00000 
2 0.00584 0.99416 
2 0.00000 1.00000 
2 0.31607 0.68393 
2 0.00000 1.00000 
2 0.59704 0.40296 
2 0.00000 1.00000 
2 0.81387 0.18613 
2 0.00000 1.00000 
2 0.47690 0.52310 
2 0.00000 1.00000 
2 0.13176 0.86824 
2 0.00000 1.00000 
2 0.00060 0.99940 
2 0.00000 1.00000 
2 0.00067 0.99933 
2 0.00000 1.00000 
2 0.91148 0.08852 
2 0.00000 1.00000 
2 0.18644 0.81356 
2 0.00000 1.00000 
2 0.65109 0.34891 
2 0.00000 1.00000 
2 0.35396 0.64604 
2 0.00000 1.00000 
2 0.03445 0.96555 
2 0.00001 0.99999 
2 0.07824 0.92176 
2 0.00000 1.00000 
2 0.56195 0.43805 
2 0.00000 1.00000 
2 0.80948 0.19052 
2 0.00000 1.00000 
2 0.02999 0.97001 
2 0.00000 1.00000 
2 0.15124 0.84876 
2 0.00000 1.00000 
2 0.16589 0.83411 
2 0.00000 1.00000 
2 0.31659 0.68341 
2 0.00000 1.00000 
2 0.53866 0.46134 
2 0.00000 1.00000 
2 0.06883 0.93117 
2 0.00000 1.00000 
2 0.49590 0.50410 
2 0.00000 1.00000 
2 0.64684 0.35316 
2 0.00000 1.00000 
2 0.75689 0.24311 
2 0.00000 1.00000 
2 0.98326 0.01674 
2 0.00000 1.00000 
2 0.00133 0.99867 
2 0.00000 1.00000 
2 0.07540 0.92460 
2 0.00000 1.00000 
2 0.43516 0.56484 
2 0.00000 1.00000 
2 0.02473 0.97527 
2 0.00012 0.99988 
2 0.26799 0.73201 
2 0.00000 1.00000 
2 0.64083 0.35917 
2 0.00000 1.00000 
2 0.16377 0.83623 
2 0.00000 1.00000 
2 0.80457 0.19543 
2 0.00000 1.00000 
2 0.39932 0.60068 
2 0.00000 1.00000 
2 0.29015 0.70985 
2 0.00000 1.00000 
2 0.33123 0.66877 
2 0.00000 1.00000 
2 0.88222 0.11778 
2 0.00000 1.00000 
2 0.05351 0.94649 
2 0.00002 0.99998 
2 0.19300 0.80700 
2 0.00000 1.00000 
2 0.24453 0.75547 
2 0.00000 1.00000 
2 0.06059 0.93941 
2 0.00001 0.99999 
2 0.01964 0.98036 
2 0.00000 1.00000 
2 0.59244 0.40756 
2 0.00000 1.00000 
2 0.11804 0.88196 
2 0.00000 1.00000 
2 0.27935 0.72065 
2 0.00000 1.00000 
2 0.41164 0.58836 
2 0.00000 1.00000 
2 0.92104 0.07896 
2 0.00000 1.00000 
2 0.42789 0.57211 
2 0.00000 1.00000 
2 0.10488 0.89512 
2 0.00000 1.00000 
2 0.36222 0.63778 
2 0.00000 1.00000 
2 0.01410 0.98590 
2 0.00001 0.99999 
2 0.00375 0.99625 
2 0.00000 1.00000 
2 0.42180 0.57820 
2 0.00000 1.00000 
2 0.37178 0.62822 
2 0.00000 1.00000 
2 0.62121 0.37879 
2 0.00000 1.00000 
2 0.20759 0.79241 
2 0.00000 1.00000 
2 0.40548 0.59452 
2 0.00000 1.00000 
2 0.36859 0.63141 
2 0.00000 1.00000 
2 0.07452 0.92548 
2 0.00001 0.99999 
2 0.00864 0.99136 
2 0.00005 0.99995 
2 0.01152 0.98848 
2 0.00000 1.00000 
2 0.16303 0.83697 
2 0.00000 1.00000 
2 0.29492 0.70508 
2 0.00000 1.00000 
2 0.69258 0.30742 
2 0.00000 1.00000 
2 0.05041 0.94959 
2 0.00000 1.00000 
2 0.96368 0.03632 
2 0.00000 1.00000 
2 0.25721 0.74279 
2 0.00000 1.00000 
2 0.10362 0.89638 
2 0.00000 1.00000 
2 0.09654 0.90346 
2 0.00000 1.00000 
2 0.01658 0.98342 
2 0.00000 1.00000 
2 0.34655 0.65345 
2 0.00000 1.00000 
2 0.00117 0.99883 
2 0.00000 1.00000 
2 0.96218 0.03782 
2 0.00000 1.00000 
2 0.36028 0.63972 
2 0.00000 1.00000 
2 0.20936 0.79064 
2 0.00000 1.00000 
2 0.00463 0.99537 
2 0.00000 1.00000 
2 0.71377 0.28623 
2 0.00000 1.00000 
2 0.77549 0.22451 
2 0.00000 1.00000 
2 0.39721 0.60279 
2 0.00000 1.00000 
2 0.31345 0.68655 
2 0.00000 1.00000 
2 0.03098 0.96902 
2 0.00000 1.00000 
2 0.15958 0.84042 
2 0.00000 1.00000 
2 0.00371 0.99629 
2 0.00000 1.00000 
2 0.05527 0.94473 
2 0.00000 1.00000 
2 0.13274 0.86726 
2 0.00000 1.00000 
2 0.89106 0.10894 
2 0.00000 1.00000 
2 0.31115 0.68885 
2 0.00000 1.00000 
2 0.44515 0.55485 
2 0.00000 1.00000 
2 0.00026 0.99974 
2 0.00000 1.00000 
2 0.22133 0.77867 
2 0.00000 1.00000 
2 0.61341 0.38659 
2 0.00000 1.00000 
2 0.56272 0.43728 
2 0.00000 1.00000 
2 0.99406 0.00594 
2 0.00000 1.00000 
2 0.22806 0.77194 
2 0.00000 1.00000 
2 0.24373 0.75627 
2 0.00000 1.00000 
2 0.67245 0.32755 
2 0.00000 1.00000 
2 0.01672 0.98328 
2 0.00001 0.99999 
2 0.76041 0.23959 
2 0.00000 1.00000 
2 0.02402 0.97598 
2 0.00001 0.99999 
2 0.00053 0.99947 
2 0.00000 1.00000 
2 0.06783 0.93217 
2 0.00000 1.00000 
2 0.05559 0.94441 
2 0.00000 1.00000 
2 0.93250 0.06750 
2 0.00000 1.00000 
2 0.48436 0.51564 
2 0.00000 1.00000 
2 0.00094 0.99906 
2 0.00022 0.99978 
2 0.24089 0.75911 
2 0.00000 1.00000 
2 0.29205 0.70795 
2 0.00000 1.00000 
2 0.00288 0.99712 
2 0.00000 1.00000 
2 0.15351 0.84649 
2 0.00000 1.00000 
2 0.35906 0.64094 
2 0.00000 1.00000 
2 0.14903 0.85097 
2 0.00000 1.00000 
2 0.80819 0.19181 
2 0.00000 1.00000 
2 0.23064 0.76936 
2 0.00000 1.00000 
2 0.51889 0.48111 
2 0.00000 1.00000 
2 0.37884 0.62116 
2 0.00000 1.00000 
2 0.69659 0.30341 
2 0.00000 1.00000 
2 0.80223 0.19777 
2 0.00000 1.00000 
2 0.36302 0.63698 
2 0.00000 1.00000 
2 0.64831 0.35169 
2 0.00000 1.00000 
2 0.71528 0.28472 
2 0.00000 1.00000 
2 0.28076 0.71924 
2 0.00000 1.00000 
2 0.62698 0.37302 
2 0.00000 1.00000 
2 0.50391 0.49609 
2 0.00000 1.00000 
2 0.06015 0.93985 
2 0.00001 0.99999 
2 0.13699 0.86301 
2 0.00000 1.00000 
2 0.06674 0.93326 
2 0.00000 1.00000 
2 0.38679 0.61321 
2 0.00000 1.00000 
2 0.59824 0.40176 
2 0.00000 1.00000 
2 0.81306 0.18694 
2 0.00000 1.00000 
2 0.38167 0.61833 
2 0.00000 1.00000 
2 0.18144 0.81856 
2 0.00000 1.00000 
2 0.43140 0.56860 
2 0.00000 1.00000 
2 0.06475 0.93525 
2 0.00000 1.00000 
2 0.79909 0.20091 
2 0.00000 1.00000 
2 0.04994 0.95006 
2 0.00000 1.00000 
2 0.16811 0.83189 
2 0.00000 1.00000 
2 0.25075 0.74925 
2 0.00000 1.00000 
2 0.03194 0.96806 
2 0.00000 1.00000 
2 0.37219 0.62781 
2 0.00000 1.00000 
2 0.71020 0.28980 
2 0.00000 1.00000 
2 0.33130 0.66870 
2 0.00000 1.00000 
2 0.26646 0.73354 
2 0.00000 1.00000 
2 0.43638 0.56362 
2 0.00000 1.00000 
2 0.26292 0.73708 
2 0.00000 1.00000 
2 0.80643 0.19357 
2 0.00000 1.00000 
2 0.01309 0.98691 
2 0.00002 0.99998 
2 0.55344 0.44656 
2 0.00000 1.00000 
2 0.12644 0.87356 
2 0.00000 1.00000 
2 0.27301 0.72699 
2 0.00000 1.00000 
2 0.00094 0.99906 
2 0.00022 0.99978 
2 0.12540 0.87460 
2 0.00000 1.00000 
2 0.48061 0.51939 
2 0.00000 1.00000 
2 0.07653 0.92347 
2 0.00000 1.00000 
2 0.68086 0.31914 
2 0.00000 1.00000 
2 0.42176 0.57824 
2 0.00000 1.00000 
2 0.00029 0.99971 
2 0.00000 1.00000 
2 0.20024 0.79976 
2 0.00000 1.00000 
2 0.28630 0.71370 
2 0.00000 1.00000 
2 0.13944 0.86056 
2 0.00000 1.00000 
2 0.81789 0.18211 
2 0.00000 1.00000 
2 0.32888 0.67112 
2 0.00000 1.00000 
2 0.45366 0.54634 
2 0.00000 1.00000 
2 0.40942 0.59058 
2 0.00000 1.00000 
2 0.54743 0.45257 
2 0.00000 1.00000 
2 0.56198 0.43802 
2 0.00000 1.00000 
2 0.49443 0.50557 
2 0.00000 1.00000 
2 0.17597 0.82403 
2 0.00000 1.00000 
2 0.35596 0.64404 
2 0.00000 1.00000 
2 0.06520 0.93480 
2 0.00000 1.00000 
2 0.84457 0.15543 
2 0.00000 1.00000 
2 0.48807 0.51193 
2 0.00000 1.00000 
2 0.99315 0.00685 
2 0.00000 1.00000 
2 0.47306 0.52694 
2 0.00000 1.00000 
2 0.50573 0.49427 
2 0.00000 1.00000 
2 0.02997 0.97003 
2 0.00001 0.99999 
2 0.29721 0.70279 
2 0.00000 1.00000 
2 0.00000 1.00000 
2 0.00000 1.00000 
2 0.30956 0.69044 
2 0.00000 1.00000 
2 0.00858 0.99142 
2 0.00000 1.00000 
