0 0 0 
1 0 0.249653 
2 0 0.330238 
3 1.98593 0.247679 
4 1.93802 0.198143 
5 1.61501 0.331777 
6 1.43804 0.287502 
7 1.79909 0.251564 
8 1.59919 0.245222 
9 2.11102 0.229777 
10 1.91911 0.220247 
11 3.03539 0.201893 
12 3.38167 0.187433 
13 3.89553 0.184761 
14 3.79045 0.32342 
15 4.06501 0.322881 
16 3.86452 0.303888 
17 3.70767 0.287773 
18 3.54912 0.298464 
19 3.61491 0.297392 
20 3.44929 0.28323 
21 3.41538 0.336418 
22 3.33187 0.321791 
23 3.39361 0.311088 
24 3.38538 0.305485 
25 3.26828 0.298736 
26 3.22882 0.288734 
27 3.24824 0.283257 
28 3.13624 0.298337 
29 3.03178 0.296413 
30 3.1655 0.350622 
31 3.11054 0.348968 
32 3.03836 0.356517 
33 2.95821 0.355886 
34 3.01151 0.35368 
35 2.92868 0.349893 
36 2.88144 0.341129 
37 2.82022 0.332152 
38 2.92105 0.331974 
39 2.90301 0.339832 
40 2.87269 0.350266 
41 2.87999 0.347902 
42 2.96277 0.339862 
43 2.98959 0.339442 
44 2.93031 0.344212 
45 2.92054 0.344906 
46 2.9245 0.339268 
47 2.94147 0.338486 
48 2.93631 0.342219 
49 2.88042 0.336489 
50 2.86444 0.333524 
51 2.86736 0.335321 
52 2.88376 0.328912 
53 2.83217 0.322696 
54 2.78697 0.318341 
55 2.74122 0.312281 
56 2.73698 0.306446 
57 2.75876 0.301162 
58 2.73802 0.297002 
59 2.72162 0.293442 
60 2.73673 0.288958 
61 2.69412 0.289321 
62 2.65824 0.291547 
63 2.61671 0.299245 
64 2.57667 0.29597 
65 2.56543 0.301958 
66 2.5301 0.298719 
67 2.50823 0.302559 
68 2.47397 0.298309 
69 2.44335 0.297044 
70 2.43844 0.293119 
71 2.40776 0.304596 
72 2.37479 0.304403 
73 2.38189 0.306375 
74 2.3536 0.302962 
75 2.38178 0.298976 
76 2.35153 0.298874 
77 2.32155 0.320229 
78 2.34601 0.322097 
79 2.32911 0.317395 
80 2.311 0.314262 
81 2.34496 0.314686 
82 2.32179 0.312989 
83 2.31614 0.309167 
84 2.29418 0.306776 
85 2.28401 0.303189 
86 2.28504 0.306109 
87 2.26084 0.305119 
88 2.26412 0.302516 
89 2.25898 0.299155 
90 2.25346 0.301302 
91 2.22908 0.303282 
92 2.21318 0.300147 
93 2.19354 0.297415 
94 2.17046 0.297685 
95 2.16589 0.294585 
96 2.14734 0.29152 
97 2.17006 0.290156 
98 2.1472 0.292502 
99 2.14749 0.289801 
100 2.127 0.288323 
101 2.11197 0.285496 
102 2.13216 0.284283 
103 2.11558 0.283067 
104 2.09643 0.285404 
105 2.07665 0.288098 
106 2.05927 0.285491 
107 2.04326 0.290471 
108 2.02477 0.291292 
109 2.00621 0.289953 
110 1.98523 0.29013 
111 1.97559 0.288582 
112 1.97066 0.286091 
113 1.95646 0.283582 
114 1.9441 0.28093 
115 1.92919 0.281446 
116 1.9127 0.27904 
117 1.91679 0.278965 
118 1.90507 0.276621 
119 1.89044 0.274315 
120 1.87714 0.272048 
121 1.86327 0.269818 
122 1.84875 0.267625 
123 1.83417 0.266081 
124 1.83549 0.264536 
125 1.82108 0.263131 
126 1.80589 0.261327 
127 1.79662 0.259285 
128 1.78185 0.261984 
129 1.76708 0.260117 
130 1.75824 0.258722 
131 1.7533 0.256716 
132 1.74974 0.257978 
133 1.74467 0.256219 
134 1.73202 0.257589 
135 1.72111 0.257325 
136 1.7099 0.25588 
137 1.69759 0.254359 
138 1.68422 0.255202 
139 1.67283 0.254573 
140 1.65983 0.252852 
141 1.64714 0.252744 
142 1.63505 0.252469 
143 1.62884 0.251777 
144 1.61768 0.250041 
145 1.60709 0.248328 
146 1.60694 0.248714 
147 1.59608 0.247605 
148 1.59048 0.245968 
149 1.58433 0.244328 
150 1.57885 0.24271 
151 1.57035 0.241182 
152 1.56134 0.239565 
153 1.55685 0.238467 
154 1.56291 0.239302 
155 1.55702 0.23777 
156 1.55569 0.237273 
157 1.55074 0.235771 
158 1.54817 0.234023 
159 1.54054 0.232341 
160 1.53326 0.230277 
161 1.52579 0.230535 
162 1.52103 0.232524 
163 1.51203 0.233902 
164 1.50404 0.232846 
165 1.49726 0.232823 
166 1.50437 0.232333 
167 1.49689 0.23081 
168 1.49618 0.229795 
169 1.49084 0.228822 
170 1.48414 0.228374 
171 1.48054 0.22927 
172 1.47434 0.228238 
173 1.46791 0.228069 
174 1.45952 0.227834 
175 1.4575 0.22654 
176 1.45278 0.224414 
177 1.45275 0.223153 
178 1.44607 0.222951 
179 1.44563 0.221773 
180 1.4382 0.220548 
181 1.4399 0.221591 
182 1.43624 0.22038 
183 1.42971 0.225638 
184 1.42036 0.225151 
185 1.4205 0.224077 
186 1.41512 0.222965 
187 1.40739 0.224708 
188 1.41054 0.224139 
189 1.40383 0.222743 
190 1.39842 0.221577 
191 1.39754 0.222124 
192 1.39034 0.22112 
193 1.38718 0.221296 
194 1.38026 0.220161 
195 1.37214 0.219504 
196 1.36372 0.220042 
197 1.3585 0.218741 
198 1.35062 0.217741 
199 1.34387 0.217562 
200 1.34057 0.216676 
201 1.33854 0.215057 
202 1.33687 0.214011 
203 1.33359 0.213713 
204 1.33099 0.212677 
205 1.32529 0.21194 
206 1.31971 0.210931 
207 1.32317 0.209399 
208 1.31684 0.208397 
209 1.31334 0.207783 
210 1.3074 0.207251 
211 1.30575 0.207754 
212 1.30275 0.207388 
213 1.29795 0.211361 
214 1.29192 0.212314 
215 1.28715 0.211414 
216 1.28267 0.211301 
217 1.2796 0.213033 
218 1.27495 0.21354 
219 1.26809 0.215231 
220 1.26315 0.215134 
221 1.26149 0.214178 
222 1.26515 0.213854 
223 1.26081 0.212762 
224 1.26651 0.211817 
225 1.26183 0.210967 
226 1.25962 0.210882 
227 1.25681 0.210579 
228 1.25302 0.20966 
229 1.25067 0.209462 
230 1.24888 0.210471 
231 1.2437 0.209564 
232 1.23884 0.208679 
233 1.23403 0.207311 
234 1.23403 0.207033 
235 1.23067 0.206156 
236 1.22524 0.205517 
237 1.21981 0.204387 
238 1.21593 0.203639 
239 1.21162 0.20368 
240 1.20891 0.205469 
241 1.20592 0.204616 
242 1.20304 0.20444 
243 1.20284 0.203602 
244 1.19793 0.203595 
245 1.19948 0.203187 
246 1.19427 0.202364 
247 1.18975 0.201637 
248 1.18465 0.20082 
249 1.17853 0.200017 
250 1.17471 0.199273 
251 1.17075 0.199015 
252 1.17024 0.199061 
253 1.16724 0.200264 
254 1.16172 0.199434 
255 1.1578 0.199665 
256 1.1575 0.199203 
257 1.15393 0.199549 
258 1.15352 0.200029 
259 1.14893 0.19926 
260 1.14614 0.198756 
261 1.14192 0.197998 
262 1.13847 0.197591 
263 1.13396 0.197096 
264 1.13448 0.196142 
265 1.13749 0.195469 
266 1.13389 0.195813 
267 1.12916 0.195875 
268 1.12828 0.195029 
269 1.12539 0.195351 
270 1.12128 0.195357 
271 1.11981 0.194639 
272 1.11595 0.19453 
273 1.11568 0.194283 
274 1.11298 0.194376 
275 1.11501 0.195802 
276 1.1113 0.196661 
277 1.10977 0.196607 
278 1.10691 0.196083 
279 1.10263 0.195913 
280 1.10239 0.195622 
281 1.09937 0.195072 
282 1.09661 0.194338 
283 1.0958 0.193727 
284 1.09304 0.195457 
285 1.08977 0.196641 
286 1.08631 0.196331 
287 1.0831 0.19737 
288 1.07965 0.198402 
289 1.07728 0.197718 
290 1.07663 0.197182 
291 1.07415 0.196539 
292 1.07243 0.196329 
293 1.06889 0.195661 
294 1.06598 0.195946 
295 1.062 0.195291 
296 1.05867 0.197573 
297 1.05917 0.197295 
298 1.05447 0.196702 
299 1.05183 0.196225 
300 1.05028 0.195866 
301 1.04784 0.195283 
302 1.04465 0.195941 
303 1.04099 0.1953 
304 1.04005 0.195408 
305 1.03635 0.196397 
306 1.03463 0.19578 
307 1.03031 0.195144 
308 1.02969 0.194381 
309 1.02801 0.193754 
310 1.02511 0.194043 
311 1.02297 0.192817 
312 1.02158 0.192274 
313 1.01727 0.19158 
314 1.01411 0.190217 
315 1.01273 0.190338 
316 1.01034 0.189784 
317 1.01032 0.189232 
318 1.00714 0.188655 
319 1.00685 0.18804 
320 1.00722 0.187455 
321 1.00813 0.187755 
322 1.00786 0.186262 
323 1.00746 0.185414 
324 1.00377 0.185307 
325 1.00089 0.184739 
326 1.0019 0.184358 
327 0.999065 0.184062 
328 0.998654 0.183485 
329 1.00209 0.18332 
330 0.999948 0.182975 
331 0.998455 0.182887 
332 0.998112 0.182303 
333 0.99859 0.18159 
334 0.996379 0.180783 
335 0.994544 0.179982 
336 0.990115 0.182783 
337 0.987575 0.182207 
338 0.98477 0.182755 
339 0.983135 0.182462 
340 0.981378 0.182296 
341 0.977982 0.18165 
342 0.9753 0.181789 
343 0.976003 0.181983 
344 0.97322 0.182043 
345 0.971188 0.181514 
346 0.968389 0.180991 
347 0.966498 0.180471 
348 0.966398 0.179954 
349 0.963387 0.17944 
350 0.960516 0.17911 
351 0.960349 0.1786 
352 0.957629 0.178135 
353 0.95491 0.177632 
354 0.952681 0.178314 
355 0.954176 0.177813 
356 0.95361 0.177315 
357 0.950592 0.177253 
358 0.949898 0.176475 
359 0.94735 0.175949 
360 0.944408 0.175228 
361 0.941799 0.176256 
362 0.938651 0.17644 
363 0.93608 0.175955 
364 0.933271 0.175473 
365 0.930093 0.174994 
366 0.927622 0.174517 
367 0.926541 0.173741 
368 0.926333 0.174778 
369 0.925001 0.175922 
370 0.926468 0.175641 
371 0.923977 0.175192 
372 0.925856 0.174771 
373 0.924647 0.174873 
374 0.922432 0.174429 
375 0.920248 0.174476 
376 0.918241 0.174013 
377 0.915695 0.17351 
378 0.912135 0.173833 
379 0.909735 0.173542 
380 0.908122 0.172671 
381 0.907534 0.172219 
382 0.905109 0.172477 
383 0.905149 0.172044 
384 0.904869 0.171597 
385 0.903587 0.171698 
386 0.899585 0.17125 
387 0.897438 0.171034 
388 0.895078 0.170503 
389 0.892843 0.169935 
390 0.892051 0.169622 
391 0.890275 0.169505 
392 0.888609 0.169118 
393 0.888274 0.169066 
394 0.887322 0.169156 
395 0.885537 0.168675 
396 0.885809 0.168202 
397 0.883433 0.167392 
398 0.881048 0.167919 
399 0.878732 0.168371 
400 0.876541 0.168134 
401 0.874465 0.167716 
402 0.871742 0.167057 
403 0.870464 0.166661 
404 0.868296 0.166104 
405 0.866412 0.165695 
406 0.864283 0.165288 
407 0.862331 0.164669 
408 0.860488 0.164266 
409 0.858605 0.16396 
410 0.857498 0.164502 
411 0.856262 0.163914 
412 0.854231 0.164092 
413 0.853328 0.16332 
414 0.853271 0.163155 
415 0.85259 0.162893 
416 0.850545 0.162502 
417 0.850566 0.162242 
418 0.848219 0.161979 
419 0.846216 0.161529 
420 0.844601 0.161145 
421 0.842301 0.160771 
422 0.840052 0.160513 
423 0.83794 0.159818 
424 0.835643 0.159442 
425 0.833458 0.15907 
426 0.831506 0.158829 
427 0.82984 0.158458 
428 0.827911 0.158419 
429 0.826168 0.158486 
430 0.824252 0.158137 
431 0.822344 0.157911 
432 0.820596 0.157549 
433 0.819748 0.157454 
434 0.818166 0.157218 
435 0.816085 0.156858 
436 0.814227 0.156291 
437 0.813785 0.155934 
438 0.811794 0.154971 
439 0.809949 0.155142 
440 0.807881 0.15505 
441 0.805784 0.154694 
442 0.804898 0.15448 
443 0.804526 0.154609 
444 0.803763 0.154802 
445 0.80152 0.154455 
446 0.800625 0.154868 
447 0.799697 0.155237 
448 0.797919 0.154939 
449 0.797584 0.154595 
450 0.795732 0.154121 
451 0.794149 0.15378 
452 0.792014 0.153442 
453 0.790857 0.153134 
454 0.790341 0.152913 
455 0.788179 0.152578 
456 0.788262 0.152964 
457 0.786469 0.152821 
458 0.784858 0.153077 
459 0.782804 0.152744 
460 0.782364 0.152413 
461 0.781295 0.152407 
462 0.77954 0.151514 
463 0.779149 0.151336 
464 0.778814 0.150933 
465 0.777002 0.150923 
466 0.777266 0.151295 
467 0.775015 0.15083 
468 0.774703 0.150747 
469 0.773011 0.150186 
470 0.771311 0.149867 
471 0.771429 0.15019 
472 0.770308 0.149872 
473 0.768418 0.149898 
474 0.767102 0.149579 
475 0.765792 0.149366 
476 0.764309 0.149358 
477 0.762731 0.148972 
478 0.762535 0.148593 
479 0.761599 0.148504 
480 0.759709 0.148195 
481 0.760014 0.148516 
482 0.760561 0.148208 
483 0.758379 0.148945 
484 0.756918 0.148899 
485 0.756442 0.148665 
486 0.754951 0.148338 
487 0.753097 0.148034 
488 0.754425 0.147841 
489 0.753547 0.147737 
490 0.75307 0.147664 
491 0.75185 0.147631 
492 0.750982 0.147656 
493 0.749587 0.147376 
494 0.747886 0.147079 
495 0.746599 0.146867 
496 0.745722 0.146735 
497 0.744922 0.14801 
498 0.744176 0.148273 
499 0.74401 0.148102 
500 0.742359 0.147779 
501 0.741986 0.147504 
502 0.740652 0.147051 
503 0.740092 0.146729 
504 0.738077 0.146783 
505 0.736753 0.14676 
506 0.735897 0.146681 
507 0.736217 0.146197 
508 0.734961 0.145831 
509 0.733715 0.145376 
510 0.733335 0.145092 
511 0.7329 0.144962 
512 0.731452 0.14468 
513 0.729857 0.143926 
514 0.729267 0.143804 
515 0.727334 0.14349 
516 0.728557 0.143286 
517 0.728335 0.143009 
518 0.726073 0.143445 
519 0.724574 0.143498 
520 0.722948 0.143223 
521 0.7224 0.142726 
522 0.721287 0.142752 
523 0.720384 0.142429 
524 0.719283 0.142157 
525 0.717879 0.141718 
526 0.716989 0.141689 
527 0.716464 0.14142 
528 0.715767 0.141838 
529 0.714949 0.142155 
530 0.713974 0.141887 
531 0.712542 0.141621 
532 0.711268 0.141355 
533 0.709936 0.14109 
534 0.708669 0.140505 
535 0.707654 0.140339 
536 0.706641 0.14081 
537 0.705143 0.140653 
538 0.703299 0.141468 
539 0.702181 0.141597 
540 0.700972 0.141259 
541 0.701185 0.141745 
542 0.701214 0.141598 
543 0.700042 0.141926 
544 0.698714 0.142137 
545 0.700261 0.142003 
546 0.698658 0.141927 
547 0.698486 0.142124 
548 0.697721 0.14212 
549 0.697408 0.141862 
550 0.695772 0.141422 
551 0.69427 0.141767 
552 0.693365 0.141628 
553 0.692497 0.141798 
554 0.691374 0.141542 
555 0.691431 0.140838 
556 0.69064 0.140176 
557 0.690161 0.139924 
558 0.689025 0.139944 
559 0.688054 0.13969 
560 0.687825 0.139488 
561 0.686917 0.139777 
562 0.686253 0.140017 
563 0.684764 0.140117 
564 0.683722 0.139899 
565 0.68253 0.140078 
566 0.68297 0.139818 
567 0.681366 0.139553 
568 0.68048 0.139331 
569 0.682895 0.139552 
570 0.680936 0.139308 
571 0.680244 0.140238 
572 0.678711 0.140258 
573 0.677648 0.140206 
574 0.676994 0.139995 
575 0.675252 0.139616 
576 0.67392 0.139595 
577 0.671974 0.139231 
578 0.67153 0.139345 
579 0.670899 0.13879 
580 0.669495 0.138496 
581 0.669327 0.138163 
582 0.667726 0.137926 
583 0.666808 0.137849 
584 0.666 0.137565 
585 0.665061 0.137311 
586 0.663928 0.137153 
587 0.662858 0.137 
588 0.661957 0.136848 
589 0.660989 0.136695 
590 0.660512 0.136489 
591 0.659396 0.136763 
592 0.658346 0.136436 
593 0.657433 0.13624 
594 0.655707 0.136063 
595 0.656429 0.135835 
596 0.656182 0.135801 
597 0.654591 0.135876 
598 0.655156 0.135613 
599 0.655205 0.135173 
600 0.654086 0.135471 
601 0.653833 0.135242 
602 0.654157 0.134901 
603 0.653594 0.135049 
604 0.652558 0.134706 
605 0.652011 0.134666 
606 0.650966 0.134379 
607 0.650062 0.134158 
608 0.649584 0.133938 
609 0.648531 0.133967 
610 0.6465 0.134317 
611 0.645385 0.134172 
612 0.644581 0.134136 
613 0.643322 0.134374 
614 0.642334 0.134599 
615 0.641335 0.134768 
616 0.640264 0.1346 
617 0.639601 0.134358 
618 0.638893 0.134305 
619 0.638718 0.133999 
620 0.638246 0.134017 
621 0.637239 0.135063 
622 0.637173 0.134804 
623 0.63709 0.134689 
624 0.63932 0.134569 
625 0.638141 0.134497 
626 0.637494 0.13459 
627 0.636615 0.134783 
628 0.635572 0.134956 
629 0.63478 0.135266 
630 0.633821 0.135234 
631 0.633045 0.135368 
632 0.632534 0.135155 
633 0.63176 0.134941 
634 0.63103 0.134895 
635 0.630582 0.135154 
636 0.630154 0.135052 
637 0.629059 0.13487 
638 0.628043 0.135636 
639 0.626529 0.135524 
640 0.625914 0.135336 
641 0.624848 0.135161 
642 0.624766 0.135038 
643 0.624051 0.134801 
644 0.623099 0.135096 
645 0.622144 0.134735 
646 0.620592 0.134493 
647 0.619492 0.134285 
648 0.618602 0.134285 
649 0.618339 0.133911 
650 0.617366 0.133843 
651 0.616586 0.133699 
652 0.616113 0.133531 
653 0.615232 0.133327 
654 0.614815 0.133141 
655 0.61528 0.132938 
656 0.614342 0.132737 
657 0.613901 0.132334 
658 0.613546 0.132279 
659 0.61455 0.132452 
660 0.613507 0.13225 
661 0.613467 0.132071 
662 0.612935 0.131839 
663 0.612261 0.131877 
664 0.611526 0.132767 
665 0.610869 0.132568 
666 0.609767 0.132212 
667 0.608854 0.132258 
668 0.608641 0.132074 
669 0.607787 0.13196 
670 0.606882 0.131763 
671 0.606047 0.131667 
672 0.605612 0.131515 
673 0.604898 0.131336 
674 0.604627 0.131166 
675 0.603688 0.131314 
676 0.602628 0.131182 
677 0.602966 0.130915 
678 0.601721 0.130935 
679 0.601473 0.130743 
680 0.600502 0.130683 
681 0.601158 0.13029 
682 0.600886 0.130099 
683 0.601136 0.129862 
684 0.600592 0.12983 
685 0.599717 0.129647 
686 0.598459 0.129763 
687 0.597589 0.129443 
688 0.596243 0.129031 
689 0.596168 0.128844 
690 0.595885 0.128641 
691 0.595298 0.128455 
692 0.594991 0.127941 
693 0.59389 0.127785 
694 0.593198 0.127502 
695 0.592267 0.127213 
696 0.591569 0.126784 
697 0.591076 0.126602 
698 0.590597 0.12643 
699 0.589335 0.126222 
700 0.588495 0.126191 
701 0.587738 0.125901 
702 0.58682 0.12601 
703 0.586303 0.125819 
704 0.585778 0.125813 
705 0.585398 0.125653 
706 0.58485 0.125664 
707 0.584444 0.125617 
708 0.584153 0.125378 
709 0.584172 0.125339 
710 0.583607 0.125195 
711 0.582835 0.125019 
712 0.582048 0.124902 
713 0.581666 0.124953 
714 0.580852 0.124776 
715 0.580312 0.124602 
716 0.579838 0.124428 
717 0.579437 0.124555 
718 0.578529 0.124549 
719 0.577975 0.124389 
720 0.577372 0.124337 
721 0.576751 0.12414 
722 0.576582 0.123916 
723 0.576387 0.123745 
724 0.576111 0.1241 
725 0.576086 0.123929 
726 0.575553 0.123759 
727 0.574826 0.123698 
728 0.574221 0.123627 
729 0.574249 0.12349 
730 0.573628 0.123374 
731 0.573473 0.123205 
732 0.572834 0.122813 
733 0.572648 0.122645 
734 0.572295 0.122346 
735 0.572444 0.122527 
736 0.571831 0.122363 
737 0.571227 0.12217 
738 0.570444 0.122402 
739 0.569898 0.121849 
740 0.569129 0.121681 
741 0.568087 0.121421 
742 0.56749 0.121351 
743 0.566762 0.121188 
744 0.566188 0.121001 
745 0.565462 0.121036 
746 0.564838 0.120789 
747 0.565979 0.120768 
748 0.565148 0.120607 
749 0.564019 0.120353 
750 0.563427 0.120884 
751 0.562055 0.120724 
752 0.561322 0.120642 
753 0.560578 0.120568 
754 0.560453 0.120409 
755 0.559712 0.120304 
756 0.559631 0.120091 
757 0.559104 0.119985 
758 0.558367 0.119827 
759 0.557052 0.120011 
760 0.556781 0.119854 
761 0.55605 0.119694 
762 0.555322 0.119523 
763 0.554972 0.119701 
764 0.554418 0.119456 
765 0.553694 0.120162 
766 0.553389 0.120941 
767 0.552797 0.120774 
768 0.551957 0.120617 
769 0.551509 0.120433 
770 0.551283 0.120645 
771 0.550316 0.120343 
772 0.549604 0.120277 
773 0.54877 0.120402 
774 0.548028 0.120247 
775 0.547682 0.120113 
776 0.54689 0.119975 
777 0.546493 0.119736 
778 0.546073 0.119761 
779 0.545381 0.119767 
780 0.544662 0.119718 
781 0.54354 0.11985 
782 0.542868 0.119566 
783 0.542206 0.119448 
784 0.541542 0.120019 
785 0.54118 0.120127 
786 0.540535 0.119934 
787 0.539856 0.119826 
788 0.539917 0.120161 
789 0.539774 0.120261 
790 0.539132 0.120554 
791 0.538451 0.120445 
792 0.537697 0.120527 
793 0.53702 0.120375 
794 0.536616 0.120104 
795 0.536718 0.120136 
796 0.536537 0.120229 
797 0.535961 0.120173 
798 0.535739 0.119948 
799 0.535097 0.119987 
800 0.534365 0.119912 
801 0.533788 0.119774 
802 0.53342 0.119784 
803 0.53283 0.119681 
804 0.532487 0.119505 
805 0.531827 0.119706 
806 0.531794 0.119487 
807 0.531271 0.120014 
808 0.53067 0.119921 
809 0.530185 0.119773 
810 0.529729 0.119699 
811 0.529223 0.119689 
812 0.528735 0.119663 
813 0.528135 0.119444 
814 0.527854 0.119232 
815 0.527407 0.119094 
816 0.526423 0.118883 
817 0.525942 0.118667 
818 0.525376 0.118509 
819 0.524857 0.118351 
820 0.524368 0.118309 
821 0.524122 0.118511 
822 0.523561 0.118267 
823 0.523331 0.118273 
824 0.522756 0.117963 
825 0.522112 0.11779 
826 0.521667 0.117594 
827 0.52112 0.117524 
828 0.520974 0.117382 
829 0.520346 0.116879 
830 0.519706 0.116712 
831 0.519161 0.116775 
832 0.51857 0.116641 
833 0.517977 0.117108 
834 0.517382 0.117027 
835 0.516851 0.116873 
836 0.516306 0.116609 
837 0.515331 0.116392 
838 0.515196 0.116148 
839 0.514609 0.115982 
840 0.513946 0.115825 
841 0.513594 0.115836 
842 0.513092 0.115821 
843 0.512484 0.115588 
844 0.511811 0.115461 
845 0.511269 0.115343 
846 0.510688 0.115186 
847 0.509972 0.115116 
848 0.509371 0.11498 
849 0.509027 0.114861 
850 0.508623 0.114642 
851 0.508026 0.114468 
852 0.507609 0.114391 
853 0.507398 0.114366 
854 0.506977 0.114111 
855 0.506941 0.114139 
856 0.505973 0.11398 
857 0.505293 0.113785 
858 0.504651 0.113421 
859 0.504223 0.113288 
860 0.503743 0.113596 
861 0.503097 0.113464 
862 0.502514 0.113354 
863 0.50172 0.113223 
864 0.500948 0.113227 
865 0.50037 0.112898 
866 0.499852 0.113038 
867 0.49931 0.112978 
868 0.498286 0.112858 
869 0.498254 0.112676 
870 0.498159 0.112416 
871 0.497758 0.112125 
872 0.497439 0.112033 
873 0.496929 0.111905 
874 0.496361 0.111777 
875 0.495795 0.11168 
876 0.495259 0.111421 
877 0.494831 0.111232 
878 0.494216 0.111151 
879 0.493575 0.111025 
880 0.493998 0.11101 
881 0.493535 0.111103 
882 0.493128 0.110877 
883 0.492851 0.110902 
884 0.492374 0.11101 
885 0.491747 0.111263 
886 0.491325 0.111284 
887 0.49088 0.111152 
888 0.490757 0.111132 
889 0.49032 0.110754 
890 0.489651 0.110575 
891 0.489055 0.110585 
892 0.488937 0.110749 
893 0.488529 0.110793 
894 0.487983 0.111014 
895 0.487437 0.11089 
896 0.487967 0.110702 
897 0.487309 0.110568 
898 0.486316 0.110729 
899 0.485277 0.110471 
900 0.484988 0.110536 
901 0.484516 0.110422 
902 0.484158 0.1103 
903 0.483291 0.110178 
904 0.482766 0.110056 
905 0.482169 0.109934 
906 0.481654 0.109813 
907 0.480785 0.109879 
908 0.48012 0.109443 
909 0.4798 0.10956 
910 0.478754 0.109303 
911 0.478327 0.109095 
912 0.477948 0.108986 
913 0.477479 0.108844 
914 0.476957 0.108725 
915 0.476575 0.108606 
916 0.476133 0.108488 
917 0.475633 0.108359 
918 0.475177 0.108221 
919 0.474683 0.108073 
920 0.474002 0.107971 
921 0.473703 0.108007 
922 0.473189 0.107872 
923 0.472338 0.107756 
924 0.471756 0.107613 
925 0.471054 0.107507 
926 0.470216 0.107391 
927 0.469442 0.107381 
928 0.468764 0.107266 
929 0.468586 0.107129 
930 0.468156 0.107014 
931 0.467654 0.106899 
932 0.467405 0.106785 
933 0.467773 0.10667 
934 0.467486 0.106679 
935 0.466839 0.10705 
936 0.466402 0.106721 
937 0.465757 0.106608 
938 0.465178 0.10674 
939 0.464683 0.106589 
940 0.464208 0.106753 
941 0.463757 0.106598 
942 0.463265 0.106559 
943 0.462347 0.106523 
944 0.462121 0.106369 
945 0.461632 0.106981 
946 0.461278 0.106848 
947 0.460909 0.106736 
948 0.460453 0.106532 
949 0.460075 0.106575 
950 0.459514 0.106369 
951 0.459145 0.106292 
952 0.458497 0.106396 
953 0.457723 0.106251 
954 0.457244 0.10643 
955 0.456766 0.106294 
956 0.456215 0.106441 
957 0.456125 0.106447 
958 0.45584 0.106247 
959 0.455369 0.106146 
960 0.454551 0.106035 
961 0.454564 0.105899 
962 0.454283 0.105817 
963 0.453938 0.105782 
964 0.453467 0.105672 
965 0.453104 0.105454 
966 0.453582 0.10535 
967 0.453172 0.105074 
968 0.452704 0.105165 
969 0.452334 0.105151 
970 0.45194 0.105126 
971 0.451966 0.105017 
972 0.451567 0.104877 
973 0.451104 0.104977 
974 0.450701 0.104807 
975 0.450339 0.104652 
976 0.450158 0.104509 
977 0.449698 0.104312 
978 0.449238 0.10433 
979 0.44878 0.104387 
980 0.448264 0.104251 
981 0.447546 0.104311 
982 0.4471 0.104305 
983 0.446819 0.104105 
984 0.446365 0.104247 
985 0.446041 0.104025 
986 0.44545 0.104004 
987 0.445048 0.103876 
988 0.44473 0.10351 
989 0.444535 0.103405 
990 0.444183 0.103308 
991 0.443883 0.103204 
992 0.443436 0.103142 
993 0.443113 0.103164 
994 0.443309 0.103061 
995 0.44326 0.102957 
996 0.442866 0.102771 
997 0.442662 0.102493 
998 0.4424 0.102325 
999 0.442016 0.102215 
1000 0.441645 0.102113 
1100 0.402503 0.096483 
1200 0.371553 0.0906061 
1300 0.34976 0.0837775 
1400 0.332354 0.0804566 
1500 0.311423 0.0786669 
1600 0.293265 0.0753514 
1700 0.280141 0.070814 
1800 0.267315 0.0683386 
1900 0.255009 0.0663262 
2000 0.245009 0.0632949 
2100 0.233843 0.0608337 
2200 0.227522 0.0594289 
2300 0.218818 0.058155 
2400 0.210109 0.0557062 
2500 0.202481 0.0545595 
2600 0.198004 0.0524109 
2700 0.192898 0.0503817 
2800 0.187622 0.0487862 
2900 0.181072 0.0487915 
3000 0.176194 0.0485798 
3100 0.172282 0.0473836 
3200 0.167674 0.0460198 
3300 0.162939 0.0449731 
3400 0.156186 0.0442269 
3500 0.152962 0.0430996 
3600 0.149589 0.042852 
3700 0.145878 0.0423911 
3800 0.142941 0.0418385 
3900 0.140177 0.0409877 
4000 0.138089 0.0400091 
4100 0.134915 0.0392724 
4200 0.131817 0.0379571 
4300 0.128884 0.0374454 
4400 0.125756 0.0368626 
4500 0.124076 0.0365957 
4600 0.120876 0.035334 
4700 0.119192 0.035177 
4800 0.116391 0.0345692 
4900 0.114935 0.0343192 
5000 0.112943 0.033839 
5100 0.110449 0.0333221 
5200 0.109133 0.0322586 
5300 0.1074 0.0325573 
5400 0.105868 0.0321161 
5500 0.103176 0.0317075 
5600 0.102507 0.0317497 
5700 0.100943 0.0311801 
5800 0.0994427 0.0310774 
5900 0.0975646 0.0305235 
6000 0.0953845 0.0297638 
6100 0.0940855 0.0295959 
6200 0.0928901 0.0292712 
6300 0.0917249 0.029311 
6400 0.0907338 0.0290638 
6500 0.0894874 0.0288271 
6600 0.0879119 0.0284686 
6700 0.0872702 0.0287588 
6800 0.0865518 0.0287919 
6900 0.0860691 0.0282555 
7000 0.0853296 0.0276586 
7100 0.084057 0.0270453 
7200 0.0831538 0.0268395 
7300 0.0813983 0.0263632 
7400 0.0801027 0.0265899 
7500 0.0791498 0.0261497 
7600 0.0792505 0.0252951 
7700 0.0784893 0.0255442 
7800 0.0768905 0.0260611 
7900 0.0755731 0.0259325 
8000 0.0751354 0.0257668 
8100 0.0744986 0.025418 
8200 0.0742078 0.024767 
8300 0.0730424 0.0247045 
8400 0.0726241 0.0246446 
8500 0.0722226 0.0248418 
8600 0.0718471 0.0247334 
8700 0.0706869 0.024358 
8800 0.0702813 0.0240454 
8900 0.0694424 0.0233036 
9000 0.0684594 0.0234935 
9100 0.0679538 0.0234871 
9200 0.0676689 0.0232835 
9300 0.0672455 0.0230261 
9400 0.0664675 0.0229843 
9500 0.0659899 0.0226459 
9600 0.0648228 0.0223837 
9700 0.0634978 0.0218551 
9800 0.0626688 0.0223295 
9900 0.0619731 0.0222074 
10000 0.0613246 0.0220576 
10100 0.0611399 0.0219422 
10200 0.0604379 0.0217208 
10300 0.0603435 0.0214238 
10400 0.060104 0.0211871 
10500 0.0598802 0.0211493 
10600 0.0598203 0.0210242 
10700 0.0591611 0.0207649 
10800 0.0580371 0.0203978 
10900 0.0577427 0.0203343 
11000 0.0574737 0.0198859 
11100 0.0573485 0.0199276 
11200 0.0569721 0.0200114 
11300 0.0560228 0.019743 
11400 0.0555564 0.0195991 
11500 0.0550874 0.019601 
11600 0.0553186 0.0194899 
11700 0.0546775 0.0194549 
11800 0.0547409 0.0196204 
11900 0.0547836 0.0197635 
12000 0.054676 0.0195943 
12100 0.0542907 0.0192624 
12200 0.0540114 0.0190987 
12300 0.0539674 0.0188718 
12400 0.0533718 0.0185606 
12500 0.0529353 0.0181864 
12600 0.0524641 0.0179503 
12700 0.052022 0.0179357 
12800 0.0514505 0.0181558 
12900 0.0509736 0.0181598 
13000 0.0502654 0.0182564 
13100 0.0503456 0.0182614 
13200 0.0499478 0.0181558 
13300 0.0495318 0.0182406 
13400 0.0492751 0.0182069 
13500 0.0487908 0.0181133 
13600 0.0491211 0.0181608 
13700 0.049139 0.017906 
13800 0.049128 0.0177379 
13900 0.0489431 0.0175502 
14000 0.0487182 0.0173193 
14100 0.048497 0.0170025 
14200 0.0481874 0.0168265 
14300 0.0479958 0.0168751 
14400 0.047493 0.0168979 
14500 0.0468134 0.0170075 
14600 0.0466612 0.0169904 
14700 0.0464477 0.0167985 
14800 0.0464555 0.0166987 
14900 0.0464392 0.0165213 
15000 0.0461818 0.0167345 
15100 0.0457223 0.0168201 
15200 0.045348 0.0168586 
15300 0.0451712 0.0169228 
15400 0.0446264 0.016741 
15500 0.0442097 0.0166007 
15600 0.0438819 0.0167467 
15700 0.0437744 0.0167357 
15800 0.0437756 0.0166626 
15900 0.0436229 0.0166854 
16000 0.0436644 0.0166713 
16100 0.0437761 0.0165384 
16200 0.0438304 0.0164585 
16300 0.0436931 0.0164774 
16400 0.0432939 0.0163023 
16500 0.0432299 0.0160657 
16600 0.0427487 0.015929 
16700 0.0424409 0.0157098 
16800 0.0420678 0.0155771 
16900 0.0417438 0.0154147 
17000 0.0413305 0.0154943 
17100 0.041245 0.0154156 
17200 0.0409733 0.0155446 
17300 0.0408205 0.0153962 
17400 0.0408914 0.0151786 
17500 0.0406547 0.0151684 
17600 0.040483 0.0151451 
17700 0.0403834 0.0150322 
17800 0.0402842 0.0151582 
17900 0.0403333 0.0149206 
18000 0.0402959 0.0147464 
18100 0.0403993 0.0146344 
18200 0.040274 0.0145254 
18300 0.0402066 0.0142525 
18400 0.0401671 0.0143617 
18500 0.0402889 0.0144519 
18600 0.0400402 0.0144001 
18700 0.0400401 0.0142946 
18800 0.0398503 0.0143277 
18900 0.0395444 0.0143814 
19000 0.0390333 0.0143153 
19100 0.038941 0.0143966 
19200 0.03887 0.0142045 
19300 0.0385799 0.0142037 
19400 0.0386063 0.0141591 
19500 0.0381611 0.0141505 
19600 0.0377906 0.0142686 
19700 0.0375672 0.0141457 
19800 0.0376167 0.0139808 
19900 0.0374936 0.0138604 
20000 0.0372877 0.0135116 
20100 0.0372469 0.0136187 
20200 0.0371609 0.0138046 
20300 0.0367914 0.0139835 
20400 0.0363991 0.0140975 
20500 0.0360832 0.0140459 
20600 0.0359163 0.0140026 
20700 0.0356927 0.0140081 
20800 0.0358397 0.0139694 
20900 0.0360359 0.0138584 
21000 0.0360114 0.0138693 
21100 0.0358802 0.0139018 
21200 0.0357541 0.013724 
21300 0.0354452 0.0134439 
21400 0.0352276 0.0134517 
21500 0.034957 0.0135568 
21600 0.0348449 0.0134597 
21700 0.0344383 0.0132562 
21800 0.0344657 0.0132281 
21900 0.0343467 0.0131215 
22000 0.0342364 0.0131961 
22100 0.03436 0.0131006 
22200 0.0345635 0.0131254 
22300 0.0343753 0.0131646 
22400 0.034053 0.0132806 
22500 0.0340094 0.0133088 
22600 0.0339495 0.0132339 
22700 0.0339061 0.0131105 
22800 0.0338421 0.0132541 
22900 0.0336923 0.0131811 
23000 0.0334221 0.0132785 
23100 0.0334007 0.0132825 
23200 0.0330578 0.0132277 
23300 0.0329987 0.013004 
23400 0.0328898 0.0128871 
23500 0.0328769 0.0127137 
23600 0.0329318 0.0127693 
23700 0.0330677 0.0128509 
23800 0.033092 0.012819 
23900 0.0331655 0.0129197 
24000 0.0330496 0.0130835 
24100 0.0331455 0.0130699 
24200 0.0332154 0.0130768 
24300 0.0331343 0.0129197 
24400 0.0331029 0.0127408 
24500 0.0329847 0.0125926 
24600 0.0329901 0.0125287 
24700 0.0327596 0.0124815 
24800 0.0325505 0.0124804 
24900 0.032317 0.0126338 
25000 0.032061 0.0127617 
25100 0.0318413 0.012868 
25200 0.0314274 0.0129378 
25300 0.0313964 0.0129357 
25400 0.0313188 0.0128575 
25500 0.0314126 0.0127797 
25600 0.0313477 0.0126311 
25700 0.0311473 0.0125911 
25800 0.0310941 0.012457 
25900 0.0311048 0.0123949 
26000 0.0310209 0.0122684 
26100 0.0309721 0.0121277 
26200 0.0309106 0.0121062 
26300 0.0307528 0.0118237 
26400 0.0305602 0.011541 
26500 0.0303099 0.011588 
26600 0.0301202 0.0117252 
26700 0.0299372 0.0117827 
26800 0.0298335 0.0118952 
26900 0.0296911 0.0119566 
27000 0.0296462 0.0121189 
27100 0.0296663 0.0123058 
27200 0.0297017 0.0121077 
27300 0.0295757 0.0120815 
27400 0.0295029 0.0120728 
27500 0.029623 0.0120752 
27600 0.02967 0.0120482 
27700 0.0297624 0.0119108 
27800 0.0296258 0.0117643 
27900 0.0294662 0.0118053 
28000 0.0292351 0.0116999 
28100 0.0292896 0.0118389 
28200 0.029277 0.0118757 
28300 0.0294397 0.0116871 
28400 0.0294353 0.0116969 
28500 0.0293473 0.0118873 
28600 0.0293333 0.0119661 
28700 0.0293518 0.0120792 
28800 0.0291379 0.0121202 
28900 0.0289537 0.0120608 
29000 0.029034 0.0120356 
29100 0.0288276 0.0119577 
29200 0.0286692 0.011912 
29300 0.0286252 0.0118846 
29400 0.0285563 0.0117521 
29500 0.0284799 0.0117294 
29600 0.02831 0.0115965 
29700 0.0281569 0.0115344 
29800 0.0280492 0.0115148 
29900 0.0279546 0.0113958 
30000 0.0278872 0.0112818 
30100 0.0277488 0.0111816 
30200 0.0275876 0.0112063 
30300 0.0275758 0.0112437 
30400 0.0275748 0.0113072 
30500 0.0274338 0.0114018 
30600 0.0274302 0.0113669 
30700 0.0272932 0.0113547 
30800 0.0272828 0.0113613 
30900 0.0272029 0.0114149 
31000 0.0271906 0.0115507 
31100 0.0269435 0.0116738 
31200 0.0269863 0.0117232 
31300 0.0267382 0.0117456 
31400 0.0266992 0.0116892 
31500 0.026422 0.0115904 
31600 0.0262765 0.0115175 
31700 0.026063 0.0114236 
31800 0.0260626 0.0113048 
31900 0.0260699 0.011193 
32000 0.0260254 0.0112223 
32100 0.0261691 0.0111282 
32200 0.0263028 0.0110699 
32300 0.0262641 0.0110912 
32400 0.0260979 0.0110827 
32500 0.0259875 0.011075 
32600 0.0259835 0.0110542 
32700 0.0259099 0.0110636 
32800 0.0258787 0.0110201 
32900 0.0259752 0.0108802 
33000 0.0259958 0.0107171 
33100 0.0261994 0.0107082 
33200 0.0262083 0.0107215 
33300 0.0263536 0.0105075 
33400 0.0262696 0.0103676 
33500 0.0260399 0.0103359 
33600 0.0258985 0.0101364 
33700 0.0257294 0.0102863 
33800 0.02543 0.0103965 
33900 0.0250767 0.0103844 
34000 0.0249907 0.0104393 
34100 0.0248028 0.0104539 
34200 0.0244979 0.0105285 
34300 0.0245866 0.0104897 
34400 0.0247848 0.0103954 
34500 0.0249617 0.0103658 
34600 0.0248122 0.0102803 
34700 0.0248112 0.0103031 
34800 0.0247247 0.0102203 
34900 0.0246831 0.0102838 
35000 0.0245621 0.0102132 
35100 0.0245887 0.0101516 
35200 0.0245738 0.010195 
35300 0.0244226 0.0101983 
35400 0.0246028 0.0101283 
35500 0.0247697 0.0100602 
35600 0.0248525 0.00999423 
35700 0.0249085 0.00995021 
35800 0.0250243 0.00999585 
35900 0.0249249 0.0100425 
36000 0.0248413 0.010043 
36100 0.0245651 0.0101449 
36200 0.0243891 0.0101878 
36300 0.0242074 0.0102179 
36400 0.0241403 0.0101577 
36500 0.0241791 0.0101665 
36600 0.0241747 0.0101542 
36700 0.0241552 0.010177 
36800 0.023974 0.0101744 
36900 0.0236974 0.0101652 
37000 0.0236206 0.010065 
37100 0.0235987 0.00998648 
37200 0.0235774 0.00998786 
37300 0.0237172 0.00991239 
37400 0.02385 0.00993569 
37500 0.0238554 0.0099553 
37600 0.0238004 0.00995034 
37700 0.0237114 0.00992672 
37800 0.0236927 0.00993629 
37900 0.0235298 0.00988232 
38000 0.0236075 0.00985677 
38100 0.0236513 0.00981942 
38200 0.0237227 0.00977817 
38300 0.0237307 0.0098656 
38400 0.0235466 0.00986069 
38500 0.0234731 0.00980495 
38600 0.0235222 0.00964245 
38700 0.0235202 0.00968974 
38800 0.0235816 0.00985508 
38900 0.023462 0.00997738 
39000 0.0234052 0.00997335 
39100 0.0232912 0.00996283 
39200 0.0230833 0.00995623 
39300 0.0231055 0.00990652 
39400 0.0229335 0.00984949 
39500 0.0228937 0.0098299 
39600 0.022848 0.00975657 
39700 0.0227997 0.00971531 
39800 0.0226617 0.0096356 
39900 0.0225685 0.00961012 
40000 0.0225995 0.00960733 
40100 0.0225483 0.00972835 
40200 0.0225562 0.00983816 
40300 0.0224422 0.00990971 
40400 0.0223251 0.00991113 
40500 0.0222072 0.00995327 
40600 0.0220432 0.00998812 
40700 0.0217967 0.00996702 
40800 0.021685 0.00994293 
40900 0.0216322 0.00987134 
41000 0.0216465 0.00978369 
41100 0.0216866 0.00969124 
41200 0.021721 0.00966274 
41300 0.0217775 0.00967768 
41400 0.0218363 0.00965223 
41500 0.0219269 0.0096867 
41600 0.0218193 0.00967146 
41700 0.0218142 0.00965556 
41800 0.0219454 0.00965435 
41900 0.0219284 0.00961627 
42000 0.0220357 0.00955687 
42100 0.0221404 0.00958599 
42200 0.0220998 0.00955505 
42300 0.0221205 0.00950487 
42400 0.0221197 0.00940232 
42500 0.0220261 0.00934816 
42600 0.0221191 0.00924853 
42700 0.0220082 0.00927562 
42800 0.0218711 0.00924479 
42900 0.0216323 0.00921545 
43000 0.0216579 0.00933437 
43100 0.0216176 0.00928185 
43200 0.0214354 0.00924351 
43300 0.0213506 0.00922504 
43400 0.0212671 0.00916622 
43500 0.0210434 0.00908686 
43600 0.0209992 0.00915642 
43700 0.0209876 0.00921613 
43800 0.0208737 0.00927855 
43900 0.0209057 0.00930285 
44000 0.0209772 0.00932983 
44100 0.021011 0.00934648 
44200 0.0209363 0.00933756 
44300 0.0208525 0.00928966 
44400 0.0208313 0.00932541 
44500 0.020918 0.00933354 
44600 0.0210781 0.00926721 
44700 0.0210818 0.00923569 
44800 0.0211251 0.00914615 
44900 0.0211127 0.00910198 
45000 0.0210741 0.00902117 
45100 0.0211363 0.00898868 
45200 0.0211236 0.00886025 
45300 0.0211156 0.00882114 
45400 0.0211475 0.00878277 
45500 0.0211174 0.00882883 
45600 0.0210763 0.00885154 
45700 0.021034 0.00887873 
45800 0.0210038 0.00890011 
45900 0.0209908 0.00893508 
46000 0.020923 0.00889243 
46100 0.0208479 0.00887851 
46200 0.0207594 0.00890508 
46300 0.0206762 0.00892034 
46400 0.0206512 0.00887255 
46500 0.0207144 0.00880211 
46600 0.0207314 0.00874149 
46700 0.0207272 0.00873509 
46800 0.0207136 0.00873474 
46900 0.0206673 0.00876388 
47000 0.0205629 0.00875968 
47100 0.0205589 0.00882179 
47200 0.0205326 0.008857 
47300 0.020495 0.00891465 
47400 0.0204416 0.00890421 
47500 0.0203298 0.00883809 
47600 0.0202001 0.00883404 
47700 0.0201096 0.00876908 
47800 0.02001 0.00875809 
47900 0.0198723 0.0087228 
48000 0.0198776 0.00876815 
48100 0.0198845 0.00873149 
48200 0.0198283 0.00873599 
48300 0.0198438 0.00868065 
48400 0.0197636 0.0086748 
48500 0.0198637 0.00858889 
48600 0.0199053 0.00849274 
48700 0.0198697 0.00845516 
48800 0.0196471 0.00846621 
48900 0.0196441 0.00841525 
49000 0.0196913 0.00838158 
49100 0.0196784 0.0083214 
49200 0.0198505 0.00836576 
49300 0.0198185 0.00832655 
49400 0.0199506 0.00833657 
49500 0.0200143 0.00834603 
49600 0.020049 0.00834078 
49700 0.0200103 0.0082924 
49800 0.0200315 0.00824496 
49900 0.0199475 0.00825524 
50000 0.0198783 0.00818803 
50100 0.0197247 0.00812511 
50200 0.0196486 0.00814483 
50300 0.0196062 0.00818263 
50400 0.0196529 0.00820006 
50500 0.0194997 0.00826474 
50600 0.0194096 0.00830127 
50700 0.0193097 0.0083506 
50800 0.0193149 0.00833612 
50900 0.0193065 0.00834218 
51000 0.0192788 0.00827364 
51100 0.0192114 0.00823489 
51200 0.0191465 0.00821423 
51300 0.0191284 0.00821854 
51400 0.0191207 0.00821486 
51500 0.0189032 0.00824772 
51600 0.0188705 0.00825836 
51700 0.0188106 0.00829743 
51800 0.0187539 0.00830817 
51900 0.0187118 0.00828656 
52000 0.0185481 0.00820566 
52100 0.0184755 0.008098 
52200 0.0184481 0.00803049 
52300 0.0183905 0.00799952 
52400 0.0184513 0.0079643 
52500 0.0185596 0.00789028 
52600 0.0186897 0.00798163 
52700 0.0187988 0.00803967 
52800 0.0189007 0.00800564 
52900 0.0188217 0.00793007 
53000 0.0188274 0.00788563 
53100 0.0187706 0.00795367 
53200 0.0187485 0.00796759 
53300 0.0187581 0.00794618 
53400 0.0186993 0.00791746 
53500 0.0186787 0.00795759 
53600 0.0187114 0.00795561 
53700 0.0186401 0.00792562 
53800 0.0186627 0.00795287 
53900 0.0186161 0.0079317 
54000 0.0186137 0.00788035 
54100 0.0186037 0.00784856 
54200 0.0186471 0.00780419 
54300 0.0186581 0.00780428 
54400 0.0186216 0.00784616 
54500 0.0185394 0.00790701 
54600 0.0184676 0.00792782 
54700 0.0183905 0.0079261 
54800 0.0184279 0.00791712 
54900 0.018465 0.00783052 
55000 0.0184908 0.00781878 
55100 0.0185027 0.00779727 
55200 0.018443 0.00781543 
55300 0.0183723 0.00786048 
55400 0.0183078 0.0078639 
55500 0.0182353 0.00783602 
55600 0.0181543 0.00784742 
55700 0.0181201 0.00784215 
55800 0.0181128 0.00777155 
55900 0.0181248 0.00777656 
56000 0.0180931 0.00776144 
56100 0.0179614 0.00782945 
56200 0.0178552 0.0078296 
56300 0.0176977 0.00792035 
56400 0.0175812 0.00793486 
56500 0.0174887 0.00795294 
56600 0.0174312 0.00796743 
56700 0.0174863 0.0079062 
56800 0.0174142 0.00789581 
56900 0.0173987 0.00790484 
57000 0.0173533 0.0079007 
57100 0.0173251 0.00789844 
57200 0.0173507 0.00790947 
57300 0.0173777 0.00794815 
57400 0.0175003 0.00791006 
57500 0.0176522 0.00793542 
57600 0.0177075 0.00792086 
57700 0.017635 0.00790033 
57800 0.0176324 0.0078741 
57900 0.0176588 0.00781623 
58000 0.0175539 0.00772788 
58100 0.0175278 0.00767872 
58200 0.0174917 0.00764968 
58300 0.0173901 0.00763671 
58400 0.0174223 0.00762011 
58500 0.0174171 0.00769685 
58600 0.0174157 0.007751 
58700 0.0173362 0.00781453 
58800 0.0172842 0.00782735 
58900 0.0173031 0.00777792 
59000 0.0172369 0.00774151 
59100 0.0171872 0.00770509 
59200 0.0170934 0.00776964 
59300 0.0170849 0.00777185 
59400 0.0170408 0.00772338 
59500 0.01702 0.00770744 
59600 0.017038 0.00766927 
59700 0.0171544 0.00764745 
59800 0.0171746 0.00763769 
59900 0.0171779 0.00766789 
60000 0.0172264 0.00766516 
60100 0.0172333 0.00769853 
60200 0.0172599 0.00769702 
60300 0.0172829 0.00764022 
60400 0.0172804 0.00762976 
60500 0.0171826 0.00760428 
60600 0.0171672 0.00757556 
60700 0.0171059 0.00759735 
60800 0.0170673 0.00760516 
60900 0.0169654 0.00760049 
61000 0.0168878 0.00756858 
61100 0.0168595 0.00753455 
61200 0.0168004 0.0075335 
61300 0.0168044 0.00750056 
61400 0.0167393 0.00746325 
61500 0.016768 0.00746223 
61600 0.0168612 0.00746176 
61700 0.0169158 0.00742769 
61800 0.0169372 0.00742281 
61900 0.0169489 0.00743916 
62000 0.0169151 0.00746717 
62100 0.0168639 0.00742752 
62200 0.0169385 0.00738984 
62300 0.0169663 0.00731944 
62400 0.0169586 0.00730144 
62500 0.0170327 0.00728947 
62600 0.0170248 0.00728748 
62700 0.0170476 0.00726877 
62800 0.0170904 0.00728242 
62900 0.017045 0.00723739 
63000 0.0170199 0.00721177 
63100 0.017054 0.00730116 
63200 0.0170376 0.00731968 
63300 0.0170497 0.00730454 
63400 0.0169108 0.00729498 
63500 0.016958 0.00732407 
63600 0.0169441 0.0073141 
63700 0.0168907 0.00731792 
63800 0.0168666 0.00729044 
63900 0.0168076 0.00728115 
64000 0.0166235 0.00727348 
64100 0.0165396 0.00726245 
64200 0.0164776 0.0072336 
64300 0.0163926 0.00719487 
64400 0.0163352 0.00715828 
64500 0.0162416 0.00712483 
64600 0.0161968 0.00713875 
64700 0.0162297 0.00711992 
64800 0.0162253 0.00709008 
64900 0.0163394 0.00707889 
65000 0.0162867 0.00709361 
65100 0.0162762 0.00712689 
65200 0.0162524 0.00714314 
65300 0.0163369 0.0071461 
65400 0.0164865 0.00717837 
65500 0.016626 0.00723325 
65600 0.016696 0.00726104 
65700 0.0167328 0.00723378 
65800 0.0167875 0.00719917 
65900 0.016772 0.00722023 
66000 0.0167581 0.00724478 
66100 0.0166391 0.00723025 
66200 0.0165859 0.00715671 
66300 0.016486 0.00711773 
66400 0.0164767 0.00708972 
66500 0.0165353 0.00701669 
66600 0.0165233 0.00699791 
66700 0.0164907 0.00693584 
66800 0.0164539 0.00696456 
66900 0.0164526 0.00693715 
67000 0.0164927 0.00696686 
67100 0.0165022 0.00693118 
67200 0.0164891 0.00690623 
67300 0.0164606 0.00695438 
67400 0.0164475 0.00693542 
67500 0.0164425 0.00692533 
67600 0.0165097 0.00691686 
67700 0.0164455 0.00691792 
67800 0.0163984 0.00696485 
67900 0.0164614 0.00699481 
68000 0.0164378 0.00700863 
68100 0.0164199 0.00700433 
68200 0.0164071 0.00701897 
68300 0.016347 0.00699025 
68400 0.0163447 0.00699139 
68500 0.0163178 0.00696541 
68600 0.0162045 0.00691505 
68700 0.0160968 0.00690154 
68800 0.0159798 0.00691053 
68900 0.0158685 0.0069063 
69000 0.0157897 0.00694043 
69100 0.0156805 0.00697018 
69200 0.015629 0.00699258 
69300 0.0155314 0.00702113 
69400 0.0154672 0.00701749 
69500 0.0154947 0.00704168 
69600 0.0155284 0.00706546 
69700 0.0155479 0.00708491 
69800 0.0155215 0.00706506 
69900 0.0156025 0.0070423 
70000 0.0155763 0.00698917 
70100 0.0156876 0.00698953 
70200 0.0157464 0.00693259 
70300 0.0157677 0.00687157 
70400 0.0157864 0.00677065 
70500 0.0157883 0.00668649 
70600 0.0157814 0.00664141 
70700 0.0158337 0.00661723 
70800 0.0158665 0.00654361 
70900 0.0158755 0.00657507 
71000 0.0159053 0.00662788 
71100 0.0158842 0.00666726 
71200 0.0158802 0.00667944 
71300 0.0158325 0.00667582 
71400 0.0158778 0.00669718 
71500 0.0159213 0.006721 
71600 0.0158942 0.0067473 
71700 0.0159155 0.00674834 
71800 0.0158294 0.00677527 
71900 0.0157656 0.0068202 
72000 0.0157603 0.00687586 
72100 0.0157729 0.00694179 
72200 0.0157741 0.00694275 
72300 0.0157488 0.00695208 
72400 0.0157862 0.00691961 
72500 0.0157417 0.00693565 
72600 0.0157029 0.00694615 
72700 0.0156553 0.00695848 
72800 0.015564 0.00696154 
72900 0.0155268 0.00694419 
73000 0.0154541 0.00693691 
73100 0.0153837 0.00691693 
73200 0.0153103 0.00687514 
73300 0.0152563 0.00682676 
73400 0.0152125 0.00678545 
73500 0.0151087 0.00675281 
73600 0.015103 0.00669572 
73700 0.0150443 0.00663321 
73800 0.0149931 0.00658784 
73900 0.0150768 0.00654242 
74000 0.0150765 0.00646637 
74100 0.0151379 0.00643441 
74200 0.0151612 0.00640281 
74300 0.0151198 0.00636665 
74400 0.0151693 0.00634444 
74500 0.0152513 0.00634493 
74600 0.0152319 0.00633784 
74700 0.015231 0.00635078 
74800 0.0152823 0.0063445 
74900 0.0152895 0.00636361 
75000 0.0152869 0.0063646 
75100 0.0152805 0.0063734 
75200 0.0152761 0.00634787 
75300 0.0152224 0.00631882 
75400 0.015195 0.00632306 
75500 0.0152457 0.00633087 
75600 0.0152315 0.00634109 
75700 0.0152619 0.00633953 
75800 0.0152216 0.00632802 
75900 0.0151841 0.00632439 
76000 0.0151691 0.00634717 
76100 0.0151589 0.0063334 
76200 0.0151613 0.00631257 
76300 0.0151393 0.00629826 
76400 0.015173 0.00630498 
76500 0.0151263 0.00633602 
76600 0.0151293 0.00636459 
76700 0.0150989 0.00637377 
76800 0.0150583 0.00642489 
76900 0.015014 0.0064262 
77000 0.014977 0.00647526 
77100 0.0149889 0.00653792 
77200 0.0149594 0.0065207 
77300 0.0149129 0.0065305 
77400 0.0148506 0.00655175 
77500 0.01478 0.00655125 
77600 0.0147203 0.00653458 
77700 0.0146226 0.00655332 
77800 0.0145391 0.00656225 
77900 0.0144915 0.0065519 
78000 0.0143734 0.00653356 
78100 0.0143213 0.0065404 
78200 0.0143403 0.00652444 
78300 0.0142862 0.0065116 
78400 0.0142595 0.00650387 
78500 0.0142504 0.00650866 
78600 0.0142183 0.00648253 
78700 0.0141978 0.00644634 
78800 0.0143697 0.00641161 
78900 0.0144366 0.00638662 
79000 0.0144877 0.00634332 
79100 0.0145385 0.00634383 
79200 0.0146553 0.00635754 
79300 0.0147386 0.00635259 
79400 0.0147773 0.00635503 
79500 0.0147616 0.0063627 
79600 0.0147691 0.00633389 
79700 0.0148252 0.00632056 
79800 0.0149045 0.0062994 
79900 0.0149059 0.00627573 
80000 0.0149935 0.00624311 
80100 0.0150023 0.00626282 
80200 0.0150121 0.00625186 
80300 0.0150287 0.00623223 
80400 0.0151059 0.00620735 
80500 0.0150708 0.00617175 
80600 0.0150402 0.00613485 
80700 0.0150214 0.00609988 
80800 0.0149958 0.00609315 
80900 0.0149885 0.0060748 
81000 0.0149805 0.00609681 
81100 0.0148772 0.00615057 
81200 0.0148669 0.00616153 
81300 0.0148175 0.00614175 
81400 0.0147647 0.0061413 
81500 0.0147206 0.00613975 
81600 0.0146686 0.00615092 
81700 0.0146514 0.0061693 
81800 0.0146308 0.0061705 
81900 0.014539 0.00615436 
82000 0.0144545 0.00616479 
82100 0.0144182 0.00620488 
82200 0.0143849 0.00625642 
82300 0.0143808 0.00625699 
82400 0.0142691 0.00624461 
82500 0.0141669 0.0062062 
82600 0.0141504 0.00613838 
82700 0.014093 0.00610413 
82800 0.0140192 0.00605726 
82900 0.0140265 0.00603035 
83000 0.0140354 0.00601617 
83100 0.014026 0.00595984 
83200 0.0140374 0.00594566 
83300 0.0140837 0.00593258 
83400 0.0141451 0.00592712 
83500 0.0141357 0.00593106 
83600 0.014122 0.00594473 
83700 0.0140381 0.0059625 
83800 0.0140481 0.0059929 
83900 0.0140453 0.00601762 
84000 0.0140869 0.00603813 
84100 0.0140981 0.00605215 
84200 0.0141109 0.00603963 
84300 0.0141281 0.0060368 
84400 0.0141584 0.00605635 
84500 0.0141661 0.00602744 
84600 0.0141926 0.0060293 
84700 0.014233 0.00605937 
84800 0.0142148 0.00602025 
84900 0.0142398 0.00602381 
85000 0.0142688 0.0060394 
85100 0.0142469 0.00601571 
85200 0.0142499 0.00599009 
85300 0.0142776 0.00594441 
85400 0.0142934 0.00592823 
85500 0.0142377 0.00587189 
85600 0.0142272 0.0058274 
85700 0.0142133 0.00576924 
85800 0.0142414 0.00573291 
85900 0.0142366 0.00572578 
86000 0.0142515 0.0057352 
86100 0.0142159 0.00573851 
86200 0.0141759 0.0057727 
86300 0.01411 0.00582143 
86400 0.0141234 0.00584049 
86500 0.0140709 0.00586648 
86600 0.0139976 0.00587515 
86700 0.0139488 0.00589795 
86800 0.0139144 0.00596246 
86900 0.0138936 0.00599792 
87000 0.0139313 0.00600074 
87100 0.0139658 0.00601119 
87200 0.0139367 0.00601621 
87300 0.0139842 0.00600411 
87400 0.013977 0.00602377 
87500 0.0139856 0.0060095 
87600 0.0139942 0.00601494 
87700 0.013949 0.00599683 
87800 0.0139075 0.0059927 
87900 0.0138678 0.00596642 
88000 0.0138382 0.00593801 
88100 0.0138521 0.00591709 
88200 0.0138005 0.00589053 
88300 0.0137715 0.00586221 
88400 0.0137441 0.00582909 
88500 0.0137348 0.00580922 
88600 0.0137042 0.00579958 
88700 0.0137158 0.00575322 
88800 0.0137321 0.00572167 
88900 0.0137232 0.00571314 
89000 0.0136819 0.00566901 
89100 0.0136663 0.00561067 
89200 0.0136205 0.00559495 
89300 0.013596 0.00559019 
89400 0.0135808 0.00558746 
89500 0.0135403 0.00558777 
89600 0.0135322 0.0055826 
89700 0.0135451 0.00558607 
89800 0.0135587 0.00559033 
89900 0.0135162 0.00559382 
90000 0.0134913 0.00558679 
90100 0.0134745 0.0055688 
90200 0.0134506 0.00556833 
90300 0.0133976 0.0055618 
90400 0.0133495 0.00557206 
90500 0.0133573 0.00556007 
90600 0.0132934 0.0055448 
90700 0.0132595 0.00554675 
90800 0.0132022 0.0055734 
90900 0.0131472 0.00561364 
91000 0.0130915 0.0056329 
91100 0.0130242 0.00563146 
91200 0.012926 0.00564423 
91300 0.0128824 0.00565498 
91400 0.0128348 0.00565518 
91500 0.0128401 0.00567281 
91600 0.0128139 0.00567819 
91700 0.0127205 0.00568027 
91800 0.0127071 0.00568968 
91900 0.0126922 0.0056767 
92000 0.0127154 0.00568085 
92100 0.0126743 0.00567055 
92200 0.0127243 0.00568071 
92300 0.0128015 0.00567174 
92400 0.012825 0.00566892 
92500 0.0128013 0.00566557 
92600 0.0127905 0.00567171 
92700 0.0128249 0.00566329 
92800 0.0129136 0.00562523 
92900 0.0129567 0.00562145 
93000 0.0129726 0.00561869 
93100 0.012974 0.00561285 
93200 0.0130302 0.00556569 
93300 0.0131008 0.00551793 
93400 0.0131564 0.00546697 
93500 0.0131687 0.00541102 
93600 0.0131315 0.00539081 
93700 0.0131173 0.00535694 
93800 0.0131188 0.00543186 
93900 0.0131362 0.00546399 
94000 0.0131447 0.00549591 
94100 0.0131092 0.00548641 
94200 0.0131137 0.00550578 
94300 0.0131162 0.00550522 
94400 0.0131085 0.00554032 
94500 0.013147 0.00554117 
94600 0.0131587 0.00552094 
94700 0.0131468 0.00554002 
94800 0.0131532 0.0055808 
94900 0.0131246 0.00561445 
95000 0.0130723 0.00563065 
95100 0.0130557 0.00561768 
95200 0.013062 0.0056137 
95300 0.0130908 0.00560956 
95400 0.013106 0.00562519 
95500 0.0131116 0.00561807 
95600 0.0130963 0.00559724 
95700 0.0130796 0.00557202 
95800 0.01305 0.00553101 
95900 0.0130903 0.00551236 
96000 0.0130929 0.00551342 
96100 0.013092 0.00549517 
96200 0.0131107 0.00549513 
96300 0.0131272 0.00549784 
96400 0.0130826 0.00549722 
96500 0.0131114 0.00550181 
96600 0.0130991 0.00550792 
96700 0.013063 0.00555268 
96800 0.0130414 0.00555958 
96900 0.0129945 0.00556061 
97000 0.0129226 0.00557382 
97100 0.0128372 0.00560299 
97200 0.0128408 0.00563968 
97300 0.0127837 0.00565114 
97400 0.0127541 0.00564052 
97500 0.0126719 0.00563315 
97600 0.0125526 0.00563001 
97700 0.0124686 0.00564291 
97800 0.0123958 0.00565097 
97900 0.0122538 0.00563868 
98000 0.0121925 0.00562416 
98100 0.0121244 0.00562301 
98200 0.012047 0.00561988 
98300 0.0119673 0.00561423 
98400 0.0119057 0.00561259 
98500 0.0118934 0.00558562 
98600 0.011844 0.00556246 
98700 0.011759 0.00550803 
98800 0.0117268 0.00548073 
98900 0.0116964 0.00544522 
99000 0.0117431 0.00540385 
99100 0.011777 0.00536636 
99200 0.0118091 0.00532807 
99300 0.0118418 0.00532473 
99400 0.0118652 0.00532401 
99500 0.0119694 0.00530365 
99600 0.0120181 0.0052842 
99700 0.012046 0.00528878 
99800 0.0121119 0.00528995 
99900 0.0121736 0.00529593 
100000 0.0122024 0.00531331 
110000 0.0118271 0.00515445 
120000 0.0106508 0.00465151 
130000 0.0107258 0.00439909 
140000 0.0100649 0.00424741 
150000 0.00973792 0.00414795 
160000 0.00923046 0.0039342 
170000 0.00907806 0.00379922 
180000 0.00860859 0.00363891 
190000 0.00863304 0.00351601 
200000 0.00831204 0.0033758 
210000 0.00811251 0.00330882 
220000 0.00784963 0.00329462 
230000 0.00793526 0.00308599 
240000 0.00759768 0.00307353 
250000 0.00740378 0.00298208 
260000 0.00718978 0.0029233 
270000 0.0070898 0.00286303 
280000 0.00688348 0.00276006 
290000 0.00671027 0.00282403 
300000 0.0069918 0.00259027 
310000 0.00648563 0.00266019 
320000 0.00648099 0.00244361 
330000 0.00611755 0.00243172 
340000 0.00620121 0.00247211 
350000 0.00597824 0.00239821 
360000 0.00607751 0.00245734 
370000 0.00586224 0.00236927 
380000 0.00572023 0.00230983 
390000 0.00588682 0.00223128 
400000 0.00556344 0.00217497 
410000 0.00548011 0.00220549 
420000 0.00555832 0.00216996 
430000 0.00539961 0.00215966 
440000 0.00548103 0.00209037 
450000 0.00533364 0.00215602 
460000 0.0052149 0.00208097 
470000 0.00532968 0.00205983 
480000 0.00512534 0.00201098 
490000 0.00507988 0.00203358 
500000 0.00498784 0.00196037 
510000 0.00497008 0.00194687 
520000 0.00489437 0.00199713 
530000 0.00483859 0.00197622 
540000 0.0048408 0.00193045 
550000 0.00479113 0.00191048 
560000 0.00459725 0.00187121 
570000 0.00468979 0.00180297 
580000 0.00472483 0.00180333 
590000 0.00465774 0.00179987 
600000 0.00451528 0.00179918 
610000 0.00446506 0.0017714 
620000 0.00442172 0.00176153 
630000 0.00447 0.00173138 
640000 0.00441153 0.00172232 
650000 0.0043339 0.00164642 
660000 0.00425113 0.00169814 
670000 0.00418657 0.00158809 
680000 0.00416214 0.00165076 
690000 0.00419585 0.00166914 
700000 0.00417961 0.00164918 
710000 0.00399237 0.00162895 
720000 0.00403493 0.00159974 
730000 0.00403584 0.00157204 
740000 0.00399691 0.00159389 
750000 0.00397077 0.0016157 
760000 0.00388586 0.00157594 
770000 0.00390858 0.00157367 
780000 0.00382672 0.00156692 
790000 0.00380048 0.00155055 
800000 0.00384576 0.0015835 
810000 0.00377632 0.00151043 
820000 0.00352443 0.00153369 
830000 0.00357152 0.00149713 
840000 0.00370909 0.00147207 
850000 0.00367051 0.00150406 
860000 0.00371139 0.00142634 
870000 0.00362207 0.00144876 
880000 0.00358958 0.00140571 
890000 0.00355503 0.00143373 
900000 0.00341572 0.00148378 
910000 0.00338486 0.00133305 
920000 0.00340879 0.00141555 
930000 0.00335731 0.00135108 
940000 0.00352657 0.00131847 
950000 0.00344591 0.00134486 
960000 0.00323842 0.00137151 
970000 0.0032421 0.00136446 
980000 0.00319987 0.0013494 
990000 0.00323919 0.00136731 
1000000 0.00320803 0.00133698 
1010000 0.00326212 0.00136145 
1020000 0.00328273 0.00134725 
1030000 0.00322122 0.00127663 
1040000 0.00311268 0.0013008 
1050000 0.00317305 0.00128408 
1060000 0.00322061 0.00123749 
1070000 0.003146 0.00129605 
1080000 0.00319623 0.00128174 
1090000 0.00320887 0.00119595 
1100000 0.00314815 0.00126859 
1110000 0.00309077 0.00129527 
1120000 0.00292718 0.0011882 
1130000 0.00304743 0.0012776 
1140000 0.00306729 0.00120269 
1150000 0.00311279 0.00120709 
1160000 0.00301949 0.00122906 
1170000 0.00297974 0.00119178 
1180000 0.00298303 0.00120278 
1190000 0.0029758 0.00123654 
1200000 0.00286678 0.0012215 
1210000 0.00309327 0.00123102 
