48
47 : 2 0 1 11
40 : 0 8
39 : 2 0 1 7
37 : 2 0 1 6
36 : 0 6
15 : 1 1 7
12 : 1 0 6
46 : 0 11
10 : 1 0 5
9 : 1 1 4
35 : 2 0 1 5
8 : 1 0 4
13 : 1 1 6
14 : 1 0 7
7 : 1 1 3
33 : 2 0 1 4
42 : 0 9
1 : 1 0 1
38 : 0 7
0 : 0 0
23 : 1 1 11
3 : 1 1 1
2 : 2 0 1 0
43 : 2 0 1 9
21 : 1 1 10
11 : 1 1 5
6 : 1 0 3
4 : 1 0 2
41 : 2 0 1 8
22 : 1 0 11
44 : 0 10
25 : 1 0 0
5 : 1 1 2
19 : 1 1 9
31 : 2 0 1 3
45 : 2 0 1 10
16 : 1 0 8
17 : 1 1 8
18 : 1 0 9
26 : 2 0 1 1
20 : 1 0 10
27 : 1 1 0
28 : 0 2
29 : 2 0 1 2
24 : 0 1
30 : 0 3
32 : 0 4
34 : 0 5
