48
2 0.27166 0.72834 
2 0.16748 0.83252 
2 1.00000 0.00000 
2 1.00000 0.00000 
2 0.99993 0.00007 
2 0.99087 0.00913 
2 1.00000 0.00000 
2 0.58337 0.41663 
2 1.00000 0.00000 
2 0.47803 0.52197 
2 1.00000 0.00000 
2 0.22745 0.77255 
2 0.50060 0.49940 
2 0.38740 0.61260 
2 0.00000 1.00000 
2 0.00000 1.00000 
2 0.00000 1.00000 
2 0.00000 1.00000 
2 0.00000 1.00000 
2 0.00000 1.00000 
2 0.00000 1.00000 
2 0.00000 1.00000 
2 0.00000 1.00000 
2 0.00000 1.00000 
2 0.64451 0.35549 
2 0.00000 1.00000 
2 1.00000 0.00000 
2 1.00000 0.00000 
2 0.99989 0.00011 
2 0.74088 0.25912 
2 1.00000 0.00000 
2 0.23917 0.76083 
2 1.00000 0.00000 
2 0.72472 0.27528 
2 0.99999 0.00001 
2 0.54532 0.45468 
2 0.99998 0.00002 
2 0.00000 1.00000 
2 0.46840 0.53160 
2 0.00000 1.00000 
2 0.06329 0.93671 
2 0.00000 1.00000 
2 0.15227 0.84773 
2 0.00000 1.00000 
2 0.16859 0.83141 
2 0.00000 1.00000 
2 0.89654 0.10346 
2 0.00000 1.00000 
