768
767 : 2 2 0 192
765 : 2 2 0 96
764 : 2 2 0 144
763 : 2 2 0 80
761 : 2 2 0 48
760 : 2 2 0 136
757 : 2 2 0 40
756 : 2 2 0 216
755 : 2 2 0 184
753 : 2 2 0 24
751 : 2 2 0 68
750 : 2 2 0 228
749 : 2 2 0 36
747 : 2 2 0 180
746 : 2 2 0 116
744 : 2 2 0 204
743 : 2 2 0 172
741 : 2 2 0 156
739 : 2 2 0 252
735 : 2 2 0 66
734 : 2 2 0 226
732 : 2 2 0 210
730 : 2 2 0 114
729 : 2 2 0 18
727 : 2 2 0 170
726 : 2 2 0 106
723 : 2 2 0 250
722 : 2 2 0 58
721 : 2 2 0 10
720 : 2 2 0 198
717 : 2 2 0 150
716 : 2 2 0 86
714 : 2 2 0 54
711 : 2 2 0 238
708 : 2 2 0 190
334 : 2 1 1 230
7 : 2 0 2 127
87 : 2 0 2 181
217 : 2 0 2 148
426 : 2 2 0 117
333 : 2 1 1 38
762 : 2 2 0 240
151 : 2 0 2 182
488 : 2 2 0 140
632 : 2 1 1 136
326 : 2 1 1 110
313 : 2 1 1 49
282 : 2 1 1 115
254 : 2 0 2 192
37 : 2 0 2 59
445 : 2 2 0 97
324 : 2 1 1 94
410 : 2 2 0 115
590 : 2 1 1 102
321 : 2 1 1 14
319 : 2 1 1 193
315 : 2 1 1 81
414 : 2 2 0 227
310 : 2 1 1 233
275 : 2 1 1 251
308 : 2 1 1 217
660 : 2 2 0 187
349 : 2 1 1 98
296 : 2 1 1 205
291 : 2 1 1 253
432 : 2 2 0 133
327 : 2 1 1 174
223 : 2 0 2 196
389 : 2 2 0 223
277 : 2 1 1 155
577 : 2 1 1 6
276 : 2 1 1 91
476 : 2 2 0 146
271 : 2 1 1 167
70 : 2 0 2 125
141 : 2 0 2 110
269 : 2 1 1 151
219 : 2 0 2 100
265 : 2 1 1 143
264 : 2 1 1 79
261 : 2 1 1 223
259 : 2 1 1 127
84 : 2 0 2 53
257 : 2 1 1 7
248 : 2 0 2 144
247 : 2 0 2 208
246 : 2 0 2 80
242 : 2 0 2 48
267 : 2 1 1 247
240 : 2 0 2 136
328 : 2 1 1 206
266 : 2 1 1 55
353 : 2 1 1 28
596 : 2 1 1 90
232 : 2 0 2 216
284 : 2 1 1 211
201 : 2 0 2 220
546 : 2 1 1 29
230 : 2 0 2 184
335 : 2 1 1 70
226 : 2 0 2 24
480 : 2 2 0 4
255 : 2 0 2 128
489 : 2 2 0 52
225 : 2 0 2 8
218 : 2 0 2 36
213 : 2 0 2 244
210 : 2 0 2 20
299 : 2 1 1 181
209 : 2 0 2 140
473 : 2 2 0 50
295 : 2 1 1 173
614 : 2 1 1 108
208 : 2 0 2 204
544 : 2 1 1 195
148 : 2 0 2 54
268 : 2 1 1 87
199 : 2 0 2 188
293 : 2 1 1 157
196 : 2 0 2 60
194 : 2 0 2 12
158 : 2 0 2 166
190 : 2 0 2 66
322 : 2 1 1 62
357 : 2 1 1 44
754 : 2 2 0 120
189 : 2 0 2 162
306 : 2 1 1 121
433 : 2 2 0 25
188 : 2 0 2 226
95 : 2 0 2 69
443 : 2 2 0 81
104 : 2 0 2 89
165 : 2 0 2 122
185 : 2 0 2 146
624 : 2 1 1 132
320 : 2 1 1 2
301 : 2 1 1 37
195 : 2 0 2 28
695 : 2 2 0 169
448 : 2 2 0 2
180 : 2 0 2 114
19 : 2 0 2 143
178 : 2 0 2 18
270 : 2 1 1 103
216 : 2 0 2 212
176 : 2 0 2 202
273 : 2 1 1 11
106 : 2 0 2 153
174 : 2 0 2 170
243 : 2 0 2 112
169 : 2 0 2 218
262 : 2 1 1 47
54 : 2 0 2 243
398 : 2 2 0 103
167 : 2 0 2 186
166 : 2 0 2 250
76 : 2 0 2 45
371 : 2 1 1 88
203 : 2 0 2 44
41 : 2 0 2 91
288 : 2 1 1 131
234 : 2 0 2 40
72 : 2 0 2 189
132 : 2 0 2 30
589 : 2 1 1 150
179 : 2 0 2 50
637 : 2 1 1 96
64 : 2 0 2 195
193 : 2 0 2 4
60 : 2 0 2 99
96 : 2 0 2 197
143 : 2 0 2 174
113 : 2 0 2 137
221 : 2 0 2 164
48 : 2 0 2 75
55 : 2 0 2 179
287 : 2 1 1 67
409 : 2 2 0 19
312 : 2 1 1 137
468 : 2 2 0 218
631 : 2 1 1 72
745 : 2 2 0 20
316 : 2 1 1 145
40 : 2 0 2 187
698 : 2 2 0 113
181 : 2 0 2 242
733 : 2 2 0 34
330 : 2 1 1 118
285 : 2 1 1 35
177 : 2 0 2 138
27 : 2 0 2 151
238 : 2 0 2 72
615 : 2 1 1 172
73 : 2 0 2 93
237 : 2 0 2 168
42 : 2 0 2 219
211 : 2 0 2 52
145 : 2 0 2 206
21 : 2 0 2 55
86 : 2 0 2 245
337 : 2 1 1 26
173 : 2 0 2 234
314 : 2 1 1 241
325 : 2 1 1 158
559 : 2 1 1 165
39 : 2 0 2 251
582 : 2 1 1 46
641 : 2 2 0 3
9 : 2 0 2 191
499 : 2 2 0 88
681 : 2 2 0 141
78 : 2 0 2 237
91 : 2 0 2 37
664 : 2 2 0 75
154 : 2 0 2 150
601 : 2 1 1 18
63 : 2 0 2 67
367 : 2 1 1 196
200 : 2 0 2 92
415 : 2 2 0 67
81 : 2 0 2 205
516 : 2 1 1 255
214 : 2 0 2 180
117 : 2 0 2 241
298 : 2 1 1 117
215 : 2 0 2 84
36 : 2 0 2 27
197 : 2 0 2 124
401 : 2 2 0 11
128 : 2 0 2 129
20 : 2 0 2 23
250 : 2 0 2 96
709 : 2 2 0 222
436 : 2 2 0 217
67 : 2 0 2 13
740 : 2 2 0 92
399 : 2 2 0 167
224 : 2 0 2 132
93 : 2 0 2 229
38 : 2 0 2 123
15 : 2 0 2 239
35 : 2 0 2 11
212 : 2 0 2 116
120 : 2 0 2 209
134 : 2 0 2 126
545 : 2 1 1 5
4 : 2 0 2 15
144 : 2 0 2 78
387 : 2 2 0 127
69 : 2 0 2 61
396 : 2 2 0 87
12 : 2 0 2 159
405 : 2 2 0 155
533 : 2 1 1 219
704 : 2 2 0 129
74 : 2 0 2 221
163 : 2 0 2 26
294 : 2 1 1 109
435 : 2 2 0 185
505 : 2 2 0 112
0 : 2 0 2 0
279 : 2 1 1 171
152 : 2 0 2 86
107 : 2 0 2 41
59 : 2 0 2 35
258 : 2 1 1 31
377 : 2 1 1 112
191 : 2 0 2 194
24 : 2 0 2 183
8 : 2 0 2 255
245 : 2 0 2 176
44 : 2 0 2 43
274 : 2 1 1 59
603 : 2 1 1 178
231 : 2 0 2 88
51 : 2 0 2 19
724 : 2 2 0 90
6 : 2 0 2 63
33 : 2 0 2 199
2 : 2 0 2 3
677 : 2 2 0 221
207 : 2 0 2 76
475 : 2 2 0 82
568 : 2 1 1 201
49 : 2 0 2 203
382 : 2 1 1 64
220 : 2 0 2 228
115 : 2 0 2 49
665 : 2 2 0 139
175 : 2 0 2 74
281 : 2 1 1 19
653 : 2 2 0 215
17 : 2 0 2 79
13 : 2 0 2 47
227 : 2 0 2 56
53 : 2 0 2 115
280 : 2 1 1 203
75 : 2 0 2 157
65 : 2 0 2 131
241 : 2 0 2 16
172 : 2 0 2 106
372 : 2 1 1 152
5 : 2 0 2 31
3 : 2 0 2 7
303 : 2 1 1 69
331 : 2 1 1 182
406 : 2 2 0 107
705 : 2 2 0 6
66 : 2 0 2 5
332 : 2 1 1 214
384 : 2 2 0 1
447 : 2 2 0 193
30 : 2 0 2 231
297 : 2 1 1 21
283 : 2 1 1 179
198 : 2 0 2 252
427 : 2 2 0 181
573 : 2 1 1 33
14 : 2 0 2 111
82 : 2 0 2 141
374 : 2 1 1 168
122 : 2 0 2 33
347 : 2 1 1 82
68 : 2 0 2 29
548 : 2 1 1 189
594 : 2 1 1 58
748 : 2 2 0 212
45 : 2 0 2 107
535 : 2 1 1 235
479 : 2 2 0 194
111 : 2 0 2 73
442 : 2 2 0 241
22 : 2 0 2 119
205 : 2 0 2 236
671 : 2 2 0 163
90 : 2 0 2 149
566 : 2 1 1 105
256 : 2 1 1 1
170 : 2 0 2 154
540 : 2 1 1 83
578 : 2 1 1 30
31 : 2 0 2 167
89 : 2 0 2 213
85 : 2 0 2 117
57 : 2 0 2 211
728 : 2 2 0 202
11 : 2 0 2 223
50 : 2 0 2 139
23 : 2 0 2 247
171 : 2 0 2 42
236 : 2 0 2 232
28 : 2 0 2 39
58 : 2 0 2 147
453 : 2 2 0 158
317 : 2 1 1 97
149 : 2 0 2 118
192 : 2 0 2 130
244 : 2 0 2 240
83 : 2 0 2 21
379 : 2 1 1 208
451 : 2 2 0 254
556 : 2 1 1 85
79 : 2 0 2 173
386 : 2 2 0 31
606 : 2 1 1 226
94 : 2 0 2 165
759 : 2 2 0 72
62 : 2 0 2 163
323 : 2 1 1 254
61 : 2 0 2 227
146 : 2 0 2 142
611 : 2 1 1 252
626 : 2 1 1 120
112 : 2 0 2 201
116 : 2 0 2 113
253 : 2 0 2 64
88 : 2 0 2 85
239 : 2 0 2 200
318 : 2 1 1 161
101 : 2 0 2 121
725 : 2 2 0 154
77 : 2 0 2 109
300 : 2 1 1 213
454 : 2 2 0 110
92 : 2 0 2 101
666 : 2 2 0 51
305 : 2 1 1 25
98 : 2 0 2 9
311 : 2 1 1 73
46 : 2 0 2 235
525 : 2 1 1 215
131 : 2 0 2 14
99 : 2 0 2 25
719 : 2 2 0 166
572 : 2 1 1 209
640 : 2 2 0 0
10 : 2 0 2 95
388 : 2 2 0 191
466 : 2 2 0 122
100 : 2 0 2 57
416 : 2 2 0 131
102 : 2 0 2 249
204 : 2 0 2 108
103 : 2 0 2 185
142 : 2 0 2 238
290 : 2 1 1 61
431 : 2 2 0 69
490 : 2 2 0 244
580 : 2 1 1 190
138 : 2 0 2 222
710 : 2 2 0 46
125 : 2 0 2 161
105 : 2 0 2 217
595 : 2 1 1 250
662 : 2 2 0 43
139 : 2 0 2 158
187 : 2 0 2 98
547 : 2 1 1 125
587 : 2 1 1 246
108 : 2 0 2 105
304 : 2 1 1 133
110 : 2 0 2 169
183 : 2 0 2 82
114 : 2 0 2 17
80 : 2 0 2 77
97 : 2 0 2 133
156 : 2 0 2 102
155 : 2 0 2 38
251 : 2 0 2 224
127 : 2 0 2 193
307 : 2 1 1 185
129 : 2 0 2 2
135 : 2 0 2 254
235 : 2 0 2 104
600 : 2 1 1 202
147 : 2 0 2 22
434 : 2 2 0 121
549 : 2 1 1 221
136 : 2 0 2 190
137 : 2 0 2 94
471 : 2 2 0 74
286 : 2 1 1 227
109 : 2 0 2 233
140 : 2 0 2 46
52 : 2 0 2 51
643 : 2 2 0 63
71 : 2 0 2 253
329 : 2 1 1 22
162 : 2 0 2 10
150 : 2 0 2 246
118 : 2 0 2 177
119 : 2 0 2 81
157 : 2 0 2 230
644 : 2 2 0 255
492 : 2 2 0 148
617 : 2 1 1 20
364 : 2 1 1 148
338 : 2 1 1 122
292 : 2 1 1 93
491 : 2 2 0 84
736 : 2 2 0 130
638 : 2 1 1 160
339 : 2 1 1 186
652 : 2 2 0 183
340 : 2 1 1 218
341 : 2 1 1 42
1 : 2 0 2 1
56 : 2 0 2 83
342 : 2 1 1 234
418 : 2 2 0 61
343 : 2 1 1 74
344 : 2 1 1 138
622 : 2 1 1 228
345 : 2 1 1 50
346 : 2 1 1 242
609 : 2 1 1 12
228 : 2 0 2 120
348 : 2 1 1 146
350 : 2 1 1 162
272 : 2 1 1 199
351 : 2 1 1 194
352 : 2 1 1 4
206 : 2 0 2 172
16 : 2 0 2 175
354 : 2 1 1 124
670 : 2 2 0 99
355 : 2 1 1 188
356 : 2 1 1 220
358 : 2 1 1 236
359 : 2 1 1 76
336 : 2 1 1 134
360 : 2 1 1 140
361 : 2 1 1 52
625 : 2 1 1 24
362 : 2 1 1 244
161 : 2 0 2 134
363 : 2 1 1 84
366 : 2 1 1 164
511 : 2 2 0 128
712 : 2 2 0 78
123 : 2 0 2 97
368 : 2 1 1 8
369 : 2 1 1 56
370 : 2 1 1 248
700 : 2 2 0 209
26 : 2 0 2 215
487 : 2 2 0 76
373 : 2 1 1 104
460 : 2 2 0 214
168 : 2 0 2 90
375 : 2 1 1 200
376 : 2 1 1 16
583 : 2 1 1 238
581 : 2 1 1 222
378 : 2 1 1 176
699 : 2 2 0 177
715 : 2 2 0 246
380 : 2 1 1 32
680 : 2 2 0 77
636 : 2 1 1 144
381 : 2 1 1 224
383 : 2 1 1 128
130 : 2 0 2 6
385 : 2 2 0 7
390 : 2 2 0 47
459 : 2 2 0 182
402 : 2 2 0 59
186 : 2 0 2 34
534 : 2 1 1 43
393 : 2 2 0 143
394 : 2 2 0 55
395 : 2 2 0 247
482 : 2 2 0 124
635 : 2 1 1 80
397 : 2 2 0 151
400 : 2 2 0 199
403 : 2 2 0 251
412 : 2 2 0 211
467 : 2 2 0 186
407 : 2 2 0 171
408 : 2 2 0 203
563 : 2 1 1 249
411 : 2 2 0 179
413 : 2 2 0 35
417 : 2 2 0 13
222 : 2 0 2 68
126 : 2 0 2 65
419 : 2 2 0 253
612 : 2 1 1 92
420 : 2 2 0 93
421 : 2 2 0 157
508 : 2 2 0 32
713 : 2 2 0 142
423 : 2 2 0 173
424 : 2 2 0 205
425 : 2 2 0 21
182 : 2 0 2 178
461 : 2 2 0 38
429 : 2 2 0 37
501 : 2 2 0 104
428 : 2 2 0 213
688 : 2 2 0 197
430 : 2 2 0 229
437 : 2 2 0 41
542 : 2 1 1 99
737 : 2 2 0 12
439 : 2 2 0 73
440 : 2 2 0 137
689 : 2 2 0 9
441 : 2 2 0 49
392 : 2 2 0 79
444 : 2 2 0 145
446 : 2 2 0 161
449 : 2 2 0 14
260 : 2 1 1 191
450 : 2 2 0 62
153 : 2 0 2 214
455 : 2 2 0 174
462 : 2 2 0 230
610 : 2 1 1 60
456 : 2 2 0 206
422 : 2 2 0 109
558 : 2 1 1 101
391 : 2 2 0 239
452 : 2 2 0 94
457 : 2 2 0 22
458 : 2 2 0 118
518 : 2 1 1 159
438 : 2 2 0 233
463 : 2 2 0 70
464 : 2 2 0 134
465 : 2 2 0 26
469 : 2 2 0 42
470 : 2 2 0 234
472 : 2 2 0 138
34 : 2 0 2 135
550 : 2 1 1 45
474 : 2 2 0 242
477 : 2 2 0 98
47 : 2 0 2 171
483 : 2 2 0 188
484 : 2 2 0 220
536 : 2 1 1 75
485 : 2 2 0 44
493 : 2 2 0 100
564 : 2 1 1 89
494 : 2 2 0 164
124 : 2 0 2 225
495 : 2 2 0 196
18 : 2 0 2 207
496 : 2 2 0 8
497 : 2 2 0 56
498 : 2 2 0 248
574 : 2 1 1 225
500 : 2 2 0 152
502 : 2 2 0 168
25 : 2 0 2 87
503 : 2 2 0 200
504 : 2 2 0 16
507 : 2 2 0 208
478 : 2 2 0 162
553 : 2 1 1 141
742 : 2 2 0 108
509 : 2 2 0 224
562 : 2 1 1 57
510 : 2 2 0 64
512 : 2 1 1 0
758 : 2 2 0 232
629 : 2 1 1 40
687 : 2 2 0 165
513 : 2 1 1 3
249 : 2 0 2 32
657 : 2 2 0 135
514 : 2 1 1 15
691 : 2 2 0 249
515 : 2 1 1 63
517 : 2 1 1 95
519 : 2 1 1 111
718 : 2 2 0 102
520 : 2 1 1 175
526 : 2 1 1 39
521 : 2 1 1 207
523 : 2 1 1 119
527 : 2 1 1 231
528 : 2 1 1 71
529 : 2 1 1 135
530 : 2 1 1 27
32 : 2 0 2 71
531 : 2 1 1 123
532 : 2 1 1 187
537 : 2 1 1 139
159 : 2 0 2 70
538 : 2 1 1 51
541 : 2 1 1 147
543 : 2 1 1 163
551 : 2 1 1 237
552 : 2 1 1 77
585 : 2 1 1 142
133 : 2 0 2 62
554 : 2 1 1 53
557 : 2 1 1 149
560 : 2 1 1 197
561 : 2 1 1 9
565 : 2 1 1 153
309 : 2 1 1 41
302 : 2 1 1 229
289 : 2 1 1 13
567 : 2 1 1 169
569 : 2 1 1 17
570 : 2 1 1 113
647 : 2 2 0 111
571 : 2 1 1 177
575 : 2 1 1 65
278 : 2 1 1 107
481 : 2 2 0 28
659 : 2 2 0 123
576 : 2 1 1 129
627 : 2 1 1 184
365 : 2 1 1 100
579 : 2 1 1 126
701 : 2 2 0 33
613 : 2 1 1 156
684 : 2 2 0 85
586 : 2 1 1 54
588 : 2 1 1 86
591 : 2 1 1 166
592 : 2 1 1 198
593 : 2 1 1 10
674 : 2 2 0 29
597 : 2 1 1 154
738 : 2 2 0 60
598 : 2 1 1 106
599 : 2 1 1 170
160 : 2 0 2 198
602 : 2 1 1 114
604 : 2 1 1 210
673 : 2 2 0 5
605 : 2 1 1 34
29 : 2 0 2 103
675 : 2 2 0 125
706 : 2 2 0 30
607 : 2 1 1 66
608 : 2 1 1 130
252 : 2 0 2 160
524 : 2 1 1 183
616 : 2 1 1 204
618 : 2 1 1 116
630 : 2 1 1 232
668 : 2 2 0 83
752 : 2 2 0 132
164 : 2 0 2 58
619 : 2 1 1 180
620 : 2 1 1 212
621 : 2 1 1 36
672 : 2 2 0 195
184 : 2 0 2 210
623 : 2 1 1 68
539 : 2 1 1 243
628 : 2 1 1 216
633 : 2 1 1 48
486 : 2 2 0 236
634 : 2 1 1 240
263 : 2 1 1 239
202 : 2 0 2 156
639 : 2 1 1 192
642 : 2 2 0 15
229 : 2 0 2 248
645 : 2 2 0 95
233 : 2 0 2 152
646 : 2 2 0 159
121 : 2 0 2 145
648 : 2 2 0 175
555 : 2 1 1 245
649 : 2 2 0 207
650 : 2 2 0 23
651 : 2 2 0 119
654 : 2 2 0 39
655 : 2 2 0 231
656 : 2 2 0 71
658 : 2 2 0 27
661 : 2 2 0 219
506 : 2 2 0 176
663 : 2 2 0 235
667 : 2 2 0 243
522 : 2 1 1 23
404 : 2 2 0 91
676 : 2 2 0 189
584 : 2 1 1 78
669 : 2 2 0 147
678 : 2 2 0 45
679 : 2 2 0 237
682 : 2 2 0 53
683 : 2 2 0 245
685 : 2 2 0 149
686 : 2 2 0 101
690 : 2 2 0 57
692 : 2 2 0 89
693 : 2 2 0 153
694 : 2 2 0 105
43 : 2 0 2 155
696 : 2 2 0 201
766 : 2 2 0 160
731 : 2 2 0 178
697 : 2 2 0 17
702 : 2 2 0 225
703 : 2 2 0 65
707 : 2 2 0 126
