768
8 0.00029 0.00014 0.00014 0.99942 0.00000 0.00000 0.00000 0.00000 
8 0.06230 0.41797 0.51973 0.00000 0.00000 0.00000 0.00000 0.00000 
7 0.26584 0.47269 0.08346 0.00045 0.08833 0.00000 0.08923 
6 0.79637 0.02785 0.00000 0.17577 0.00000 0.00000 
5 0.00097 0.00000 0.00002 0.00000 0.99901 
4 0.00000 1.00000 0.00000 0.00000 
3 0.33333 0.00000 0.66667 
2 0.50000 0.50000 
1 1.00000 
1 1.00000 
2 0.50000 0.50000 
1 1.00000 
1 1.00000 
3 0.00000 0.00000 1.00000 
2 0.50000 0.50000 
1 1.00000 
1 1.00000 
2 0.50000 0.50000 
1 1.00000 
1 1.00000 
4 0.00000 1.00000 0.00000 0.00000 
3 0.00000 0.00000 1.00000 
2 0.50000 0.50000 
1 1.00000 
1 1.00000 
2 0.00000 1.00000 
1 1.00000 
1 1.00000 
3 0.00002 0.00000 0.99998 
2 0.50000 0.50000 
1 1.00000 
1 1.00000 
2 0.50000 0.50000 
1 1.00000 
1 1.00000 
5 0.00001 0.00000 0.00000 0.00000 0.99999 
4 0.00000 1.00000 0.00000 0.00000 
3 0.00775 0.00775 0.98449 
2 0.50000 0.50000 
1 1.00000 
1 1.00000 
2 0.01163 0.98837 
1 1.00000 
1 1.00000 
3 0.00000 0.00000 1.00000 
2 0.50000 0.50000 
1 1.00000 
1 1.00000 
2 0.00006 0.99994 
1 1.00000 
1 1.00000 
4 0.00000 1.00000 0.00000 0.00000 
3 0.00009 0.00000 0.99991 
2 0.50000 0.50000 
1 1.00000 
1 1.00000 
2 0.01854 0.98146 
1 1.00000 
1 1.00000 
3 0.00000 0.00000 1.00000 
2 0.00000 1.00000 
1 1.00000 
1 1.00000 
2 0.50000 0.50000 
1 1.00000 
1 1.00000 
6 0.55082 0.34989 0.00076 0.09852 0.00000 0.00000 
5 0.00000 0.00000 0.00000 0.00000 1.00000 
4 0.11230 0.43202 0.00000 0.45568 
3 0.10285 0.10285 0.79430 
2 0.00000 1.00000 
1 1.00000 
1 1.00000 
2 0.15428 0.84572 
1 1.00000 
1 1.00000 
3 0.00000 0.00000 1.00000 
2 0.50000 0.50000 
1 1.00000 
1 1.00000 
2 0.50000 0.50000 
1 1.00000 
1 1.00000 
4 0.00000 1.00000 0.00000 0.00000 
3 0.33333 0.00000 0.66667 
2 0.50000 0.50000 
1 1.00000 
1 1.00000 
2 0.18405 0.81595 
1 1.00000 
1 1.00000 
3 0.00000 0.00000 1.00000 
2 0.00000 1.00000 
1 1.00000 
1 1.00000 
2 0.50000 0.50000 
1 1.00000 
1 1.00000 
5 0.00059 0.00007 0.00006 0.00000 0.99928 
4 0.31630 0.36740 0.00000 0.31630 
3 0.07155 0.00000 0.92845 
2 0.50000 0.50000 
1 1.00000 
1 1.00000 
2 0.50000 0.50000 
1 1.00000 
1 1.00000 
3 0.00000 0.00000 1.00000 
2 0.00000 1.00000 
1 1.00000 
1 1.00000 
2 0.50000 0.50000 
1 1.00000 
1 1.00000 
4 0.00000 1.00000 0.00000 0.00000 
3 0.01418 0.01418 0.97164 
2 0.50000 0.50000 
1 1.00000 
1 1.00000 
2 0.02127 0.97873 
1 1.00000 
1 1.00000 
3 0.00008 0.00000 0.99992 
2 0.50000 0.50000 
1 1.00000 
1 1.00000 
2 0.50000 0.50000 
1 1.00000 
1 1.00000 
7 0.35234 0.64766 0.00000 0.00000 0.00000 0.00000 0.00000 
6 0.47581 0.26480 0.00218 0.25721 0.00000 0.00000 
5 0.00000 0.00000 0.00000 0.00000 1.00000 
4 0.00000 1.00000 0.00000 0.00000 
3 0.03089 0.03089 0.93823 
2 0.50000 0.50000 
1 1.00000 
1 1.00000 
2 0.50000 0.50000 
1 1.00000 
1 1.00000 
3 0.00000 0.00000 1.00000 
2 0.50000 0.50000 
1 1.00000 
1 1.00000 
2 0.50000 0.50000 
1 1.00000 
1 1.00000 
4 0.00000 1.00000 0.00000 0.00000 
3 0.33333 0.00000 0.66667 
2 0.50000 0.50000 
1 1.00000 
1 1.00000 
2 0.07861 0.92139 
1 1.00000 
1 1.00000 
3 0.00000 0.00000 1.00000 
2 0.00000 1.00000 
1 1.00000 
1 1.00000 
2 0.50000 0.50000 
1 1.00000 
1 1.00000 
5 0.00111 0.00000 0.00000 0.00000 0.99889 
4 0.00000 1.00000 0.00000 0.00000 
3 0.33333 0.00000 0.66667 
2 0.50000 0.50000 
1 1.00000 
1 1.00000 
2 0.50000 0.50000 
1 1.00000 
1 1.00000 
3 0.00000 0.00000 1.00000 
2 0.50000 0.50000 
1 1.00000 
1 1.00000 
2 0.50000 0.50000 
1 1.00000 
1 1.00000 
4 0.00000 1.00000 0.00000 0.00000 
3 0.01047 0.01047 0.97907 
2 0.50000 0.50000 
1 1.00000 
1 1.00000 
2 0.01570 0.98430 
1 1.00000 
1 1.00000 
3 0.00000 0.00000 1.00000 
2 0.50000 0.50000 
1 1.00000 
1 1.00000 
2 0.50000 0.50000 
1 1.00000 
1 1.00000 
6 0.99998 0.00002 0.00000 0.00000 0.00000 0.00000 
5 0.00557 0.00000 0.00016 0.00000 0.99428 
4 0.00000 1.00000 0.00000 0.00000 
3 0.33333 0.00000 0.66667 
2 0.50000 0.50000 
1 1.00000 
1 1.00000 
2 0.48656 0.51344 
1 1.00000 
1 1.00000 
3 0.00000 0.00000 1.00000 
2 0.50000 0.50000 
1 1.00000 
1 1.00000 
2 0.50000 0.50000 
1 1.00000 
1 1.00000 
4 0.00000 1.00000 0.00000 0.00000 
3 0.00135 0.00135 0.99729 
2 0.50000 0.50000 
1 1.00000 
1 1.00000 
2 0.00203 0.99797 
1 1.00000 
1 1.00000 
3 0.00019 0.00000 0.99981 
2 0.50000 0.50000 
1 1.00000 
1 1.00000 
2 0.50000 0.50000 
1 1.00000 
1 1.00000 
5 0.00000 0.00000 0.00000 0.00000 1.00000 
4 0.04156 0.66705 0.00000 0.29139 
3 0.01855 0.01855 0.96290 
2 0.00000 1.00000 
1 1.00000 
1 1.00000 
2 0.02783 0.97217 
1 1.00000 
1 1.00000 
3 0.00000 0.00000 1.00000 
2 0.50000 0.50000 
1 1.00000 
1 1.00000 
2 0.00000 1.00000 
1 1.00000 
1 1.00000 
4 0.00000 1.00000 0.00000 0.00000 
3 0.01029 0.00000 0.98971 
2 0.50000 0.50000 
1 1.00000 
1 1.00000 
2 0.50000 0.50000 
1 1.00000 
1 1.00000 
3 0.00000 0.00000 1.00000 
2 0.50000 0.50000 
1 1.00000 
1 1.00000 
2 0.50000 0.50000 
1 1.00000 
1 1.00000 
8 0.10322 0.20947 0.68134 0.00595 0.00002 0.00000 0.00000 0.00000 
6 0.13088 0.02044 0.42802 0.00000 0.00000 0.42066 
4 0.00000 0.00000 0.00000 1.00000 
2 0.50000 0.50000 
1 1.00000 
1 1.00000 
3 0.00001 0.00000 0.99999 
1 1.00000 
2 0.00000 1.00000 
1 1.00000 
3 0.00000 0.00000 1.00000 
1 1.00000 
2 0.00000 1.00000 
1 1.00000 
2 0.00000 1.00000 
1 1.00000 
1 1.00000 
5 0.00720 0.98840 0.00000 0.00000 0.00440 
3 0.00001 0.00000 0.99999 
1 1.00000 
2 0.00000 1.00000 
1 1.00000 
2 0.00000 1.00000 
1 1.00000 
1 1.00000 
4 0.00000 0.00025 0.00000 0.99975 
2 0.50000 0.50000 
1 1.00000 
1 1.00000 
3 0.00001 0.00000 0.99999 
1 1.00000 
2 0.00000 1.00000 
1 1.00000 
5 0.04252 0.92816 0.00000 0.00000 0.02932 
3 0.00000 0.00000 1.00000 
1 1.00000 
2 0.00000 1.00000 
1 1.00000 
2 0.00000 1.00000 
1 1.00000 
1 1.00000 
4 0.00000 0.00000 0.00000 1.00000 
2 0.50000 0.50000 
1 1.00000 
1 1.00000 
3 0.00000 0.00000 1.00000 
1 1.00000 
2 0.00000 1.00000 
1 1.00000 
4 0.00000 0.00000 0.00000 1.00000 
2 0.50000 0.50000 
1 1.00000 
1 1.00000 
3 0.00000 0.00000 1.00000 
1 1.00000 
2 0.00000 1.00000 
1 1.00000 
3 0.00000 0.00000 1.00000 
1 1.00000 
2 0.00000 1.00000 
1 1.00000 
2 0.00000 1.00000 
1 1.00000 
1 1.00000 
7 0.34701 0.54658 0.10595 0.00046 0.00000 0.00000 0.00000 
5 0.29445 0.50095 0.00000 0.00000 0.20460 
3 0.00000 0.00000 1.00000 
1 1.00000 
2 0.00000 1.00000 
1 1.00000 
2 0.00000 1.00000 
1 1.00000 
1 1.00000 
4 0.00000 0.00003 0.00000 0.99997 
2 0.50000 0.50000 
1 1.00000 
1 1.00000 
3 0.00000 0.00000 1.00000 
1 1.00000 
2 0.00000 1.00000 
1 1.00000 
4 0.00000 0.00000 0.00000 1.00000 
2 0.50000 0.50000 
1 1.00000 
1 1.00000 
3 0.00000 0.00000 1.00000 
1 1.00000 
2 0.00000 1.00000 
1 1.00000 
3 0.00000 0.00000 1.00000 
1 1.00000 
2 0.00000 1.00000 
1 1.00000 
2 0.00000 1.00000 
1 1.00000 
1 1.00000 
6 0.57359 0.42640 0.00000 0.00000 0.00000 0.00000 
4 0.00000 0.00000 0.00000 1.00000 
2 0.50000 0.50000 
1 1.00000 
1 1.00000 
3 0.00001 0.00000 0.99999 
1 1.00000 
2 0.00000 1.00000 
1 1.00000 
3 0.00000 0.00000 1.00000 
1 1.00000 
2 0.00000 1.00000 
1 1.00000 
2 0.00000 1.00000 
1 1.00000 
1 1.00000 
5 0.03704 0.92622 0.00000 0.00000 0.03674 
3 0.00000 0.00000 1.00000 
1 1.00000 
2 0.00000 1.00000 
1 1.00000 
2 0.00000 1.00000 
1 1.00000 
1 1.00000 
4 0.00000 0.00000 0.00000 1.00000 
2 0.50000 0.50000 
1 1.00000 
1 1.00000 
3 0.00000 0.00000 1.00000 
1 1.00000 
2 0.00000 1.00000 
1 1.00000 
8 0.05697 0.03770 0.90532 0.00000 0.00001 0.00000 0.00000 0.00000 
6 0.11203 0.00000 0.00003 0.00000 0.00000 0.88794 
4 0.00000 0.00000 0.00000 1.00000 
2 0.00000 1.00000 
1 1.00000 
1 1.00000 
3 0.00033 0.99967 0.00000 
1 1.00000 
2 0.00000 1.00000 
1 1.00000 
3 1.00000 0.00000 0.00000 
1 1.00000 
2 0.00000 1.00000 
1 1.00000 
2 0.00000 1.00000 
1 1.00000 
1 1.00000 
5 0.00000 1.00000 0.00000 0.00000 0.00000 
3 0.03217 0.96783 0.00000 
1 1.00000 
2 0.00000 1.00000 
1 1.00000 
2 0.00000 1.00000 
1 1.00000 
1 1.00000 
4 0.00000 0.00000 0.00000 1.00000 
2 0.00000 1.00000 
1 1.00000 
1 1.00000 
3 0.00000 0.99999 0.00001 
1 1.00000 
2 0.00000 1.00000 
1 1.00000 
5 0.00867 0.99133 0.00000 0.00000 0.00000 
3 1.00000 0.00000 0.00000 
1 1.00000 
2 0.00000 1.00000 
1 1.00000 
2 0.00000 1.00000 
1 1.00000 
1 1.00000 
4 0.00000 0.00000 0.00000 1.00000 
2 0.50000 0.50000 
1 1.00000 
1 1.00000 
3 0.00000 0.99998 0.00002 
1 1.00000 
2 0.00000 1.00000 
1 1.00000 
4 0.00000 0.00000 0.00000 1.00000 
2 0.00000 1.00000 
1 1.00000 
1 1.00000 
3 0.00000 1.00000 0.00000 
1 1.00000 
2 0.00000 1.00000 
1 1.00000 
3 0.06423 0.93577 0.00000 
1 1.00000 
2 0.00000 1.00000 
1 1.00000 
2 0.00000 1.00000 
1 1.00000 
1 1.00000 
7 0.04816 0.95183 0.00000 0.00002 0.00000 0.00000 0.00000 
5 0.00000 1.00000 0.00000 0.00000 0.00000 
3 0.33333 0.33333 0.33333 
1 1.00000 
2 0.50000 0.50000 
1 1.00000 
2 0.00000 1.00000 
1 1.00000 
1 1.00000 
4 0.00000 0.00000 0.00000 1.00000 
2 0.50000 0.50000 
1 1.00000 
1 1.00000 
3 0.00000 0.99997 0.00003 
1 1.00000 
2 0.00000 1.00000 
1 1.00000 
4 0.00000 0.00000 0.00000 1.00000 
2 0.00000 1.00000 
1 1.00000 
1 1.00000 
3 0.00000 1.00000 0.00000 
1 1.00000 
2 0.00000 1.00000 
1 1.00000 
3 0.33333 0.33333 0.33333 
1 1.00000 
2 0.50000 0.50000 
1 1.00000 
2 0.00000 1.00000 
1 1.00000 
1 1.00000 
6 0.99990 0.00000 0.00000 0.00000 0.00000 0.00009 
4 0.00000 0.00000 0.00000 1.00000 
2 0.00000 1.00000 
1 1.00000 
1 1.00000 
3 0.00000 1.00000 0.00000 
1 1.00000 
2 0.00000 1.00000 
1 1.00000 
3 0.33333 0.33333 0.33333 
1 1.00000 
2 0.50000 0.50000 
1 1.00000 
2 0.00000 1.00000 
1 1.00000 
1 1.00000 
5 0.00000 1.00000 0.00000 0.00000 0.00000 
3 0.97622 0.00000 0.02378 
1 1.00000 
2 0.00000 1.00000 
1 1.00000 
2 0.00000 1.00000 
1 1.00000 
1 1.00000 
4 0.00000 0.00000 0.00000 1.00000 
2 0.00000 1.00000 
1 1.00000 
1 1.00000 
3 0.00000 1.00000 0.00000 
1 1.00000 
2 0.00000 1.00000 
1 1.00000 
8 0.00016 0.00008 0.00007 0.99969 0.00000 0.00000 0.00000 0.00000 
7 0.30870 0.62852 0.05221 0.01051 0.00002 0.00002 0.00002 
5 0.12288 0.75365 0.00003 0.00003 0.12341 
3 0.00008 0.00008 0.99985 
1 1.00000 
2 0.00011 0.99989 
1 1.00000 
2 0.00002 0.99998 
1 1.00000 
1 1.00000 
4 0.00118 0.00010 0.00004 0.99868 
2 0.01537 0.98463 
1 1.00000 
1 1.00000 
3 0.00005 0.00005 0.99991 
1 1.00000 
2 0.00007 0.99993 
1 1.00000 
4 0.00141 0.00062 0.00001 0.99796 
2 0.00593 0.99407 
1 1.00000 
1 1.00000 
3 0.00001 0.00001 0.99998 
1 1.00000 
2 0.00003 0.99997 
1 1.00000 
3 0.00028 0.00028 0.99944 
1 1.00000 
2 0.00042 0.99958 
1 1.00000 
2 0.00207 0.99793 
1 1.00000 
1 1.00000 
6 0.65251 0.34427 0.00292 0.00003 0.00003 0.00025 
4 0.00157 0.00051 0.00001 0.99791 
2 0.00615 0.99385 
1 1.00000 
1 1.00000 
3 0.00001 0.00001 0.99997 
1 1.00000 
2 0.00004 0.99996 
1 1.00000 
3 0.00005 0.00005 0.99990 
1 1.00000 
2 0.00007 0.99993 
1 1.00000 
2 0.00859 0.99141 
1 1.00000 
1 1.00000 
5 0.01036 0.97870 0.00006 0.00006 0.01082 
3 0.00199 0.00199 0.99603 
1 1.00000 
2 0.00298 0.99702 
1 1.00000 
2 0.00003 0.99997 
1 1.00000 
1 1.00000 
4 0.00281 0.00035 0.00008 0.99676 
2 0.01327 0.98673 
1 1.00000 
1 1.00000 
3 0.00010 0.00010 0.99980 
1 1.00000 
2 0.00015 0.99985 
1 1.00000 
6 0.73737 0.23762 0.01959 0.00011 0.00011 0.00522 
4 0.00518 0.00123 0.00004 0.99355 
2 0.00312 0.99688 
1 1.00000 
1 1.00000 
3 0.00005 0.00005 0.99990 
1 1.00000 
2 0.00007 0.99993 
1 1.00000 
3 0.00015 0.00015 0.99970 
1 1.00000 
2 0.00022 0.99978 
1 1.00000 
2 0.00270 0.99730 
1 1.00000 
1 1.00000 
5 0.00272 0.99348 0.00013 0.00013 0.00354 
3 0.01597 0.01597 0.96805 
1 1.00000 
2 0.02396 0.97604 
1 1.00000 
2 0.00006 0.99994 
1 1.00000 
1 1.00000 
4 0.00587 0.00097 0.00016 0.99300 
2 0.01258 0.98742 
1 1.00000 
1 1.00000 
3 0.00021 0.00021 0.99958 
1 1.00000 
2 0.00032 0.99968 
1 1.00000 
5 0.22704 0.71839 0.00015 0.00015 0.05427 
3 0.00022 0.00022 0.99956 
1 1.00000 
2 0.00033 0.99967 
1 1.00000 
2 0.00010 0.99990 
1 1.00000 
1 1.00000 
4 0.00679 0.00113 0.00018 0.99189 
2 0.01346 0.98654 
1 1.00000 
1 1.00000 
3 0.00025 0.00025 0.99951 
1 1.00000 
2 0.00037 0.99963 
1 1.00000 
4 0.00000 0.00000 0.00000 1.00000 
2 0.02502 0.97498 
1 1.00000 
1 1.00000 
3 0.00000 0.00000 1.00000 
1 1.00000 
2 0.00000 1.00000 
1 1.00000 
3 0.00907 0.00907 0.98186 
1 1.00000 
2 0.01361 0.98639 
1 1.00000 
2 0.02381 0.97619 
1 1.00000 
1 1.00000 
8 0.00030 0.00014 0.00005 0.99950 0.00000 0.00002 0.00000 0.00000 
7 0.35498 0.48727 0.00000 0.15769 0.00000 0.00006 0.00000 
5 0.00000 1.00000 0.00000 0.00000 0.00000 
3 0.33333 0.33333 0.33333 
1 1.00000 
2 0.50000 0.50000 
1 1.00000 
2 0.00020 0.99980 
1 1.00000 
1 1.00000 
4 0.00000 0.00000 0.00000 1.00000 
2 0.50000 0.50000 
1 1.00000 
1 1.00000 
3 0.00000 0.58690 0.41310 
1 1.00000 
2 0.00000 1.00000 
1 1.00000 
4 0.00032 0.00000 0.00000 0.99968 
2 0.50000 0.50000 
1 1.00000 
1 1.00000 
3 0.00000 1.00000 0.00000 
1 1.00000 
2 0.00004 0.99996 
1 1.00000 
3 0.33333 0.33333 0.33333 
1 1.00000 
2 0.50000 0.50000 
1 1.00000 
2 0.00223 0.99777 
1 1.00000 
1 1.00000 
6 0.63476 0.00086 0.00558 0.00000 0.00000 0.35880 
4 0.00016 0.00000 0.00000 0.99984 
2 0.00000 1.00000 
1 1.00000 
1 1.00000 
3 0.00051 0.99897 0.00051 
1 1.00000 
2 0.00000 1.00000 
1 1.00000 
3 0.33333 0.33333 0.33333 
1 1.00000 
2 0.00000 1.00000 
1 1.00000 
2 0.03509 0.96491 
1 1.00000 
1 1.00000 
5 0.00083 0.99917 0.00000 0.00000 0.00000 
3 0.00000 0.60425 0.39575 
1 1.00000 
2 0.00000 1.00000 
1 1.00000 
2 0.00044 0.99956 
1 1.00000 
1 1.00000 
4 0.00008 0.00008 0.00008 0.99976 
2 0.50000 0.50000 
1 1.00000 
1 1.00000 
3 0.00000 1.00000 0.00000 
1 1.00000 
2 0.00016 0.99984 
1 1.00000 
6 0.60387 0.00093 0.00783 0.00000 0.00000 0.38737 
4 0.00050 0.00000 0.00000 0.99950 
2 0.00000 1.00000 
1 1.00000 
1 1.00000 
3 0.00203 0.99594 0.00203 
1 1.00000 
2 0.00000 1.00000 
1 1.00000 
3 0.33333 0.33333 0.33333 
1 1.00000 
2 0.00000 1.00000 
1 1.00000 
2 0.05519 0.94481 
1 1.00000 
1 1.00000 
5 0.00000 0.94777 0.00000 0.05223 0.00000 
3 0.33333 0.33333 0.33333 
1 1.00000 
2 0.50000 0.50000 
1 1.00000 
2 0.00112 0.99888 
1 1.00000 
1 1.00000 
4 0.00018 0.00018 0.00018 0.99945 
2 0.50000 0.50000 
1 1.00000 
1 1.00000 
3 0.00000 1.00000 0.00000 
1 1.00000 
2 0.00037 0.99963 
1 1.00000 
5 0.00000 1.00000 0.00000 0.00000 0.00000 
3 0.33333 0.33333 0.33333 
1 1.00000 
2 0.50000 0.50000 
1 1.00000 
2 0.26704 0.73296 
1 1.00000 
1 1.00000 
4 0.00000 0.00000 0.00000 1.00000 
2 0.50000 0.50000 
1 1.00000 
1 1.00000 
3 0.00000 1.00000 0.00000 
1 1.00000 
2 0.00000 1.00000 
1 1.00000 
4 0.00000 0.00000 0.00000 1.00000 
2 0.50000 0.50000 
1 1.00000 
1 1.00000 
3 0.00000 1.00000 0.00000 
1 1.00000 
2 0.00000 1.00000 
1 1.00000 
3 0.33333 0.33333 0.33333 
1 1.00000 
2 0.50000 0.50000 
1 1.00000 
2 0.02362 0.97638 
1 1.00000 
1 1.00000 
