96
92 : 3 0 0 1 18
91 : 3 0 0 1 10
90 : 3 0 0 1 30
89 : 3 0 0 1 6
85 : 3 0 0 1 5
86 : 3 0 0 1 29
84 : 3 0 0 1 27
83 : 3 0 0 1 23
82 : 3 0 0 1 15
78 : 3 0 1 0 20
95 : 3 0 0 1 24
15 : 3 1 0 0 25
88 : 3 0 0 1 17
34 : 3 0 1 0 31
72 : 3 0 1 0 17
79 : 3 0 1 0 24
31 : 3 1 0 0 16
11 : 3 1 0 0 13
61 : 3 0 0 1 28
29 : 3 1 0 0 8
30 : 3 1 0 0 24
54 : 3 0 0 1 21
26 : 3 1 0 0 12
39 : 3 0 1 0 25
66 : 3 0 1 0 15
69 : 3 0 1 0 5
22 : 3 1 0 0 10
12 : 3 1 0 0 29
65 : 3 0 1 0 3
57 : 3 0 0 1 14
33 : 3 0 1 0 7
47 : 3 0 1 0 16
73 : 3 0 1 0 6
20 : 3 1 0 0 30
28 : 3 1 0 0 20
17 : 3 1 0 0 2
27 : 3 1 0 0 28
58 : 3 0 0 1 22
5 : 3 1 0 0 31
19 : 3 1 0 0 14
76 : 3 0 1 0 18
3 : 3 1 0 0 7
45 : 3 0 1 0 28
4 : 3 1 0 0 15
6 : 3 1 0 0 23
50 : 3 0 0 1 31
9 : 3 1 0 0 19
32 : 3 0 1 0 1
74 : 3 0 1 0 30
25 : 3 1 0 0 4
21 : 3 1 0 0 22
16 : 3 1 0 0 17
75 : 3 0 1 0 10
35 : 3 0 1 0 11
7 : 3 1 0 0 11
68 : 3 0 1 0 27
24 : 3 1 0 0 18
10 : 3 1 0 0 5
2 : 3 1 0 0 3
0 : 3 1 0 0 0
81 : 3 0 0 1 3
13 : 3 1 0 0 21
14 : 3 1 0 0 9
93 : 3 0 0 1 12
36 : 3 0 1 0 19
23 : 3 1 0 0 26
18 : 3 1 0 0 6
59 : 3 0 0 1 26
37 : 3 0 1 0 13
94 : 3 0 0 1 20
40 : 3 0 1 0 2
41 : 3 0 1 0 14
52 : 3 0 0 1 19
1 : 3 1 0 0 1
42 : 3 0 1 0 22
43 : 3 0 1 0 26
44 : 3 0 1 0 4
46 : 3 0 1 0 8
80 : 3 0 0 1 0
51 : 3 0 0 1 11
70 : 3 0 1 0 29
48 : 3 0 0 1 1
62 : 3 0 0 1 8
49 : 3 0 0 1 7
53 : 3 0 0 1 13
8 : 3 1 0 0 27
55 : 3 0 0 1 25
56 : 3 0 0 1 2
71 : 3 0 1 0 9
60 : 3 0 0 1 4
38 : 3 0 1 0 21
63 : 3 0 0 1 16
87 : 3 0 0 1 9
64 : 3 0 1 0 0
67 : 3 0 1 0 23
77 : 3 0 1 0 12
