192
6 0.40573 0.58116 0.00801 0.00000 0.00510 0.00000 
6 0.00060 0.00000 0.00000 0.00000 0.00000 0.99940 
5 0.00000 0.00000 1.00000 0.00000 0.00000 
4 0.00174 0.01403 0.00002 0.98421 
3 0.00000 0.00000 1.00000 
2 0.43364 0.56636 
1 1.00000 
1 1.00000 
2 0.00000 1.00000 
1 1.00000 
1 1.00000 
3 0.00006 0.00006 0.99989 
2 0.00000 1.00000 
1 1.00000 
1 1.00000 
2 0.00008 0.99992 
1 1.00000 
1 1.00000 
4 0.00000 0.00000 0.00000 1.00000 
3 0.45548 0.08829 0.45624 
2 0.00000 1.00000 
1 1.00000 
1 1.00000 
2 0.42900 0.57100 
1 1.00000 
1 1.00000 
3 0.00000 0.00000 1.00000 
2 0.50000 0.50000 
1 1.00000 
1 1.00000 
2 0.00000 1.00000 
1 1.00000 
1 1.00000 
5 0.00002 0.00001 0.99997 0.00000 0.00000 
4 0.00000 0.00000 0.00000 1.00000 
3 0.33333 0.33333 0.33333 
2 0.00000 1.00000 
1 1.00000 
1 1.00000 
2 0.50000 0.50000 
1 1.00000 
1 1.00000 
3 0.00000 0.00000 1.00000 
2 0.00613 0.99387 
1 1.00000 
1 1.00000 
2 0.00000 1.00000 
1 1.00000 
1 1.00000 
4 0.00000 0.00000 0.00000 1.00000 
3 0.00000 0.00000 1.00000 
2 0.50000 0.50000 
1 1.00000 
1 1.00000 
2 0.00000 1.00000 
1 1.00000 
1 1.00000 
3 0.00000 0.00000 1.00000 
2 0.00000 1.00000 
1 1.00000 
1 1.00000 
2 0.50000 0.50000 
1 1.00000 
1 1.00000 
6 0.00060 0.00015 0.99924 0.00000 0.00000 0.00000 
4 0.15070 0.00004 0.00004 0.84921 
2 0.00442 0.99558 
1 1.00000 
1 1.00000 
3 0.00160 0.00160 0.99679 
1 1.00000 
2 0.00012 0.99988 
1 1.00000 
3 0.00022 0.00022 0.99957 
1 1.00000 
2 0.00108 0.99892 
1 1.00000 
2 0.00000 1.00000 
1 1.00000 
1 1.00000 
5 0.00000 0.00000 0.00000 0.00000 1.00000 
3 0.00000 0.00000 1.00000 
1 1.00000 
2 0.00000 1.00000 
1 1.00000 
2 0.21698 0.78302 
1 1.00000 
1 1.00000 
4 0.00000 0.00000 0.00000 1.00000 
2 0.50000 0.50000 
1 1.00000 
1 1.00000 
3 0.00000 0.00000 1.00000 
1 1.00000 
2 0.00000 1.00000 
1 1.00000 
6 0.00022 0.99946 0.00000 0.00000 0.00000 0.00033 
4 0.00006 0.00006 0.99983 0.00006 
2 0.50000 0.50000 
1 1.00000 
1 1.00000 
3 0.00015 0.00015 0.99969 
1 1.00000 
2 0.00023 0.99977 
1 1.00000 
3 0.00000 0.00000 1.00000 
1 1.00000 
2 0.00000 1.00000 
1 1.00000 
2 0.50000 0.50000 
1 1.00000 
1 1.00000 
5 1.00000 0.00000 0.00000 0.00000 0.00000 
3 0.00000 0.00000 1.00000 
1 1.00000 
2 0.00000 1.00000 
1 1.00000 
2 0.50000 0.50000 
1 1.00000 
1 1.00000 
4 0.00000 0.00000 1.00000 0.00000 
2 0.50000 0.50000 
1 1.00000 
1 1.00000 
3 0.00000 0.00000 1.00000 
1 1.00000 
2 0.00000 1.00000 
1 1.00000 
6 0.57168 0.14503 0.27865 0.00465 0.00000 0.00000 
5 0.00014 0.00000 0.00000 0.00000 0.99986 
3 0.98361 0.00000 0.01639 
1 1.00000 
2 0.00000 1.00000 
1 1.00000 
2 0.00000 1.00000 
1 1.00000 
1 1.00000 
4 0.00000 0.00000 0.00000 1.00000 
2 0.50000 0.50000 
1 1.00000 
1 1.00000 
3 0.75730 0.00000 0.24270 
1 1.00000 
2 0.00000 1.00000 
1 1.00000 
4 0.00000 0.00000 0.00000 1.00000 
2 0.50000 0.50000 
1 1.00000 
1 1.00000 
3 0.00073 0.00000 0.99927 
1 1.00000 
2 0.00000 1.00000 
1 1.00000 
3 0.00000 0.00000 1.00000 
1 1.00000 
2 0.00000 1.00000 
1 1.00000 
2 0.00000 1.00000 
1 1.00000 
1 1.00000 
6 0.48061 0.26382 0.25557 0.00000 0.00000 0.00000 
5 1.00000 0.00000 0.00000 0.00000 0.00000 
3 0.00000 0.00000 1.00000 
1 1.00000 
2 0.00000 1.00000 
1 1.00000 
2 0.50000 0.50000 
1 1.00000 
1 1.00000 
4 0.00000 0.00000 1.00000 0.00000 
2 0.49112 0.50888 
1 1.00000 
1 1.00000 
3 0.00000 0.00000 1.00000 
1 1.00000 
2 0.00000 1.00000 
1 1.00000 
4 0.00000 0.00000 1.00000 0.00000 
2 0.22742 0.77258 
1 1.00000 
1 1.00000 
3 0.00000 0.00000 1.00000 
1 1.00000 
2 0.00000 1.00000 
1 1.00000 
3 0.00000 0.00000 1.00000 
1 1.00000 
2 0.00000 1.00000 
1 1.00000 
2 0.50000 0.50000 
1 1.00000 
1 1.00000 
