0 0 0.833333 
1 0.25 0.416667 
2 0.583333 0.444444 
3 0.479167 0.377778 
4 0.436667 0.302222 
5 0.363889 0.412063 
6 0.597619 0.353197 
7 0.690975 0.385269 
8 0.6142 0.363219 
9 0.646214 0.392663 
10 0.576597 0.357036 
11 0.558153 0.327283 
12 0.597445 0.302107 
13 0.585328 0.280528 
14 0.546306 0.261826 
15 0.479323 0.245462 
16 0.456524 0.231023 
17 0.469133 0.230046 
18 0.474142 0.217938 
19 0.492214 0.207041 
20 0.464422 0.197182 
21 0.421736 0.188219 
22 0.425902 0.180036 
23 0.393412 0.17554 
24 0.404761 0.183449 
25 0.409186 0.176394 
26 0.40738 0.169122 
27 0.419961 0.163693 
28 0.390942 0.158048 
29 0.403963 0.155257 
30 0.396551 0.150249 
31 0.369119 0.145554 
32 0.357934 0.141143 
33 0.335122 0.136992 
34 0.325547 0.133078 
35 0.316504 0.129381 
36 0.30795 0.125884 
37 0.299846 0.122571 
38 0.292158 0.119429 
39 0.284854 0.116443 
40 0.277906 0.113494 
41 0.27129 0.10947 
42 0.26498 0.106288 
43 0.279312 0.102568 
44 0.288802 0.10512 
45 0.270457 0.0998195 
46 0.281158 0.0976957 
47 0.275301 0.0956603 
48 0.281091 0.0937081 
49 0.275469 0.0960918 
50 0.270068 0.0942076 
51 0.269951 0.0939058 
52 0.264857 0.093844 
53 0.259952 0.0921062 
54 0.253177 0.0904315 
55 0.24276 0.0888167 
56 0.238501 0.0872585 
57 0.223419 0.085754 
58 0.219632 0.0887528 
59 0.202795 0.090224 
60 0.199471 0.0887449 
61 0.196254 0.0873135 
62 0.193139 0.0894146 
63 0.201379 0.0892801 
64 0.198281 0.0903243 
65 0.191158 0.0900646 
66 0.200382 0.0887203 
67 0.197435 0.0875547 
68 0.189189 0.0862858 
69 0.201255 0.0850531 
70 0.19842 0.0838552 
71 0.195664 0.0826905 
72 0.192984 0.0815578 
73 0.190376 0.0804557 
74 0.187838 0.0793829 
75 0.185366 0.0783384 
76 0.17259 0.077321 
77 0.170377 0.0763297 
78 0.180485 0.0753635 
79 0.188279 0.0744215 
80 0.185955 0.0735027 
81 0.183687 0.0726063 
82 0.181474 0.0717316 
83 0.179314 0.0708776 
84 0.169823 0.0700438 
85 0.158434 0.0692293 
86 0.164076 0.0684336 
87 0.156591 0.0676559 
88 0.165744 0.0668957 
89 0.163902 0.0661524 
90 0.162101 0.0654255 
91 0.160339 0.0647143 
92 0.149811 0.0640185 
93 0.15511 0.0633374 
94 0.162746 0.0626707 
95 0.168635 0.0620179 
96 0.161124 0.0613786 
97 0.158535 0.0607522 
98 0.156946 0.0601386 
99 0.15539 0.0595372 
100 0.161127 0.058935 
101 0.153943 0.0561999 
102 0.159642 0.0556543 
103 0.161118 0.0551191 
104 0.156199 0.0545942 
105 0.158131 0.051367 
106 0.152478 0.0493133 
107 0.147286 0.0532444 
108 0.151064 0.0527559 
109 0.144395 0.0522763 
110 0.136367 0.0536064 
111 0.135149 0.0531277 
112 0.138109 0.0494428 
113 0.140691 0.0490091 
114 0.141943 0.0489618 
115 0.141496 0.0485397 
116 0.147898 0.0481248 
117 0.153016 0.047717 
118 0.146679 0.047316 
119 0.13915 0.0469217 
120 0.13375 0.0465339 
121 0.132653 0.0461525 
122 0.139507 0.0457773 
123 0.14521 0.0454081 
124 0.13835 0.0450448 
125 0.137252 0.0446873 
126 0.136171 0.0443355 
127 0.128472 0.0439891 
128 0.127476 0.0436481 
129 0.131444 0.0433123 
130 0.137309 0.0429817 
131 0.142125 0.0426561 
132 0.141056 0.0423354 
133 0.140004 0.0420194 
134 0.138967 0.0417082 
135 0.142631 0.0414015 
136 0.14159 0.0410993 
137 0.137056 0.0408015 
138 0.140705 0.040508 
139 0.1397 0.0402186 
140 0.13871 0.0399334 
141 0.137733 0.0396521 
142 0.13677 0.0393749 
143 0.13582 0.0391014 
144 0.134883 0.0388318 
145 0.133959 0.0385658 
146 0.133048 0.0383034 
147 0.128804 0.0380446 
148 0.12794 0.0377893 
149 0.127087 0.0375374 
150 0.121935 0.0372888 
151 0.126294 0.0370435 
152 0.125468 0.0368013 
153 0.12039 0.0365624 
154 0.119613 0.0363265 
155 0.123831 0.0360936 
156 0.123042 0.0355965 
157 0.122263 0.0353712 
158 0.125658 0.0351487 
159 0.120912 0.0349291 
160 0.120161 0.0347121 
161 0.11942 0.0344978 
162 0.113487 0.0357893 
163 0.106638 0.035571 
164 0.111288 0.035106 
165 0.104945 0.0348945 
166 0.104317 0.0339208 
167 0.108875 0.0337189 
168 0.102932 0.0335194 
169 0.0987415 0.0333222 
170 0.0981641 0.0331273 
171 0.102945 0.0329347 
172 0.107157 0.034749 
173 0.106541 0.0362919 
174 0.105932 0.0348556 
175 0.10533 0.0361055 
176 0.109281 0.0359016 
177 0.108667 0.0356999 
178 0.10806 0.0365909 
179 0.111399 0.0363876 
180 0.110784 0.0376325 
181 0.107752 0.0385728 
182 0.107164 0.0391873 
183 0.106581 0.0394043 
184 0.111286 0.0396967 
185 0.115168 0.0394833 
186 0.112983 0.0392722 
187 0.11004 0.0390865 
188 0.109458 0.0388797 
189 0.108882 0.0386751 
190 0.105352 0.0384726 
191 0.104803 0.0382722 
192 0.108982 0.0380739 
193 0.108421 0.0378776 
194 0.107865 0.0376834 
195 0.111173 0.0374911 
196 0.113463 0.0373008 
197 0.115014 0.0371124 
198 0.114436 0.0369259 
199 0.113864 0.0367413 
200 0.111998 0.0365585 
201 0.113576 0.0363775 
202 0.113016 0.0361983 
203 0.112462 0.0360209 
204 0.111914 0.0358452 
205 0.11271 0.0356712 
206 0.112165 0.0354988 
207 0.111626 0.0353282 
208 0.110704 0.0351591 
209 0.110177 0.0349917 
210 0.109655 0.0348259 
211 0.109138 0.0346616 
212 0.108625 0.0344989 
213 0.108118 0.0343377 
214 0.107615 0.034178 
215 0.107116 0.0340197 
216 0.105277 0.033863 
217 0.104794 0.0337076 
218 0.102257 0.0335537 
219 0.104433 0.0334012 
220 0.103961 0.03325 
221 0.103492 0.0331003 
222 0.103028 0.0329518 
223 0.104614 0.0328047 
224 0.102748 0.0326589 
225 0.100231 0.0325144 
226 0.099789 0.0323712 
227 0.0993513 0.0322292 
228 0.0963343 0.0320885 
229 0.092868 0.031949 
230 0.0924659 0.0318107 
231 0.0886179 0.0316735 
232 0.0882376 0.0315376 
233 0.0916785 0.0314028 
234 0.0912884 0.0312692 
235 0.0909016 0.0311367 
236 0.0939018 0.0310053 
237 0.0905397 0.030875 
238 0.0901609 0.0307459 
239 0.0864367 0.0306178 
240 0.0823637 0.0304907 
241 0.0820233 0.0303647 
242 0.0843044 0.0302398 
243 0.087768 0.0301158 
244 0.0874097 0.0299929 
245 0.0870544 0.029871 
246 0.0857036 0.02975 
247 0.0887502 0.0290928 
248 0.0853814 0.0280667 
249 0.0836815 0.0279544 
250 0.0799915 0.027843 
251 0.0833665 0.0285692 
252 0.0817765 0.0284563 
253 0.0814545 0.0283442 
254 0.0844438 0.0282331 
255 0.0811684 0.0281228 
256 0.0841402 0.0280134 
257 0.0867443 0.0279048 
258 0.0838534 0.0277971 
259 0.0806156 0.0270285 
260 0.0789289 0.026925 
261 0.0753937 0.0252388 
262 0.0730072 0.0251428 
263 0.0764588 0.023348 
264 0.0795714 0.0232599 
265 0.0823431 0.0231725 
266 0.0845114 0.0230857 
267 0.0869164 0.0229995 
268 0.0886568 0.023905 
269 0.090683 0.0238165 
270 0.0896325 0.0237286 
271 0.0911216 0.0236413 
272 0.0927441 0.0241577 
273 0.0920367 0.0240695 
274 0.0901747 0.023982 
275 0.0918 0.0238951 
276 0.093008 0.0242081 
277 0.09415 0.0241317 
278 0.0948746 0.0240452 
279 0.0940387 0.0239593 
280 0.0926115 0.0238741 
281 0.093846 0.0237894 
282 0.0944887 0.0237054 
283 0.095268 0.0236219 
284 0.0949337 0.023539 
285 0.09402 0.023623 
286 0.0925586 0.0235407 
287 0.0922372 0.0234589 
288 0.0903478 0.0233778 
289 0.091978 0.0232971 
290 0.0920143 0.0232171 
291 0.0901272 0.0231376 
292 0.0878848 0.0230586 
293 0.0875859 0.0229802 
294 0.0895348 0.0229023 
295 0.0911591 0.0228249 
296 0.09243 0.0227481 
297 0.0933054 0.0226717 
298 0.0937219 0.0225959 
299 0.0935811 0.0225206 
300 0.0932702 0.0224458 
301 0.0931485 0.0223714 
302 0.092841 0.0222976 
303 0.0925356 0.0222243 
304 0.0922322 0.0221514 
305 0.0919308 0.022079 
306 0.0916314 0.0220071 
307 0.0913339 0.0219356 
308 0.0910383 0.0218646 
309 0.0907446 0.0217941 
310 0.0904528 0.021724 
311 0.0901629 0.0216544 
312 0.0898749 0.0215852 
313 0.0895886 0.0215165 
314 0.0893042 0.0214482 
315 0.0890216 0.0213803 
316 0.0887408 0.0213128 
317 0.0884617 0.0212458 
318 0.0881844 0.0211792 
319 0.0879089 0.021113 
320 0.087635 0.0210473 
321 0.0873628 0.0209819 
322 0.0870924 0.0209169 
323 0.0868236 0.0208524 
324 0.0865564 0.0207882 
325 0.0862909 0.0207245 
326 0.086027 0.0206611 
327 0.0857647 0.0205981 
328 0.0855041 0.0205355 
329 0.0852449 0.0204733 
330 0.0849874 0.0204114 
331 0.0847314 0.0203499 
332 0.084477 0.0202888 
333 0.0842241 0.0202281 
334 0.0839726 0.0201677 
335 0.0837227 0.0201077 
336 0.0834743 0.020048 
337 0.0832273 0.0199887 
338 0.0829818 0.0199297 
339 0.0827377 0.0198711 
340 0.0824951 0.0198128 
341 0.0822539 0.0197549 
342 0.0820141 0.0196973 
343 0.0817757 0.01964 
344 0.0815386 0.0195831 
345 0.081303 0.0195265 
346 0.0810687 0.0194702 
347 0.0808357 0.0194143 
348 0.0806041 0.0193587 
349 0.0803738 0.0193034 
350 0.0801448 0.0192484 
351 0.0799171 0.0191937 
352 0.0796907 0.0191393 
353 0.0794656 0.0190852 
354 0.0792418 0.0190315 
355 0.0790192 0.018978 
356 0.0786513 0.0189249 
357 0.0784316 0.0187029 
358 0.0782131 0.0188719 
359 0.0779959 0.0188195 
360 0.0774229 0.0187673 
361 0.0772091 0.0187155 
362 0.0769964 0.0186639 
363 0.0767848 0.0191401 
364 0.0765745 0.0195875 
365 0.0758932 0.019534 
366 0.0756864 0.0194808 
367 0.0748891 0.0194278 
368 0.0746861 0.020075 
369 0.0744843 0.0200208 
370 0.0736478 0.0199668 
371 0.0734498 0.0199131 
372 0.0732529 0.0198597 
373 0.0731076 0.0198066 
374 0.0722065 0.0197538 
375 0.0720145 0.0204828 
376 0.0718786 0.0204285 
377 0.0716885 0.0203198 
378 0.0708282 0.0209924 
379 0.0700516 0.0215623 
380 0.0694378 0.0219516 
381 0.0692561 0.0218942 
382 0.0690752 0.0219671 
383 0.0688954 0.0219099 
384 0.0687164 0.021853 
385 0.0685384 0.0217964 
386 0.0683613 0.02174 
387 0.0681851 0.021684 
388 0.0680098 0.0216283 
389 0.0678354 0.02123 
390 0.0682175 0.0206456 
391 0.0680435 0.0205929 
392 0.0678703 0.0205405 
393 0.0683743 0.0204884 
394 0.0688328 0.0204365 
395 0.0686589 0.0203849 
396 0.068486 0.0203336 
397 0.0683139 0.0202825 
398 0.0681427 0.019749 
399 0.0686527 0.020303 
400 0.0684815 0.0202523 
401 0.0683111 0.0207214 
402 0.0689181 0.02067 
403 0.0687475 0.0206188 
404 0.0692416 0.0205679 
405 0.069071 0.0205173 
406 0.0689013 0.0204669 
407 0.0687325 0.0204167 
408 0.0685644 0.0206618 
409 0.0690745 0.0206114 
410 0.0689064 0.0205612 
411 0.0691703 0.0205113 
412 0.0690028 0.0204617 
413 0.0688362 0.0204122 
414 0.0686703 0.0203631 
415 0.0685052 0.0204222 
416 0.068128 0.0203733 
417 0.0687687 0.0203245 
418 0.0683302 0.020276 
419 0.0681675 0.0202277 
420 0.0680056 0.0201797 
421 0.0678444 0.0201497 
422 0.067684 0.0201021 
423 0.0682098 0.0200547 
424 0.0680493 0.0200075 
425 0.0681993 0.0199605 
426 0.0680395 0.0199138 
427 0.0678806 0.0198672 
428 0.0677223 0.0198209 
429 0.0675649 0.0197748 
430 0.0674081 0.0197289 
431 0.0672521 0.0196833 
432 0.0670967 0.0196378 
433 0.0669421 0.0195926 
434 0.0667882 0.0195475 
435 0.0666351 0.0195027 
436 0.0664826 0.0194581 
437 0.0663308 0.0194136 
438 0.0661797 0.0193694 
439 0.0660293 0.0193254 
440 0.0658796 0.0192816 
441 0.0657305 0.019238 
442 0.0655821 0.0191945 
443 0.0654344 0.0191513 
444 0.0652874 0.0191083 
445 0.065141 0.0190654 
446 0.0649953 0.0190228 
447 0.0648502 0.0189803 
448 0.0647058 0.018938 
449 0.064562 0.0188959 
450 0.0644188 0.0188541 
451 0.0642763 0.0188123 
452 0.0641344 0.0187708 
453 0.0639931 0.0187295 
454 0.0638525 0.0186883 
455 0.0637125 0.0186473 
456 0.0635731 0.0186065 
457 0.0634343 0.0185659 
458 0.063296 0.0185254 
459 0.0631584 0.0184852 
460 0.0630214 0.0184451 
461 0.062885 0.0184051 
462 0.0627492 0.0183654 
463 0.062614 0.0183258 
464 0.0624793 0.0182864 
465 0.0623453 0.0182472 
466 0.0622117 0.0182081 
467 0.0620788 0.0181692 
468 0.0619465 0.0181304 
469 0.0618147 0.0180919 
470 0.0616834 0.0180535 
471 0.0615527 0.0180152 
472 0.0614226 0.0179771 
473 0.061293 0.0179392 
474 0.061164 0.0179014 
475 0.0610355 0.0178638 
476 0.0609075 0.0178264 
477 0.0607801 0.0177891 
478 0.0606532 0.0177519 
479 0.0602297 0.017715 
480 0.0607126 0.0176781 
481 0.0605867 0.0176414 
482 0.0601414 0.0176049 
483 0.0600172 0.0175685 
484 0.0605137 0.0175323 
485 0.0607302 0.0174962 
486 0.0606055 0.0174603 
487 0.0604813 0.0174245 
488 0.0603576 0.0173889 
489 0.0602344 0.0173534 
490 0.0601117 0.0173181 
491 0.0599895 0.0172829 
492 0.0598679 0.0172478 
493 0.0597467 0.0172129 
494 0.059626 0.0171781 
495 0.0595058 0.0171435 
496 0.059386 0.017109 
497 0.0592668 0.0170747 
498 0.0590955 0.0170404 
499 0.0589773 0.0170064 
500 0.0588596 0.0169724 
501 0.0587424 0.0169386 
502 0.0580839 0.0169049 
503 0.0579687 0.0168714 
504 0.0578539 0.016838 
505 0.0577395 0.0168047 
506 0.0576256 0.0164441 
507 0.0575122 0.0164118 
508 0.0573992 0.0163795 
509 0.0565532 0.0163474 
510 0.0555247 0.0156673 
511 0.0554163 0.0156367 
512 0.0553083 0.0163945 
513 0.054525 0.0163626 
514 0.0544191 0.017066 
515 0.0543137 0.0170329 
516 0.0542086 0.017 
517 0.0539234 0.0169672 
518 0.0543074 0.0174632 
519 0.0542029 0.0174296 
520 0.0536952 0.0173962 
521 0.0535923 0.0173628 
522 0.0535855 0.0173296 
523 0.0535778 0.0172966 
524 0.0535691 0.0168117 
525 0.0535594 0.0167798 
526 0.0534578 0.0167479 
527 0.0534474 0.0168202 
528 0.0533464 0.0167884 
529 0.0527492 0.015948 
530 0.0526498 0.0148934 
531 0.0525509 0.0148654 
532 0.0536491 0.0149984 
533 0.0535486 0.0154125 
534 0.0534485 0.0156962 
535 0.0533488 0.0156669 
536 0.0532495 0.0156377 
537 0.0531505 0.0156086 
538 0.0530519 0.0155797 
539 0.0529537 0.0155508 
540 0.0528558 0.0156878 
541 0.05434 0.0156589 
542 0.0542399 0.01563 
543 0.0553319 0.0156013 
544 0.0552303 0.0155727 
545 0.0551292 0.0155442 
546 0.0550284 0.0155157 
547 0.054928 0.0154874 
548 0.0548279 0.0154592 
549 0.0554558 0.0154311 
550 0.0553551 0.0154031 
551 0.0552548 0.0153752 
552 0.0552526 0.0153474 
553 0.0551529 0.0153197 
554 0.0550535 0.0152921 
555 0.0549545 0.0152646 
556 0.0548558 0.0152372 
557 0.0547575 0.0152099 
558 0.0546596 0.0151827 
559 0.054562 0.0151555 
560 0.0544647 0.0151285 
561 0.0543678 0.0151016 
562 0.0542712 0.0150748 
563 0.054175 0.0150481 
564 0.0540791 0.0150214 
565 0.0539836 0.0149949 
566 0.0538884 0.0149684 
567 0.0537935 0.0149421 
568 0.053699 0.0149158 
569 0.0536047 0.0148897 
570 0.0535109 0.0148636 
571 0.0534173 0.0148376 
572 0.0533241 0.0148117 
573 0.0532312 0.0147859 
574 0.0531386 0.0147602 
575 0.0530464 0.0147346 
576 0.0529544 0.014709 
577 0.0528628 0.0146836 
578 0.0527715 0.0146582 
579 0.0526805 0.0146329 
580 0.0525899 0.0146078 
581 0.0524995 0.0145827 
582 0.0524094 0.0145576 
583 0.0523197 0.0145327 
584 0.0522303 0.0145079 
585 0.0521411 0.0144831 
586 0.0520523 0.0144584 
587 0.0519638 0.0144339 
588 0.0518756 0.0144093 
589 0.0517876 0.0143849 
590 0.0517 0.0143606 
591 0.0516127 0.0143363 
592 0.0515256 0.0143122 
593 0.0514389 0.0142881 
594 0.0513524 0.014264 
595 0.0512663 0.0142401 
596 0.0511804 0.0142163 
597 0.0510948 0.0141925 
598 0.0510095 0.0141688 
599 0.0509245 0.0141452 
600 0.0508398 0.0141216 
601 0.0507553 0.0140982 
602 0.0506712 0.0140748 
603 0.0505873 0.0140515 
604 0.0505036 0.0140283 
605 0.0504203 0.0140051 
606 0.0503372 0.0139821 
607 0.0502545 0.0139591 
608 0.0501719 0.0139361 
609 0.0500897 0.0139133 
610 0.0500077 0.0138905 
611 0.049926 0.0138678 
612 0.0498445 0.0138452 
613 0.0497634 0.0138226 
614 0.0496825 0.0138002 
615 0.0496018 0.0137778 
616 0.0495214 0.0137554 
617 0.0494413 0.0137332 
618 0.0491934 0.013711 
619 0.0491141 0.0136889 
620 0.049035 0.0136668 
621 0.0489561 0.0136449 
622 0.048462 0.013623 
623 0.0483844 0.0136011 
624 0.0476925 0.0135794 
625 0.0476164 0.0135577 
626 0.0467587 0.0135361 
627 0.0466842 0.0135145 
628 0.0457121 0.013493 
629 0.0456395 0.0134716 
630 0.0445468 0.0134502 
631 0.0444763 0.013429 
632 0.0444061 0.0133704 
633 0.044336 0.0133493 
634 0.0432496 0.0133283 
635 0.0432959 0.0133073 
636 0.0433412 0.0131741 
637 0.0421913 0.0129814 
638 0.0421253 0.0129611 
639 0.0410131 0.0126341 
640 0.0399512 0.0122354 
641 0.0404633 0.0122164 
642 0.0393816 0.0121974 
643 0.0394375 0.0126006 
644 0.0393764 0.0119681 
645 0.038925 0.012704 
646 0.0394686 0.0126843 
647 0.0394077 0.0126648 
648 0.039347 0.0126452 
649 0.0402075 0.0126258 
650 0.0401457 0.0132619 
651 0.0390535 0.0132416 
652 0.0389937 0.0132213 
653 0.0389341 0.0132011 
654 0.0388746 0.0141521 
655 0.0388154 0.0149653 
656 0.0386887 0.0155918 
657 0.0381547 0.0160538 
658 0.0382819 0.0162523 
659 0.0389301 0.0162276 
660 0.0388712 0.0162031 
661 0.0388125 0.0161786 
662 0.038754 0.0161542 
663 0.0386956 0.0161299 
664 0.0386374 0.0161056 
665 0.0396276 0.0160815 
666 0.0395682 0.0160573 
667 0.0395089 0.0160333 
668 0.0404402 0.016361 
669 0.0403799 0.0163366 
670 0.0403197 0.0165017 
671 0.0402597 0.0164772 
672 0.0401999 0.0164527 
673 0.0401402 0.0164283 
674 0.0400808 0.0164039 
675 0.0400215 0.0163797 
676 0.0399624 0.0163555 
677 0.0399034 0.0163313 
678 0.041114 0.0163073 
679 0.0410535 0.0162833 
680 0.0409933 0.0162594 
681 0.0409331 0.0162356 
682 0.0408732 0.0162118 
683 0.0408135 0.0161881 
684 0.0419108 0.0161645 
685 0.0418497 0.0161409 
686 0.0417888 0.0161174 
687 0.0417281 0.016094 
688 0.0416675 0.0160706 
689 0.0416071 0.0160473 
690 0.0415469 0.0160241 
691 0.0414868 0.0160009 
692 0.0424666 0.0159778 
693 0.0433341 0.0159548 
694 0.0432717 0.0159319 
695 0.0432096 0.015909 
696 0.0439555 0.0158862 
697 0.0438926 0.0158634 
698 0.0438298 0.0158407 
699 0.0437672 0.0158181 
700 0.0443814 0.0157955 
701 0.0443181 0.015773 
702 0.0442551 0.0157506 
703 0.0441922 0.0157282 
704 0.0446618 0.0157059 
705 0.0449693 0.0156836 
706 0.0449057 0.0156615 
707 0.0448423 0.0156393 
708 0.0449591 0.0156173 
709 0.0448958 0.0155953 
710 0.0448326 0.0155733 
711 0.0447697 0.0155515 
712 0.0447069 0.0155297 
713 0.0446443 0.0155079 
714 0.0445818 0.0154862 
715 0.0445195 0.0154646 
716 0.0444575 0.015443 
717 0.0443955 0.0154215 
718 0.0443338 0.0154001 
719 0.0442722 0.0153787 
720 0.0442108 0.0153573 
721 0.0441496 0.0153361 
722 0.0440885 0.0153149 
723 0.0440276 0.0152937 
724 0.0439669 0.0152726 
725 0.0439063 0.0152516 
726 0.0438459 0.0152306 
727 0.0437857 0.0152097 
728 0.0437256 0.0151888 
729 0.0436657 0.015168 
730 0.043606 0.0151473 
731 0.0435464 0.0151266 
732 0.0436427 0.0151059 
733 0.0435832 0.0150854 
734 0.0435239 0.0150648 
735 0.0434648 0.0150444 
736 0.0434058 0.0150239 
737 0.043347 0.0150036 
738 0.0432883 0.0149833 
739 0.0432298 0.014963 
740 0.0431715 0.0149428 
741 0.0431133 0.0149227 
742 0.0430553 0.0149026 
743 0.0429974 0.0148826 
744 0.0429397 0.0148626 
745 0.0428821 0.0148427 
746 0.0428247 0.0148228 
747 0.0427675 0.014803 
748 0.0427104 0.0147832 
749 0.0426534 0.0147635 
750 0.0425966 0.0147439 
751 0.0422858 0.0147243 
752 0.0415421 0.0147047 
753 0.041487 0.0146852 
754 0.0414321 0.0146658 
755 0.0403986 0.0146464 
756 0.0403452 0.014627 
757 0.0405427 0.0146077 
758 0.0404893 0.0145885 
759 0.040436 0.0145693 
760 0.0403829 0.0145501 
761 0.0403299 0.014531 
762 0.040277 0.014512 
763 0.0402243 0.014493 
764 0.0401717 0.0144741 
765 0.0401193 0.0144552 
766 0.040067 0.0144363 
767 0.0411937 0.0144175 
768 0.0420908 0.0143988 
769 0.0420361 0.0143801 
770 0.0426779 0.0143614 
771 0.0426227 0.0143428 
772 0.0429514 0.0143243 
773 0.0428959 0.0140318 
774 0.0428406 0.0140137 
775 0.0427854 0.0139956 
776 0.0427303 0.0139776 
777 0.0426754 0.0139596 
778 0.0426206 0.0139417 
779 0.042566 0.0139238 
780 0.0425115 0.013906 
781 0.0424571 0.0138779 
782 0.0424029 0.0149749 
783 0.0423488 0.0156255 
784 0.0422948 0.0156366 
785 0.042241 0.0156167 
786 0.0421873 0.0155969 
787 0.0421338 0.0155771 
788 0.0420804 0.0155574 
789 0.0420271 0.0155377 
790 0.041974 0.015518 
791 0.041921 0.0154984 
792 0.0418682 0.0154347 
793 0.0418154 0.0154152 
794 0.0417628 0.0142921 
795 0.0417104 0.0142742 
796 0.041658 0.0142563 
797 0.0416058 0.0138315 
798 0.0415537 0.0138142 
799 0.0415018 0.013797 
800 0.04145 0.0144807 
801 0.0413983 0.0144627 
802 0.0413468 0.0148283 
803 0.0412953 0.0148098 
804 0.041244 0.0147914 
805 0.0411929 0.0147731 
806 0.0411418 0.0147548 
807 0.0410909 0.0147365 
808 0.0410401 0.0147183 
809 0.0409894 0.0147001 
810 0.0409389 0.014682 
811 0.0408885 0.0146639 
812 0.0408382 0.0146459 
813 0.040788 0.0146279 
814 0.040738 0.0146099 
815 0.040688 0.014592 
816 0.0406382 0.0145742 
817 0.0405886 0.0145564 
818 0.040539 0.0145386 
819 0.0404896 0.0145209 
820 0.0404402 0.0145032 
821 0.0403911 0.0144855 
822 0.040342 0.0144679 
823 0.040293 0.0144504 
824 0.0402442 0.0144329 
825 0.0401955 0.0144154 
826 0.0401468 0.014398 
827 0.0400984 0.0143806 
828 0.04005 0.0143632 
829 0.0400017 0.0143459 
830 0.0399536 0.0143286 
831 0.0399056 0.0143114 
832 0.0398577 0.0142942 
833 0.0398099 0.0142771 
834 0.0396152 0.01426 
835 0.039427 0.014243 
836 0.0388609 0.0142259 
837 0.038499 0.014209 
838 0.0389071 0.014192 
839 0.038538 0.0141751 
840 0.0380332 0.0141583 
841 0.0385636 0.0141415 
842 0.0389811 0.0141247 
843 0.0392709 0.0141079 
844 0.0384578 0.0140913 
845 0.0382248 0.0140746 
846 0.0378367 0.014058 
847 0.0368252 0.0140414 
848 0.0375737 0.0140249 
849 0.0369788 0.0140084 
850 0.0374642 0.0139919 
851 0.0384506 0.0139755 
852 0.039255 0.0139591 
853 0.039209 0.0139427 
854 0.0384999 0.0139264 
855 0.0376346 0.0139102 
856 0.0366413 0.0138939 
857 0.0372454 0.0138777 
858 0.0361432 0.0138616 
859 0.0361012 0.0138455 
860 0.0367073 0.0138294 
861 0.0370729 0.0138133 
862 0.0371243 0.0137973 
863 0.0359746 0.0137814 
864 0.0347342 0.0137654 
865 0.0346941 0.0137495 
866 0.034654 0.0137337 
867 0.0352624 0.0137179 
868 0.0352218 0.0137021 
869 0.0351813 0.0136863 
870 0.0357072 0.0136706 
871 0.0361495 0.0136549 
872 0.0365041 0.0136393 
873 0.0364624 0.0136237 
874 0.0353339 0.0136081 
875 0.0341142 0.0135926 
876 0.0340753 0.0135771 
877 0.0340365 0.0135616 
878 0.0339978 0.0135462 
879 0.0339591 0.0135308 
880 0.0326618 0.0135154 
881 0.0330714 0.0135001 
882 0.0333952 0.0134848 
883 0.0333574 0.0134696 
884 0.0336031 0.0134544 
885 0.0344954 0.0134392 
886 0.0353057 0.013424 
887 0.0360365 0.0134089 
888 0.0366888 0.0133938 
889 0.0371245 0.0133788 
890 0.0370828 0.0133638 
891 0.0376911 0.0133488 
892 0.0376489 0.0133338 
893 0.0376068 0.0133189 
894 0.0375648 0.013304 
895 0.0375229 0.0132892 
896 0.037481 0.0132744 
897 0.0378658 0.0132596 
898 0.0381622 0.0132448 
899 0.0381198 0.0132301 
900 0.038715 0.0132154 
901 0.0386721 0.0132008 
902 0.0386292 0.0131862 
903 0.0391383 0.0131716 
904 0.0395598 0.013157 
905 0.0395162 0.0131425 
906 0.0394726 0.013128 
907 0.0394291 0.0131136 
908 0.039733 0.0130991 
909 0.0396894 0.0130847 
910 0.0396458 0.0130704 
911 0.0400052 0.013056 
912 0.0399614 0.0128912 
913 0.040195 0.0128771 
914 0.0401511 0.012863 
915 0.0402728 0.0124935 
916 0.0402289 0.0124799 
917 0.0401851 0.0124663 
918 0.0403836 0.0124527 
919 0.0403397 0.0124392 
920 0.0404596 0.0129427 
921 0.0404158 0.0129286 
922 0.040372 0.0129146 
923 0.040381 0.0129007 
924 0.0403124 0.0128867 
925 0.0402689 0.0128728 
926 0.0405027 0.0140792 
927 0.040459 0.015082 
928 0.0403329 0.0150658 
929 0.040148 0.0150496 
930 0.0401049 0.0150334 
931 0.0403678 0.01579 
932 0.0405119 0.015773 
933 0.0404685 0.0157561 
934 0.0403889 0.0161954 
935 0.040183 0.0161781 
936 0.0398506 0.0161609 
937 0.0394113 0.0161436 
938 0.0398596 0.0161265 
939 0.0398172 0.0161093 
940 0.0401743 0.0160922 
941 0.0401317 0.0160751 
942 0.0400891 0.0160581 
943 0.0400466 0.016041 
944 0.0400043 0.0160241 
945 0.039665 0.0160071 
946 0.0400241 0.0159902 
947 0.0402833 0.0159734 
948 0.0402408 0.0159565 
949 0.0401985 0.0159397 
950 0.0401562 0.015923 
951 0.039927 0.0159062 
952 0.0398851 0.0158896 
953 0.0398433 0.0158729 
954 0.0398016 0.0158563 
955 0.0397599 0.0158397 
956 0.0397184 0.0158231 
957 0.0399806 0.0158066 
958 0.0397464 0.0157901 
959 0.039705 0.0157737 
960 0.0396637 0.0157573 
961 0.0393148 0.0157409 
962 0.039274 0.0157246 
963 0.0396394 0.0157082 
964 0.0395983 0.015692 
965 0.0395573 0.015463 
966 0.0397285 0.0148666 
967 0.0394492 0.0148512 
968 0.0395978 0.0150437 
969 0.0392723 0.0150282 
970 0.0393887 0.0150127 
971 0.0393482 0.0149973 
972 0.0393078 0.0156911 
973 0.0389369 0.015675 
974 0.038897 0.0161688 
975 0.0388571 0.0161522 
976 0.0383954 0.0161357 
977 0.03842 0.0161192 
978 0.0379138 0.0163882 
979 0.0377977 0.0163715 
980 0.0375925 0.0163548 
981 0.0375542 0.0163382 
982 0.0370362 0.0163215 
983 0.0369985 0.0163049 
984 0.0367462 0.0162884 
985 0.0367089 0.0162719 
986 0.0363841 0.0163213 
987 0.0363473 0.0163048 
988 0.0358249 0.0162883 
989 0.0354105 0.0162718 
990 0.0348527 0.0162554 
991 0.0344003 0.016239 
992 0.0343657 0.0162227 
993 0.0337762 0.0162064 
994 0.0337422 0.0161901 
995 0.0337084 0.0161738 
996 0.0336746 0.0161576 
997 0.0336408 0.0161414 
998 0.0336071 0.0161252 
999 0.0329614 0.0161091 
1000 0.0325078 0.016093 
1100 0.0317495 0.0146313 
1200 0.0312175 0.0133297 
1300 0.0291477 0.0123052 
1400 0.0293937 0.0149266 
1500 0.0333104 0.0139321 
1600 0.0323464 0.0106339 
1700 0.033133 0.0114454 
1800 0.0281868 0.0106117 
1900 0.0281121 0.0117445 
2000 0.0268462 0.0118512 
2100 0.0244878 0.00934552 
2200 0.0289162 0.00923681 
2300 0.0259654 0.00791167 
2400 0.0257298 0.00887883 
2500 0.0250686 0.0074806 
2600 0.0238136 0.0072538 
2700 0.025807 0.0097336 
2800 0.0253047 0.00787713 
2900 0.0278402 0.00767252 
3000 0.027671 0.00869067 
3100 0.0282386 0.00715005 
3200 0.0287165 0.00746198 
3300 0.030148 0.00813088 
3400 0.0261028 0.00736962 
3500 0.0284708 0.00700365 
3600 0.0271363 0.0074246 
3700 0.0287767 0.00745704 
3800 0.0275709 0.00705065 
3900 0.0274871 0.00616344 
4000 0.027346 0.00682127 
4100 0.0259387 0.00677285 
4200 0.0275217 0.0053326 
4300 0.0273702 0.0055006 
4400 0.0270084 0.00587424 
4500 0.0267407 0.00544343 
4600 0.0261595 0.00532512 
4700 0.0256045 0.00521034 
4800 0.0251299 0.00469447 
4900 0.0246172 0.00459868 
5000 0.0241397 0.00469858 
5100 0.0237641 0.00462287 
5200 0.0233097 0.00453399 
5300 0.02287 0.00444846 
5400 0.0219956 0.00387029 
5500 0.0217868 0.00372957 
5600 0.0217179 0.00499005 
5700 0.0213986 0.00503299 
5800 0.0209616 0.0039941 
5900 0.0208322 0.00398048 
6000 0.0183432 0.00478167 
6100 0.0191064 0.00455102 
6200 0.0179605 0.00390975 
6300 0.0180932 0.00395279 
6400 0.0168481 0.00424138 
6500 0.0166642 0.00476558 
6600 0.0173029 0.00374655 
6700 0.0177479 0.00407136 
6800 0.0173376 0.00368124 
6900 0.0184121 0.00466408 
7000 0.0161385 0.00440336 
7100 0.015923 0.00337902 
7200 0.0152471 0.00408892 
7300 0.0159218 0.00347115 
7400 0.0149248 0.00457781 
7500 0.0167494 0.0046073 
7600 0.0156012 0.00393255 
7700 0.0172118 0.00402285 
7800 0.0180549 0.00383256 
7900 0.0167147 0.0037489 
8000 0.0177555 0.00433414 
8100 0.0171294 0.00438428 
8200 0.0167997 0.00349791 
8300 0.0172806 0.00363512 
8400 0.0176306 0.00363876 
8500 0.01642 0.00366917 
8600 0.0178091 0.00444783 
8700 0.0175454 0.0043941 
8800 0.0154189 0.00356395 
8900 0.0171413 0.0035692 
9000 0.0177574 0.00375837 
9100 0.0161573 0.00327734 
9200 0.0165939 0.00433889 
9300 0.0169159 0.00445903 
9400 0.0154776 0.00352123 
9500 0.016607 0.00350919 
9600 0.0177358 0.00363095 
9700 0.0168031 0.00346922 
9800 0.0172405 0.00433816 
9900 0.0172689 0.00409874 
10000 0.015976 0.00321668 
10100 0.0164883 0.00350953 
10200 0.0164403 0.00343191 
10300 0.0158939 0.00292326 
10400 0.0163961 0.00414459 
10500 0.0164738 0.0041655 
10600 0.0162815 0.00364989 
10700 0.0167147 0.00355474 
10800 0.0170411 0.00338923 
10900 0.0162058 0.0040227 
11000 0.0164811 0.00378547 
11100 0.0171445 0.00425443 
11200 0.0166441 0.00414183 
11300 0.0161974 0.0037292 
11400 0.0168957 0.00349956 
11500 0.0174062 0.00338253 
11600 0.0170622 0.00322967 
11700 0.0156173 0.0038008 
11800 0.015506 0.00366177 
11900 0.0160173 0.00395986 
12000 0.0163971 0.00378837 
12100 0.0157238 0.00384914 
12200 0.0163609 0.00378073 
12300 0.0165774 0.0034317 
12400 0.0159135 0.00356293 
12500 0.0156865 0.00389766 
12600 0.0162689 0.00361694 
12700 0.0165888 0.00359099 
12800 0.016687 0.00354876 
12900 0.0162185 0.00355713 
13000 0.0161164 0.00354361 
13100 0.0165295 0.00313328 
13200 0.0165068 0.00301505 
13300 0.0163827 0.00299238 
13400 0.01622 0.00305108 
13500 0.0158972 0.00332206 
13600 0.015594 0.00349393 
13700 0.0159874 0.00325282 
13800 0.0158767 0.00322925 
13900 0.0157625 0.00320602 
14000 0.0156499 0.00318312 
14100 0.0155389 0.00316054 
14200 0.0154295 0.00313829 
14300 0.0152792 0.00315008 
14400 0.0151653 0.00315376 
14500 0.0151321 0.00299217 
14600 0.0150828 0.00294334 
14700 0.0149802 0.00292331 
14800 0.014879 0.00290356 
14900 0.0147791 0.00288408 
15000 0.0146806 0.00286485 
15100 0.0145834 0.00284588 
15200 0.0144874 0.00282716 
15300 0.0143928 0.00280868 
15400 0.0142993 0.00279045 
15500 0.0142071 0.00277244 
15600 0.014116 0.00275467 
15700 0.0140261 0.00273713 
15800 0.0139079 0.00277057 
15900 0.0137129 0.00276313 
16000 0.0137554 0.002876 
16100 0.0137425 0.00294386 
16200 0.0136577 0.00292569 
16300 0.0135739 0.00290774 
16400 0.0134911 0.00289001 
16500 0.0134094 0.0028725 
16600 0.0133484 0.0028552 
16700 0.0132825 0.0028381 
16800 0.0131701 0.00277815 
16900 0.0130218 0.00263583 
17000 0.0128336 0.00268455 
17100 0.0130277 0.00236962 
17200 0.0129668 0.00234701 
17300 0.0128919 0.00233344 
17400 0.0128178 0.00232003 
17500 0.0127445 0.00230678 
17600 0.0126721 0.00229367 
17700 0.0126005 0.00228071 
17800 0.0124568 0.00234852 
17900 0.0121449 0.00263442 
18000 0.0119161 0.0026253 
18100 0.012062 0.00269457 
18200 0.0115643 0.00281774 
18300 0.0114247 0.00281551 
18400 0.0108991 0.00280021 
18500 0.01104 0.00278507 
18600 0.0109511 0.0027701 
18700 0.0109481 0.00272926 
18800 0.0106844 0.002449 
18900 0.0101995 0.00270661 
19000 0.0106938 0.00235621 
19100 0.0107429 0.00226679 
19200 0.0114141 0.00231726 
19300 0.0112433 0.00230526 
19400 0.0109338 0.00229338 
19500 0.0105954 0.00228161 
19600 0.0107461 0.00226997 
19700 0.0103488 0.00218537 
19800 0.0102114 0.00243612 
19900 0.00994614 0.00259164 
20000 0.00980697 0.00268751 
20100 0.0105626 0.00267414 
20200 0.0101332 0.0026609 
20300 0.00983147 0.00264779 
20400 0.00992018 0.00263481 
20500 0.00993696 0.00262196 
20600 0.00889423 0.00260923 
20700 0.00837011 0.00195206 
20800 0.00852975 0.00219273 
20900 0.00925534 0.00222731 
21000 0.00973498 0.00221671 
21100 0.00996828 0.0022062 
21200 0.00976042 0.00219579 
21300 0.00996793 0.00218549 
21400 0.0097789 0.00217527 
21500 0.00930321 0.00202631 
21600 0.00930456 0.00217628 
21700 0.00938752 0.00258672 
21800 0.00979046 0.00257485 
21900 0.0101163 0.00256309 
22000 0.0102597 0.00255144 
22100 0.00997702 0.0025399 
22200 0.0100972 0.00252846 
22300 0.00969249 0.00251712 
22400 0.00943176 0.00175767 
22500 0.00985252 0.00215277 
22600 0.0103466 0.00214873 
22700 0.01085 0.00213926 
22800 0.0108895 0.00212988 
22900 0.010884 0.00212058 
23000 0.0108005 0.00211136 
23100 0.0102734 0.00210222 
23200 0.0094805 0.00202819 
23300 0.00919186 0.00199027 
23400 0.00962539 0.00246413 
23500 0.0103298 0.00249776 
23600 0.0107298 0.00248718 
23700 0.0106846 0.00247668 
23800 0.0106379 0.00246628 
23900 0.0105002 0.00245596 
24000 0.00972952 0.00244573 
24100 0.00912261 0.00218488 
24200 0.00905193 0.00195726 
24300 0.00926485 0.00209088 
24400 0.00997216 0.00208231 
24500 0.010018 0.00207381 
24600 0.00998879 0.00206538 
24700 0.00956518 0.00205702 
24800 0.00876735 0.00204872 
24900 0.00945025 0.00201256 
25000 0.00963889 0.00211538 
25100 0.00891485 0.00245659 
25200 0.00882565 0.00244684 
25300 0.00950261 0.00243717 
25400 0.00924771 0.00242757 
25500 0.00943757 0.00241806 
25600 0.00944451 0.00240861 
25700 0.00930471 0.00239924 
25800 0.00861786 0.00238994 
25900 0.00848571 0.00177964 
26000 0.00803302 0.00200721 
26100 0.00800133 0.00204846 
26200 0.00863227 0.00204064 
26300 0.00888176 0.00203288 
26400 0.00905159 0.00202518 
26500 0.00904064 0.00201754 
26600 0.00795938 0.00200995 
26700 0.00798234 0.00200243 
26800 0.00881191 0.00186551 
26900 0.00928004 0.0018661 
27000 0.00913398 0.00216151 
27100 0.00836823 0.00238747 
27200 0.0081118 0.0023787 
27300 0.00871061 0.00236998 
27400 0.00871803 0.00236133 
27500 0.00875888 0.00235275 
27600 0.00854588 0.00234422 
27700 0.0087351 0.00233576 
27800 0.00836812 0.00232736 
27900 0.00749336 0.00231902 
28000 0.00782205 0.00206141 
28100 0.00755264 0.001983 
28200 0.00775149 0.00198808 
28300 0.00839527 0.00198105 
28400 0.00836547 0.00197408 
28500 0.0084391 0.00196715 
28600 0.00812282 0.00196027 
28700 0.00810116 0.00195344 
28800 0.00795313 0.00194666 
28900 0.00753018 0.00193993 
29000 0.00767413 0.00193324 
29100 0.0083997 0.00178173 
29200 0.00861316 0.00208376 
29300 0.00821401 0.00217278 
29400 0.00744163 0.00230141 
29500 0.00793848 0.00229361 
29600 0.00807682 0.00228586 
29700 0.00825424 0.00227816 
29800 0.00823289 0.00227052 
29900 0.007839 0.00226292 
30000 0.00776578 0.00225538 
30100 0.00780059 0.00224789 
30200 0.00763977 0.00224044 
30300 0.00719255 0.00223305 
30400 0.00714279 0.00195415 
30500 0.00723777 0.00221709 
30600 0.00718323 0.00186117 
30700 0.00750108 0.00185387 
30800 0.00779125 0.00189323 
30900 0.00771981 0.0018871 
31000 0.00780599 0.00188102 
31100 0.00775596 0.00187497 
31200 0.00797709 0.00186896 
31300 0.00781058 0.00186299 
31400 0.0079668 0.00185706 
31500 0.00788668 0.00185116 
31600 0.00775275 0.00183822 
31700 0.00737743 0.00174118 
31800 0.00719132 0.00190798 
31900 0.00744907 0.00217641 
32000 0.00732666 0.00201372 
32100 0.00749257 0.00195261 
32200 0.00762945 0.00214942 
32300 0.00770298 0.00216704 
32400 0.00771202 0.00216035 
32500 0.00767181 0.00215371 
32600 0.00743767 0.0021471 
32700 0.0075688 0.00214053 
32800 0.00763735 0.00213401 
32900 0.00788784 0.00212752 
33000 0.00799457 0.00212107 
33100 0.00792845 0.00211467 
33200 0.00788167 0.0021083 
33300 0.0070913 0.00206286 
33400 0.00683494 0.00189777 
33500 0.00717158 0.00210652 
33600 0.00680215 0.00184911 
33700 0.00667706 0.00176748 
33800 0.00719183 0.00178617 
33900 0.0077399 0.0017809 
34000 0.00788851 0.00177566 
34100 0.00798594 0.00177045 
34200 0.00758245 0.00176528 
34300 0.00759166 0.00176013 
34400 0.00725 0.00175501 
34500 0.00727365 0.00174993 
34600 0.00731418 0.00174487 
34700 0.00714708 0.00173984 
34800 0.00708776 0.00173484 
34900 0.0065915 0.00172987 
35000 0.00735716 0.0016677 
35100 0.00784394 0.00184183 
35200 0.00800942 0.00205221 
35300 0.00792796 0.00200196 
35400 0.00753735 0.00187952 
35500 0.00690032 0.00205276 
35600 0.00662849 0.002047 
35700 0.00685743 0.00204126 
35800 0.0071491 0.00203556 
35900 0.00711659 0.00202989 
36000 0.00718174 0.00202425 
36100 0.00698077 0.00201865 
36200 0.00729633 0.00201307 
36300 0.00735472 0.00200752 
36400 0.00752402 0.00200201 
36500 0.00752997 0.00199652 
36600 0.00728649 0.00199107 
36700 0.00666143 0.00198564 
36800 0.00697276 0.00194427 
36900 0.0071132 0.00172946 
37000 0.00696526 0.00169007 
37100 0.00663069 0.0016891 
37200 0.00677284 0.00169513 
37300 0.00717783 0.00169058 
37400 0.00706017 0.00168606 
37500 0.00684075 0.00168157 
37600 0.00682747 0.0016771 
37700 0.00694432 0.00167265 
37800 0.00695576 0.00166822 
37900 0.00678839 0.00166382 
38000 0.00683727 0.00165944 
38100 0.0068891 0.00165509 
38200 0.00681545 0.00165075 
38300 0.00651142 0.00164644 
38400 0.00657032 0.00164149 
38500 0.00717754 0.00155258 
38600 0.00739421 0.00177805 
38700 0.00722311 0.00171209 
38800 0.00689188 0.00193269 
38900 0.00619711 0.00195472 
39000 0.00671118 0.00194971 
39100 0.00713552 0.00194472 
39200 0.00702086 0.00193976 
39300 0.00689383 0.00193483 
39400 0.00685751 0.00192992 
39500 0.00682028 0.00192503 
39600 0.00701032 0.00192017 
39700 0.0067938 0.00191533 
39800 0.00704796 0.00191052 
39900 0.00705442 0.00190573 
40000 0.00680758 0.00190097 
40100 0.00612073 0.00189623 
40200 0.00650123 0.00174185 
40300 0.00686357 0.00175181 
40400 0.00651413 0.0015015 
40500 0.0062944 0.00161841 
40600 0.00658599 0.00161473 
40700 0.00667493 0.00161076 
40800 0.006731 0.00160681 
40900 0.00693549 0.00160289 
41000 0.0069237 0.00159898 
41100 0.00699302 0.00159509 
41200 0.00718994 0.00159121 
41300 0.00715926 0.00158736 
41400 0.00691828 0.00158353 
41500 0.0068186 0.00157971 
41600 0.00657251 0.00157591 
41700 0.00624241 0.00155643 
41800 0.00653752 0.00158975 
41900 0.00655053 0.0017243 
42000 0.00631288 0.00173021 
42100 0.00656878 0.00185042 
42200 0.00682513 0.00186855 
42300 0.00692579 0.00186413 
42400 0.0069707 0.00185973 
42500 0.0070241 0.00185536 
42600 0.00697557 0.001851 
42700 0.00690897 0.00184667 
42800 0.00682104 0.00184235 
42900 0.00682935 0.00183806 
43000 0.00668067 0.00183378 
43100 0.006609 0.00182953 
43200 0.00660853 0.00182529 
43300 0.00639247 0.00182108 
43400 0.00610303 0.00175459 
43500 0.00636368 0.0016365 
43600 0.0060646 0.00147142 
43700 0.00569968 0.00154715 
43800 0.00608955 0.00155024 
43900 0.00630391 0.0015467 
44000 0.00647293 0.00154319 
44100 0.00646212 0.00153969 
44200 0.00643037 0.00153621 
44300 0.00646077 0.00153274 
44400 0.00640889 0.00152929 
44500 0.00655875 0.00152585 
44600 0.00646868 0.00152243 
44700 0.00633576 0.00151902 
44800 0.00592203 0.00151563 
44900 0.0057363 0.00147445 
45000 0.00613673 0.00145765 
45100 0.00634064 0.00160068 
45200 0.00622682 0.00159362 
45300 0.00576946 0.00176512 
45400 0.00600335 0.00179694 
45500 0.00632675 0.00179299 
45600 0.0065224 0.00178906 
45700 0.00646186 0.00178514 
45800 0.00657958 0.00178125 
45900 0.00681782 0.00177737 
46000 0.00691053 0.0017735 
46100 0.00688528 0.00176965 
46200 0.00673906 0.00176582 
46300 0.0068604 0.00176201 
46400 0.00668738 0.00175821 
46500 0.00634734 0.00175443 
46600 0.00637428 0.00165522 
46700 0.00657054 0.00159453 
46800 0.00619196 0.00146452 
46900 0.00629629 0.0014758 
47000 0.0066526 0.00149182 
47100 0.0067609 0.00148865 
47200 0.00683933 0.0014855 
47300 0.00692117 0.00148236 
47400 0.00691082 0.00147923 
47500 0.00684833 0.00147612 
47600 0.00686458 0.00147302 
47700 0.00686717 0.00146993 
47800 0.00683074 0.00146685 
47900 0.00661908 0.00146379 
48000 0.00628973 0.00145296 
48100 0.00611459 0.00135681 
48200 0.00584708 0.00160357 
48300 0.00609193 0.00166759 
48400 0.00593187 0.00151226 
48500 0.00581337 0.00167987 
48600 0.00607935 0.00173258 
48700 0.00645825 0.00172902 
48800 0.00659301 0.00172548 
48900 0.00679433 0.00172195 
49000 0.0067227 0.00171844 
49100 0.00670034 0.00171494 
49200 0.00666533 0.00171145 
49300 0.00648523 0.00170798 
49400 0.0063018 0.00170452 
49500 0.00617371 0.00170108 
49600 0.00619763 0.00169765 
49700 0.00594225 0.00169423 
49800 0.0055017 0.00167799 
49900 0.00564287 0.001523 
50000 0.0056162 0.00157536 
50100 0.00585573 0.0013231 
50200 0.00598086 0.0014086 
50300 0.00624256 0.00143584 
50400 0.00637463 0.00143303 
50500 0.00655082 0.00143019 
50600 0.00652798 0.00142736 
50700 0.00654514 0.00142455 
50800 0.00666035 0.00142174 
50900 0.00667423 0.00141895 
51000 0.0066759 0.00141617 
51100 0.00673079 0.0014134 
51200 0.00680559 0.00141063 
51300 0.00661171 0.00139609 
51400 0.00633459 0.00133283 
51500 0.00601674 0.0013923 
51600 0.00605078 0.00159858 
51700 0.00603475 0.00160247 
51800 0.00608724 0.00148486 
51900 0.00620262 0.00156214 
52000 0.00643627 0.00165018 
52100 0.00649008 0.00166095 
52200 0.00650596 0.00165824 
52300 0.00638755 0.00165506 
52400 0.00650345 0.00165191 
52500 0.00650667 0.00164876 
52600 0.00656519 0.00164563 
52700 0.00654572 0.0016425 
52800 0.00650398 0.00163939 
52900 0.00646128 0.00163629 
53000 0.00647136 0.00163321 
53100 0.00630126 0.00160838 
53200 0.00623885 0.00146643 
53300 0.00602879 0.00160642 
53400 0.00607 0.00163093 
53500 0.00595269 0.00150612 
53600 0.00614687 0.00130638 
53700 0.00647729 0.0013783 
53800 0.00656051 0.00137676 
53900 0.00651322 0.00137421 
54000 0.00647285 0.00137166 
54100 0.00640813 0.00136913 
54200 0.00641099 0.0013666 
54300 0.00650966 0.00136409 
54400 0.00643865 0.00136158 
54500 0.0064414 0.00135908 
54600 0.00620651 0.00135659 
54700 0.00595769 0.00135216 
54800 0.00587933 0.00131386 
54900 0.00551477 0.00124646 
55000 0.00530021 0.00139664 
55100 0.00549865 0.00157565 
55200 0.00547971 0.0015812 
55300 0.00532545 0.00147847 
55400 0.00539227 0.00144399 
55500 0.00567082 0.00153581 
55600 0.00591186 0.00159004 
55700 0.00599251 0.00159262 
55800 0.00616651 0.00158977 
55900 0.00628865 0.00158692 
56000 0.00637536 0.00158409 
56100 0.00628419 0.00158126 
56200 0.00622019 0.00157845 
56300 0.00630039 0.00157565 
56400 0.0062496 0.00157285 
56500 0.00628429 0.00157007 
56600 0.0063371 0.0015673 
56700 0.00621735 0.00155595 
56800 0.00593977 0.00144389 
56900 0.00571454 0.00142706 
57000 0.0057021 0.00155278 
57100 0.00555632 0.001484 
57200 0.00558196 0.00122688 
57300 0.0057805 0.00130411 
57400 0.00588362 0.00132275 
57500 0.00589602 0.00132045 
57600 0.00576102 0.00131815 
57700 0.00576826 0.00131587 
57800 0.00576106 0.00131359 
57900 0.0058523 0.00131133 
58000 0.00596445 0.00130906 
58100 0.00618901 0.00130681 
58200 0.00594621 0.00130457 
58300 0.00580796 0.00130233 
58400 0.00563557 0.00129474 
58500 0.00553869 0.00123439 
58600 0.00532171 0.00125591 
58700 0.00518337 0.00141618 
58800 0.00537691 0.00146079 
58900 0.00524522 0.00136013 
59000 0.0055061 0.001456 
59100 0.00575473 0.00153928 
59200 0.00591668 0.00153749 
59300 0.00611826 0.00153489 
59400 0.00617881 0.00153231 
59500 0.00621717 0.00152974 
59600 0.00616463 0.00152717 
59700 0.00622011 0.00152461 
59800 0.00624578 0.00152206 
59900 0.00626152 0.00151952 
60000 0.00624718 0.00151699 
60100 0.00621536 0.00151446 
60200 0.00604985 0.00151195 
60300 0.00580879 0.00147309 
60400 0.0055876 0.00132537 
60500 0.00571046 0.00145323 
60600 0.00561749 0.00132901 
60700 0.00597791 0.00121423 
60800 0.00606349 0.00125746 
60900 0.0060682 0.00127422 
61000 0.00600177 0.00127214 
61100 0.00602588 0.00127005 
61200 0.0059345 0.00126798 
61300 0.0058836 0.00126591 
61400 0.00597385 0.00126385 
61500 0.00594599 0.00126179 
61600 0.00607586 0.00125975 
61700 0.0059896 0.00125302 
61800 0.0057964 0.00122866 
61900 0.00558615 0.00117938 
62000 0.0053873 0.00123743 
62100 0.00538864 0.00132907 
62200 0.00531679 0.00136821 
62300 0.00543504 0.00135655 
62400 0.00558988 0.00142932 
62500 0.00570967 0.00148266 
62600 0.00598579 0.00148539 
62700 0.00596466 0.00148302 
62800 0.00598919 0.00148066 
62900 0.00605888 0.0014783 
63000 0.00601118 0.00147596 
63100 0.00602144 0.00147362 
63200 0.00602977 0.00147129 
63300 0.00588718 0.00146429 
63400 0.00565867 0.00136664 
63500 0.00555992 0.00132144 
63600 0.00563762 0.00130514 
63700 0.00589812 0.00115997 
63800 0.00605392 0.00123665 
63900 0.00604197 0.00124275 
64000 0.00612041 0.00124083 
64100 0.00613736 0.0012389 
64200 0.00619994 0.00123697 
64300 0.00619761 0.00123504 
64400 0.00617906 0.00123313 
64500 0.00615302 0.00123087 
64600 0.0060366 0.00122124 
64700 0.00587357 0.0011756 
64800 0.00566147 0.00117066 
64900 0.00560086 0.00125431 
65000 0.00561127 0.00126113 
65100 0.00578894 0.00138695 
65200 0.00594115 0.00143857 
65300 0.00604977 0.00145418 
65400 0.0061571 0.00145195 
65500 0.00615038 0.00144974 
65600 0.00614744 0.00144753 
65700 0.00614506 0.00144532 
65800 0.00613924 0.00144313 
65900 0.00610115 0.00144094 
66000 0.00595526 0.00142537 
66100 0.0058313 0.00132127 
66200 0.00563123 0.00128566 
66300 0.0057507 0.00123404 
66400 0.00587595 0.00111918 
66500 0.00607092 0.001173 
66600 0.00610014 0.00118134 
66700 0.00609869 0.00117957 
66800 0.00610753 0.00117781 
66900 0.00606754 0.00117605 
67000 0.00605338 0.00117429 
67100 0.00605222 0.00117239 
67200 0.0059945 0.00116258 
67300 0.00591504 0.00111438 
67400 0.00573104 0.00121309 
67500 0.00562231 0.00122719 
67600 0.00563588 0.00125397 
67700 0.00557673 0.00126611 
67800 0.00571614 0.00136113 
67900 0.00581228 0.00139608 
68000 0.00593807 0.00141344 
68100 0.00594107 0.00141474 
68200 0.00592933 0.00141267 
68300 0.00598268 0.0014106 
68400 0.00590818 0.00140219 
68500 0.00573553 0.00136488 
68600 0.0055836 0.00123829 
68700 0.00562696 0.00122708 
68800 0.00576041 0.00111378 
68900 0.00595221 0.00113238 
69000 0.00600567 0.00113412 
69100 0.00599744 0.00113248 
69200 0.00598525 0.00113084 
69300 0.00595988 0.00112921 
69400 0.00591012 0.00112487 
69500 0.00587041 0.00109862 
69600 0.00577427 0.00114767 
69700 0.00575809 0.00116894 
69800 0.00570202 0.0012079 
69900 0.00575711 0.00118268 
70000 0.00583885 0.00128219 
70100 0.00589228 0.00132697 
70200 0.00593796 0.00134801 
70300 0.00597936 0.00134892 
70400 0.00598024 0.00134701 
70500 0.00597176 0.0013451 
70600 0.0059633 0.00134319 
70700 0.00595333 0.00134016 
70800 0.00589521 0.00131286 
70900 0.00579164 0.00122901 
71000 0.00571597 0.00121414 
71100 0.00575164 0.00115678 
71200 0.00585153 0.00107194 
71300 0.00591236 0.00109703 
71400 0.0059166 0.00110029 
71500 0.00590833 0.00109875 
71600 0.00590007 0.00109722 
71700 0.00589184 0.00109569 
71800 0.00588364 0.00109416 
71900 0.00587546 0.00109264 
72000 0.0058673 0.00109112 
72100 0.00585916 0.00108961 
72200 0.00584834 0.00108701 
72300 0.00581582 0.00106752 
72400 0.00573403 0.00109134 
72500 0.0056822 0.00115775 
72600 0.00564987 0.00117821 
72700 0.00563839 0.00117814 
72800 0.00571717 0.00123432 
72900 0.00579246 0.00126206 
73000 0.0058013 0.00127048 
73100 0.00579336 0.00126874 
73200 0.00578545 0.00126701 
73300 0.00577755 0.00126528 
73400 0.00576968 0.00126355 
73500 0.00576183 0.00126184 
73600 0.00575401 0.00126012 
73700 0.0057462 0.00125841 
73800 0.00573841 0.00125671 
73900 0.00573065 0.00125501 
74000 0.0057229 0.00125331 
74100 0.00571518 0.00125162 
74200 0.00570748 0.00124993 
74300 0.00569988 0.00124808 
74400 0.00567865 0.00122128 
74500 0.00558788 0.00114562 
74600 0.00555386 0.00120055 
74700 0.00557101 0.00117795 
74800 0.00560773 0.00108363 
74900 0.00567336 0.00103041 
75000 0.00566619 0.00102907 
75100 0.00565864 0.0010277 
75200 0.00564998 0.00102633 
75300 0.00562374 0.00102497 
75400 0.00560019 0.00102361 
75500 0.00554401 0.00102226 
75600 0.00557135 0.0010209 
75700 0.00552783 0.00101756 
75800 0.0055617 0.00104045 
75900 0.00548862 0.00109243 
76000 0.00545739 0.00114219 
76100 0.00532693 0.0011869 
76200 0.00537105 0.00116898 
76300 0.00549796 0.00114294 
76400 0.00557778 0.00118219 
76500 0.00560869 0.00118987 
76600 0.00559889 0.00118831 
76700 0.0055998 0.00118676 
76800 0.00559855 0.00118522 
76900 0.00559501 0.00118368 
77000 0.00558694 0.00118214 
77100 0.00558175 0.00118061 
77200 0.0055843 0.00117908 
77300 0.00558206 0.00117755 
77400 0.0055659 0.00116831 
77500 0.00555418 0.0011311 
77600 0.00548334 0.00114158 
77700 0.00545944 0.00117074 
77800 0.00549782 0.00114262 
77900 0.00553479 0.00110331 
78000 0.00555305 0.00108403 
78100 0.00554594 0.00108264 
78200 0.00553884 0.00108126 
78300 0.00553177 0.00107988 
78400 0.00552471 0.0010785 
78500 0.00551768 0.00107712 
78600 0.00551066 0.00107575 
78700 0.00550366 0.00107439 
78800 0.00549667 0.00107302 
78900 0.0054897 0.00107166 
79000 0.00548276 0.00107031 
79100 0.00547582 0.00106895 
79200 0.00546389 0.00107313 
79300 0.00543706 0.00108076 
79400 0.00542552 0.00109637 
79500 0.00538527 0.00112541 
79600 0.00538842 0.0011423 
79700 0.00537994 0.00115111 
79800 0.00537393 0.00111626 
79900 0.00541069 0.00108919 
80000 0.0054303 0.00111162 
80100 0.00542389 0.00111026 
80200 0.00541713 0.00110888 
80300 0.00541038 0.0011075 
80400 0.00540366 0.00110612 
80500 0.00539694 0.00110475 
80600 0.00539025 0.00110338 
80700 0.00538357 0.00110201 
80800 0.0053769 0.00110064 
80900 0.00537026 0.00109928 
81000 0.00536363 0.00109793 
81100 0.00535702 0.00109657 
81200 0.00535042 0.00109522 
81300 0.0053212 0.00107397 
81400 0.00531429 0.00110273 
81500 0.00524004 0.00114109 
81600 0.00528287 0.00113697 
81700 0.00529303 0.00110669 
81800 0.00529729 0.00105712 
81900 0.00531613 0.00101446 
82000 0.00532052 0.000993846 
82100 0.00531404 0.000992635 
82200 0.00530758 0.000991428 
82300 0.00530113 0.000990223 
82400 0.0052947 0.000989021 
82500 0.00528828 0.000987823 
82600 0.00528188 0.000986627 
82700 0.00527549 0.000985434 
82800 0.00526912 0.000984244 
82900 0.00526276 0.000983056 
83000 0.00525643 0.000981872 
83100 0.00523319 0.00100153 
83200 0.00520577 0.00102774 
83300 0.00517053 0.00106536 
83400 0.00513007 0.00109955 
83500 0.00514545 0.00109175 
83600 0.00515982 0.00105049 
83700 0.0052126 0.00107048 
83800 0.00521898 0.00107607 
83900 0.00521276 0.00107479 
84000 0.00520655 0.00107351 
84100 0.00520036 0.00107223 
84200 0.00519419 0.00107096 
84300 0.00518802 0.00106969 
84400 0.00518188 0.00106842 
84500 0.00517574 0.00106716 
84600 0.00516963 0.0010659 
84700 0.00516352 0.00106464 
84800 0.00515743 0.00106338 
84900 0.00515136 0.00106213 
85000 0.00514385 0.0010593 
85100 0.00508883 0.00103229 
85200 0.00504467 0.00109418 
85300 0.00505261 0.00108048 
85400 0.00508104 0.00103047 
85500 0.00512873 0.00100555 
85600 0.005127 0.0010023 
85700 0.00512102 0.00100113 
85800 0.00511505 0.000999959 
85900 0.0051091 0.000998795 
86000 0.00510316 0.000997633 
86100 0.00509723 0.000996475 
86200 0.00509132 0.000995319 
86300 0.00508542 0.000994165 
86400 0.00507953 0.000993015 
86500 0.00507366 0.000991867 
86600 0.0050678 0.000990721 
86700 0.005052 0.00100023 
86800 0.00497264 0.00103366 
86900 0.00492082 0.00105636 
87000 0.004862 0.00106365 
87100 0.00492372 0.00103125 
87200 0.00498797 0.00103899 
87300 0.00502297 0.0010691 
87400 0.00503432 0.00107436 
87500 0.00502857 0.00107313 
87600 0.00502283 0.0010719 
87700 0.0050171 0.00107068 
87800 0.00501139 0.00106946 
87900 0.00500569 0.00106824 
88000 0.005 0.00106703 
88100 0.00499402 0.00106581 
88200 0.00489518 0.00103054 
88300 0.0047943 0.00106045 
88400 0.00485704 0.00105719 
88500 0.00492964 0.00100288 
88600 0.00495854 0.000957649 
88700 0.00497807 0.000918896 
88800 0.00497376 0.000917344 
88900 0.00496816 0.000916312 
89000 0.00496258 0.000915282 
89100 0.00494817 0.000935187 
89200 0.00493024 0.000964495 
89300 0.00489407 0.00100894 
89400 0.00483815 0.00104813 
89500 0.00482801 0.00107419 
89600 0.00487339 0.00106785 
89700 0.00488875 0.00103547 
89800 0.00491187 0.0010012 
89900 0.00491915 0.000998185 
90000 0.00492367 0.00100605 
90100 0.00491821 0.00100494 
90200 0.00491275 0.00100382 
90300 0.00490731 0.00100271 
90400 0.00490188 0.0010016 
90500 0.00489484 0.000999424 
90600 0.00481325 0.00100287 
90700 0.00480777 0.00105034 
90800 0.00479695 0.00106439 
90900 0.0047987 0.00103708 
91000 0.00479337 0.000965007 
91100 0.00484688 0.000873638 
91200 0.00488604 0.000883233 
91300 0.0048828 0.000882266 
91400 0.00487182 0.000879277 
91500 0.00483087 0.000884927 
91600 0.00475715 0.000929469 
91700 0.00464398 0.00100078 
91800 0.00462211 0.00106384 
91900 0.00461993 0.00105873 
92000 0.00468172 0.000992388 
92100 0.00475084 0.00101085 
92200 0.00481267 0.00104653 
92300 0.00484138 0.00105742 
92400 0.0048395 0.00105851 
92500 0.00483427 0.00105737 
92600 0.00480541 0.00103775 
92700 0.00475104 0.000996006 
92800 0.0046623 0.00100869 
92900 0.00457353 0.00106616 
93000 0.00452922 0.00103787 
93100 0.0045382 0.000929648 
93200 0.00465635 0.000873653 
93300 0.00477949 0.000911091 
93400 0.00481082 0.000919599 
93500 0.00480519 0.000918423 
93600 0.0047785 0.000910219 
93700 0.00469823 0.000890831 
93800 0.00461446 0.000861335 
93900 0.00455824 0.000976486 
94000 0.00447995 0.00104426 
94100 0.00441114 0.00110183 
94200 0.00446329 0.00106452 
94300 0.00454011 0.00100715 
94400 0.00460859 0.00096904 
94500 0.00469117 0.0010155 
94600 0.00470516 0.00105142 
94700 0.00472681 0.00107507 
94800 0.00474148 0.00108142 
94900 0.00469552 0.00105243 
95000 0.00457875 0.000995252 
95100 0.00447988 0.00100715 
95200 0.0044543 0.00108349 
95300 0.00445783 0.00108632 
95400 0.00445009 0.000986066 
95500 0.00450209 0.000859833 
95600 0.00462306 0.000904105 
95700 0.00471015 0.000920602 
95800 0.00470236 0.000919127 
95900 0.00467046 0.000905589 
96000 0.00458673 0.000880138 
96100 0.00447498 0.000877171 
96200 0.00436888 0.000938897 
96300 0.00425954 0.00101895 
96400 0.00415941 0.00104978 
96500 0.00423833 0.000995987 
96600 0.00436736 0.000972927 
96700 0.00445953 0.00103667 
96800 0.00456611 0.00106888 
96900 0.00459467 0.0010765 
97000 0.00456971 0.00106691 
97100 0.00454149 0.00101514 
97200 0.00439985 0.000956368 
97300 0.00431017 0.00105392 
97400 0.00427098 0.00109086 
97500 0.00434273 0.00104899 
97600 0.00441515 0.000942526 
97700 0.0046038 0.000851821 
97800 0.00465341 0.000898463 
97900 0.00464366 0.000900733 
98000 0.00457059 0.000884951 
98100 0.00451013 0.000848422 
98200 0.00442945 0.000942569 
98300 0.00435838 0.00101332 
98400 0.00428259 0.00107361 
98500 0.0042292 0.00107216 
98600 0.0042663 0.00100156 
98700 0.00436516 0.000981232 
98800 0.00447653 0.00104771 
98900 0.00459043 0.00107996 
99000 0.00467946 0.00108633 
99100 0.00472025 0.00108523 
99200 0.00468819 0.00108414 
99300 0.0045514 0.00107611 
99400 0.00445603 0.00103414 
99500 0.00434699 0.000941919 
99600 0.00423869 0.00102748 
99700 0.00427164 0.000998853 
99800 0.00439538 0.000843236 
99900 0.0045694 0.000882538 
100000 0.00465517 0.000908248 
110000 0.00437043 0.00105267 
120000 0.00356205 0.00099293 
130000 0.00412158 0.00107516 
140000 0.00393991 0.000911194 
150000 0.00387242 0.00108234 
160000 0.00349817 0.00105914 
170000 0.00364069 0.000895168 
180000 0.0032919 0.000971482 
190000 0.00314754 0.000933778 
200000 0.0035218 0.000700043 
210000 0.00330139 0.000864461 
220000 0.00319103 0.000841342 
230000 0.00306487 0.000663092 
240000 0.00305269 0.00066311 
250000 0.00294313 0.000799152 
260000 0.00285035 0.000718252 
270000 0.00271302 0.000634763 
280000 0.00279635 0.000643338 
290000 0.00259318 0.000643584 
300000 0.00239876 0.000648709 
310000 0.00219634 0.000654139 
320000 0.00270348 0.000662476 
330000 0.00271684 0.000663962 
340000 0.00256315 0.000726806 
350000 0.00196909 0.000804548 
360000 0.00273151 0.000808707 
370000 0.00248843 0.000682854 
380000 0.00253177 0.000812654 
390000 0.00262715 0.000808306 
400000 0.00244108 0.000673023 
410000 0.0024963 0.000763156 
420000 0.00229975 0.000690912 
430000 0.0024171 0.000664993 
440000 0.00210697 0.000787878 
450000 0.00226475 0.000662749 
460000 0.002109 0.000784242 
470000 0.00219523 0.000658661 
480000 0.0018713 0.00077757 
490000 0.00215169 0.000653107 
500000 0.00205164 0.000625641 
510000 0.00229575 0.00076219 
520000 0.00201461 0.000652337 
530000 0.00197679 0.00077094 
540000 0.00201447 0.000646706 
550000 0.00214457 0.00060687 
560000 0.00206108 0.000756885 
570000 0.00213595 0.000622052 
580000 0.00199542 0.000589946 
590000 0.0018651 0.000745903 
600000 0.00198485 0.000627448 
610000 0.00192048 0.000544709 
620000 0.00163604 0.000735992 
630000 0.00197117 0.000702878 
640000 0.00187166 0.000613132 
650000 0.0018034 0.000601023 
660000 0.00172105 0.00072013 
670000 0.00199923 0.00071468 
680000 0.00203996 0.000605277 
690000 0.00185536 0.000594131 
700000 0.0020022 0.000589967 
710000 0.00197399 0.000584969 
720000 0.00173946 0.000577112 
730000 0.00174838 0.000541953 
740000 0.0016573 0.000619939 
750000 0.00158265 0.000529269 
760000 0.00158407 0.000543263 
770000 0.00171817 0.000558771 
780000 0.00184577 0.000554761 
790000 0.00165012 0.000550961 
800000 0.00186015 0.000493555 
810000 0.00182551 0.000585388 
820000 0.00172996 0.000639077 
830000 0.0016032 0.000634859 
840000 0.00156765 0.000630846 
850000 0.00162784 0.000627031 
860000 0.00162483 0.000623127 
870000 0.00174806 0.000460826 
880000 0.00158767 0.000509593 
890000 0.00164429 0.000513538 
900000 0.00169356 0.000507758 
910000 0.00169279 0.000509208 
920000 0.00173548 0.000506291 
930000 0.00180129 0.000503077 
940000 0.00170483 0.000499756 
950000 0.00164309 0.00048247 
960000 0.00148652 0.000477034 
970000 0.00168601 0.000583417 
980000 0.00158563 0.000574538 
990000 0.00157589 0.000419855 
1000000 0.00170912 0.000482872 
1010000 0.0016785 0.00048021 
1020000 0.00151611 0.000373549 
1030000 0.00150532 0.000565744 
1040000 0.00144611 0.000535287 
1050000 0.00154344 0.000472685 
1060000 0.00156726 0.000468123 
1070000 0.00155415 0.000471474 
1080000 0.00153337 0.000554343 
1090000 0.00139481 0.000377213 
1100000 0.00153571 0.000463143 
1110000 0.00149521 0.000455006 
1120000 0.00144375 0.000545863 
1130000 0.00139488 0.000389808 
1140000 0.00127351 0.000443268 
1150000 0.0012138 0.000529179 
1160000 0.00134349 0.00048631 
1170000 0.00124574 0.000441782 
1180000 0.00133766 0.000367746 
1190000 0.00132983 0.000516783 
1200000 0.00124644 0.00044004 
1210000 0.00130562 0.000414593 
1220000 0.00133413 0.00037583 
1230000 0.00142055 0.000405783 
1240000 0.00139777 0.000466107 
1250000 0.0013874 0.00042377 
1260000 0.00139666 0.000415082 
1270000 0.00138231 0.000413478 
1280000 0.00141992 0.000386295 
1290000 0.00143735 0.000377441 
1300000 0.00142834 0.000372636 
1310000 0.0014128 0.000405874 
1320000 0.00140782 0.000414688 
1330000 0.001457 0.000445805 
1340000 0.0013722 0.000428526 
1350000 0.00135211 0.000389657 
1360000 0.00134216 0.00042261 
1370000 0.00126071 0.000436635 
1380000 0.0012286 0.000432473 
1390000 0.00131469 0.000442881 
1400000 0.00134051 0.000415783 
1410000 0.00138296 0.000398367 
1420000 0.00129926 0.000406352 
1430000 0.00132481 0.000386301 
1440000 0.00140804 0.000367853 
1450000 0.00137808 0.000358295 
1460000 0.00139366 0.000345667 
1470000 0.00146171 0.000355173 
1480000 0.00141418 0.000354928 
1490000 0.00137826 0.000372831 
1500000 0.00142277 0.000397289 
1510000 0.00139934 0.000393501 
1520000 0.00141682 0.000375885 
1530000 0.0014161 0.000365475 
1540000 0.00142211 0.000395585 
1550000 0.00144271 0.000364784 
1560000 0.00138241 0.000369603 
1570000 0.00136132 0.000367726 
1580000 0.00143084 0.000348888 
1590000 0.00133632 0.000372718 
1600000 0.00138177 0.000359078 
1610000 0.00139549 0.00037146 
1620000 0.00138902 0.00038279 
1630000 0.00144677 0.000353129 
1640000 0.00144769 0.00037884 
1650000 0.00145099 0.000342165 
1660000 0.00143796 0.000349348 
1670000 0.00142407 0.000357752 
1680000 0.00148054 0.000353024 
1690000 0.0014491 0.000369991 
1700000 0.00145458 0.000337865 
1710000 0.00140103 0.000366463 
1720000 0.00141744 0.000336256 
1730000 0.00140517 0.000342751 
1740000 0.00138125 0.000362818 
1750000 0.00139541 0.000332337 
1760000 0.00136216 0.000347879 
1770000 0.00134395 0.000358043 
1780000 0.00138374 0.00034195 
1790000 0.00140749 0.000359627 
1800000 0.00136622 0.000351477 
1810000 0.00134617 0.000343958 
1820000 0.00132424 0.000332799 
1830000 0.00134966 0.000344403 
1840000 0.00129204 0.000333366 
1850000 0.00128242 0.000324669 
1860000 0.00130581 0.000322074 
1870000 0.00133506 0.000310153 
1880000 0.0013265 0.000317923 
1890000 0.00128989 0.000307774 
1900000 0.00130635 0.000291942 
1910000 0.0012821 0.000306262 
1920000 0.00129345 0.000304387 
1930000 0.00127218 0.00030846 
1940000 0.00127584 0.000314349 
1950000 0.00133344 0.000311076 
1960000 0.00137218 0.000295792 
1970000 0.00136849 0.000296968 
1980000 0.00134469 0.000311178 
1990000 0.0013102 0.000335685 
2000000 0.00129567 0.000337301 
2010000 0.00129393 0.000332302 
2020000 0.00127441 0.000314887 
2030000 0.00129406 0.000312787 
2040000 0.0012879 0.000305276 
2050000 0.00127483 0.000310275 
2060000 0.00126116 0.000311824 
2070000 0.00124429 0.000307199 
2080000 0.00123426 0.00030107 
2090000 0.00126862 0.000293124 
2100000 0.00126348 0.000277722 
2110000 0.00125364 0.000284727 
2120000 0.00122205 0.000310554 
2130000 0.00122038 0.000302214 
2140000 0.00122965 0.000329524 
2150000 0.00124085 0.000334679 
2160000 0.00126381 0.000335716 
2170000 0.00124918 0.000327207 
2180000 0.00122923 0.000291093 
2190000 0.00122506 0.000281691 
2200000 0.00123367 0.000270602 
2210000 0.00124406 0.000287701 
2220000 0.00120819 0.000281577 
2230000 0.00117513 0.000293211 
2240000 0.0011958 0.000339558 
2250000 0.00115784 0.000350208 
2260000 0.00115101 0.000306766 
2270000 0.00114775 0.000276782 
2280000 0.00117778 0.000292597 
2290000 0.00117341 0.0002799 
2300000 0.00115058 0.00028894 
2310000 0.00117824 0.000344657 
2320000 0.00110944 0.000297164 
2330000 0.00111548 0.000266719 
2340000 0.00107688 0.000293161 
2350000 0.00109204 0.000304089 
2360000 0.00114791 0.000271888 
2370000 0.00113012 0.000293815 
2380000 0.00116438 0.000283962 
2390000 0.00115909 0.000279215 
2400000 0.00116827 0.000280913 
2410000 0.00115163 0.000282462 
2420000 0.00114834 0.000295008 
2430000 0.00115358 0.000286836 
2440000 0.00118011 0.000277682 
2450000 0.00118124 0.000290854 
2460000 0.00117788 0.000310597 
2470000 0.00114638 0.000295037 
2480000 0.00119485 0.000259835 
2490000 0.0011514 0.000289084 
2500000 0.00117476 0.000293212 
2510000 0.00118015 0.000304585 
2520000 0.00114826 0.000290478 
2530000 0.00118841 0.000258043 
2540000 0.00113856 0.00029001 
2550000 0.00118462 0.00030079 
2560000 0.00116914 0.000311302 
2570000 0.00112478 0.000276789 
2580000 0.00116956 0.000262694 
2590000 0.00115609 0.000247691 
2600000 0.00115264 0.000260848 
2610000 0.00113855 0.000261662 
2620000 0.00116657 0.000279659 
2630000 0.00118208 0.000311492 
2640000 0.00116116 0.000297159 
2650000 0.00113574 0.000259705 
2660000 0.0011372 0.000248419 
2670000 0.00115642 0.000249641 
2680000 0.00116483 0.00025087 
2690000 0.00114252 0.000251989 
2700000 0.00113845 0.000258157 
2710000 0.00114853 0.000263429 
2720000 0.00114933 0.000289592 
2730000 0.00114826 0.00029268 
2740000 0.0011444 0.000290202 
2750000 0.00113609 0.000273942 
2760000 0.00112006 0.000242202 
2770000 0.00112217 0.000232122 
2780000 0.00113001 0.000246049 
2790000 0.0011244 0.000234134 
2800000 0.0011164 0.000220993 
2810000 0.00111358 0.000223841 
2820000 0.00111195 0.000223688 
2830000 0.00111375 0.000219374 
2840000 0.00110479 0.000220571 
2850000 0.00109936 0.000217075 
2860000 0.00109116 0.000219628 
2870000 0.00108564 0.000247353 
2880000 0.00109446 0.000283812 
2890000 0.00109507 0.000287421 
2900000 0.00107222 0.000236748 
2910000 0.00107456 0.000221645 
2920000 0.00108519 0.000234321 
2930000 0.00107408 0.00022016 
2940000 0.00106126 0.000218356 
2950000 0.00105836 0.000216771 
2960000 0.00105092 0.000222952 
2970000 0.00105314 0.000224933 
2980000 0.00104126 0.00023675 
2990000 0.00105095 0.000290049 
3000000 0.00105184 0.000293822 
3010000 0.00101932 0.000254286 
3020000 0.0010227 0.00021341 
3030000 0.00105198 0.000246693 
3040000 0.00101384 0.000211801 
3050000 0.00100589 0.000245484 
3060000 0.00102151 0.000267536 
3070000 0.00104172 0.000285939 
3080000 0.00102023 0.00024543 
3090000 0.00101883 0.000214455 
3100000 0.00103039 0.000231202 
3110000 0.000999969 0.000221931 
3120000 0.00103254 0.000280542 
3130000 0.001012 0.000217577 
3140000 0.00101924 0.000210395 
3150000 0.00102157 0.000262951 
3160000 0.00099837 0.000231849 
3170000 0.00101788 0.000220459 
3180000 0.00099725 0.000209439 
3190000 0.00100918 0.000275616 
3200000 0.000993626 0.000203392 
3210000 0.000999107 0.000214917 
3220000 0.00100394 0.000274548 
3230000 0.000973189 0.000207506 
3240000 0.000990111 0.000212671 
3250000 0.000992384 0.000267483 
3260000 0.000966561 0.000217088 
3270000 0.000991878 0.000214597 
3280000 0.000974639 0.000243242 
3290000 0.00096179 0.000223983 
3300000 0.000975375 0.000208249 
3310000 0.000982326 0.000248626 
3320000 0.000979461 0.000206178 
3330000 0.000973766 0.000248673 
3340000 0.000959745 0.000208609 
3350000 0.000949591 0.000217601 
3360000 0.000942364 0.000215019 
3370000 0.000950289 0.000202404 
3380000 0.000964482 0.000262384 
3390000 0.000952436 0.000204239 
3400000 0.000929565 0.000202874 
3410000 0.000956388 0.000264986 
3420000 0.000917581 0.000205867 
3430000 0.000937986 0.000206812 
3440000 0.000937425 0.000254778 
3450000 0.000917784 0.000236554 
3460000 0.000919988 0.000198255 
3470000 0.000926306 0.000200693 
3480000 0.000910515 0.000205058 
3490000 0.000926106 0.000238454 
3500000 0.000929794 0.000238814 
3510000 0.000917517 0.00021821 
3520000 0.000902984 0.000204792 
3530000 0.000902175 0.000201173 
3540000 0.00091416 0.000196166 
3550000 0.000904571 0.000197736 
3560000 0.000883183 0.000197336 
3570000 0.000893508 0.000229589 
3580000 0.000909705 0.00024219 
3590000 0.000907055 0.000238089 
3600000 0.000887495 0.000208353 
3610000 0.000885672 0.000189027 
3620000 0.000898339 0.000185776 
3630000 0.000903782 0.000197405 
3640000 0.00089195 0.000180802 
3650000 0.000893455 0.000229947 
3660000 0.000897888 0.000240415 
3670000 0.000881894 0.000186741 
3680000 0.000896191 0.000199691 
3690000 0.000882065 0.000175117 
3700000 0.000885314 0.000234383 
3710000 0.000884453 0.000236043 
3720000 0.000875971 0.000179151 
3730000 0.000888818 0.000190757 
3740000 0.000877931 0.000214761 
3750000 0.000875528 0.000219053 
3760000 0.000883788 0.00018667 
3770000 0.000879931 0.000227474 
3780000 0.000871434 0.000172963 
3790000 0.000869336 0.000175093 
3800000 0.000872966 0.000226399 
3810000 0.000873628 0.000181726 
3820000 0.000870116 0.000225566 
3830000 0.000866044 0.000168718 
3840000 0.000859172 0.000195824 
3850000 0.000857876 0.000203414 
3860000 0.000862876 0.000167799 
3870000 0.000861755 0.000229781 
3880000 0.000859755 0.000175805 
3890000 0.000856218 0.00022276 
3900000 0.000845697 0.000166898 
3910000 0.000844615 0.000165142 
3920000 0.000846446 0.000224662 
3930000 0.000850213 0.000179537 
3940000 0.00084842 0.000228581 
3950000 0.0008464 0.000174762 
3960000 0.000844628 0.000224938 
3970000 0.000842635 0.000176301 
3980000 0.000840853 0.000220551 
3990000 0.000838882 0.000176264 
4000000 0.000837098 0.000222633 
4010000 0.000835151 0.000171585 
4020000 0.000833402 0.000223135 
4030000 0.000831489 0.000178904 
4040000 0.000829734 0.000227524 
4050000 0.000827835 0.000174639 
4060000 0.000826118 0.000220654 
4070000 0.000824223 0.000172255 
4080000 0.000822518 0.000222273 
4090000 0.000820646 0.000171828 
4100000 0.000818929 0.000221155 
4110000 0.000813122 0.000168636 
4120000 0.000805071 0.000181542 
4130000 0.000805044 0.000201866 
4140000 0.000812004 0.000168608 
4150000 0.000810393 0.000219424 
4160000 0.000804705 0.000156349 
4170000 0.000799283 0.000180369 
4180000 0.000797146 0.000194475 
4190000 0.000802285 0.000165673 
4200000 0.000801982 0.000219906 
4210000 0.000800243 0.000169467 
4220000 0.000789967 0.000194708 
4230000 0.000792069 0.000202217 
4240000 0.000794311 0.000161898 
4250000 0.000788296 0.000178989 
4260000 0.000787507 0.000197584 
4270000 0.000789843 0.000163065 
4280000 0.000781983 0.000179856 
4290000 0.000785623 0.000206764 
4300000 0.000785106 0.000157761 
4310000 0.000778286 0.000173683 
4320000 0.000781836 0.000201433 
4330000 0.000777701 0.000152738 
4340000 0.000779596 0.000159784 
4350000 0.000773113 0.000175486 
4360000 0.000776402 0.000207379 
4370000 0.000768038 0.000164324 
4380000 0.000774023 0.000154168 
4390000 0.000771871 0.000195948 
4400000 0.00076936 0.000148091 
4410000 0.000769593 0.000195376 
4420000 0.000768012 0.00014646 
4430000 0.000766534 0.000189569 
4440000 0.000762454 0.000168495 
4450000 0.000763057 0.000146408 
4460000 0.000761792 0.000188744 
4470000 0.000760215 0.000143438 
4480000 0.000754106 0.000174476 
4490000 0.000752749 0.000145841 
4500000 0.000750836 0.00017562 
4510000 0.000748778 0.000167349 
4520000 0.000749146 0.00014502 
4530000 0.000747038 0.000180506 
4540000 0.000747421 0.000144372 
4550000 0.000745732 0.000190641 
4560000 0.00073989 0.000139971 
4570000 0.000737447 0.000158298 
4580000 0.00073751 0.000171435 
4590000 0.000736693 0.00013954 
4600000 0.000740988 0.00019178 
4610000 0.000739947 0.000147556 
4620000 0.000738 0.000190337 
4630000 0.000735264 0.000138187 
4640000 0.000732033 0.000161323 
4650000 0.000733194 0.00018269 
4660000 0.000732837 0.000145198 
4670000 0.000731498 0.000191706 
4680000 0.000730091 0.000148138 
4690000 0.000728774 0.000191007 
4700000 0.000727367 0.000142963 
4710000 0.000726069 0.000186562 
4720000 0.000724312 0.000143219 
4730000 0.000722152 0.000188899 
4740000 0.000722012 0.000147622 
4750000 0.000720709 0.000188855 
4760000 0.00071933 0.000144538 
4770000 0.000715616 0.000181563 
4780000 0.000716719 0.000142603 
4790000 0.000716363 0.00018107 
4800000 0.000714321 0.000142241 
4810000 0.000713354 0.000185881 
4820000 0.000703652 0.000143044 
4830000 0.000692383 0.000180019 
4840000 0.000693342 0.000146045 
4850000 0.000699113 0.00015282 
4860000 0.000697661 0.000174532 
4870000 0.0006761 0.000147101 
4880000 0.000668578 0.00018656 
4890000 0.000671644 0.000145699 
4900000 0.000646486 0.000172615 
4910000 0.000640151 0.000153906 
4920000 0.000638032 0.00015003 
4930000 0.000632443 0.000181046 
4940000 0.000625869 0.000143207 
4950000 0.000619274 0.000184694 
4960000 0.00061241 0.000142085 
4970000 0.000613962 0.000181612 
4980000 0.000632184 0.000143497 
4990000 0.000622439 0.000175328 
5000000 0.000605995 0.000145172 
5010000 0.000640186 0.000166862 
5020000 0.000648791 0.000158088 
5030000 0.000655112 0.000143527 
5040000 0.000660195 0.000169583 
5050000 0.000651676 0.000167172 
5060000 0.000638584 0.000142955 
5070000 0.000635017 0.00016034 
5080000 0.000630168 0.000170043 
5090000 0.000631367 0.000141017 
5100000 0.000651065 0.000166799 
5110000 0.000643897 0.000160919 
5120000 0.000658076 0.000140931 
5130000 0.00064566 0.000169303 
5140000 0.000658697 0.000138816 
5150000 0.000657615 0.000138584 
5160000 0.000653517 0.000171063 
5170000 0.00065987 0.000132745 
5180000 0.000659764 0.000166379 
5190000 0.00065863 0.000135417 
5200000 0.000655875 0.000168522 
5210000 0.00064879 0.000135182 
5220000 0.000654503 0.000168945 
5230000 0.000666643 0.00013607 
5240000 0.000667181 0.000162661 
5250000 0.000663059 0.000139593 
5260000 0.000669687 0.000140487 
5270000 0.000674163 0.00016464 
5280000 0.000663896 0.000148808 
5290000 0.000654408 0.000136981 
5300000 0.000656462 0.000134928 
5310000 0.000662573 0.000135027 
5320000 0.000658982 0.000136703 
5330000 0.000663974 0.000141001 
5340000 0.000656268 0.000151091 
5350000 0.000663834 0.000162402 
5360000 0.000673548 0.000152737 
5370000 0.000672534 0.00014192 
5380000 0.000674275 0.000140878 
5390000 0.000677424 0.000141136 
5400000 0.000678202 0.000143955 
5410000 0.000678903 0.000161809 
5420000 0.000676153 0.000157385 
5430000 0.000675102 0.000139127 
5440000 0.000678962 0.000138068 
5450000 0.000675255 0.000140099 
5460000 0.000671779 0.000152232 
5470000 0.000674172 0.000168631 
5480000 0.000667985 0.000159208 
5490000 0.000662822 0.000138836 
5500000 0.00067155 0.000130617 
5510000 0.000668079 0.000134989 
5520000 0.000665441 0.000153108 
5530000 0.000669077 0.000168713 
5540000 0.000661313 0.00013939 
5550000 0.000665138 0.000131579 
5560000 0.000666294 0.000131407 
5570000 0.000661321 0.000142668 
5580000 0.000664796 0.000168162 
5590000 0.00065625 0.000142467 
5600000 0.000657813 0.000128643 
5610000 0.000662147 0.000127201 
5620000 0.000658219 0.000145306 
5630000 0.000658786 0.000152501 
5640000 0.000660666 0.000128652 
5650000 0.000659678 0.000160452 
5660000 0.00065603 0.000127931 
5670000 0.000648809 0.000140205 
5680000 0.000647465 0.000146484 
5690000 0.000654231 0.000131902 
5700000 0.00065484 0.000165706 
5710000 0.000652755 0.00012944 
5720000 0.000649828 0.000156507 
5730000 0.000648755 0.000132354 
5740000 0.000643792 0.000138309 
5750000 0.000641726 0.000145439 
5760000 0.000646553 0.000128137 
5770000 0.000648005 0.000165699 
5780000 0.000636806 0.000130896 
5790000 0.000632087 0.00012985 
5800000 0.000645162 0.000169437 
5810000 0.000636781 0.000133042 
5820000 0.000621845 0.000133522 
5830000 0.000631427 0.000162292 
5840000 0.000641354 0.000140066 
5850000 0.000629044 0.000162589 
5860000 0.000620675 0.000129695 
5870000 0.000624983 0.000128781 
5880000 0.000637384 0.000168282 
5890000 0.000631885 0.000131946 
5900000 0.000620329 0.000141826 
5910000 0.000616936 0.000150182 
5920000 0.000634047 0.000134473 
5930000 0.000626557 0.000162963 
5940000 0.000616404 0.000128486 
5950000 0.000622619 0.000125413 
5960000 0.000627493 0.000165097 
5970000 0.000619479 0.000127823 
5980000 0.000610923 0.000126082 
5990000 0.00062393 0.000166278 
6000000 0.000615389 0.000124649 
6010000 0.00061225 0.00012113 
6020000 0.000615238 0.000148792 
6030000 0.00062056 0.000122205 
6040000 0.000617347 0.000155141 
6050000 0.00061934 0.000126457 
6060000 0.000618782 0.00016064 
6070000 0.000620485 0.000124623 
6080000 0.000617815 0.000160409 
6090000 0.000619274 0.000130784 
6100000 0.000618421 0.000163226 
6110000 0.000617575 0.000127673 
6120000 0.000616731 0.000157347 
6130000 0.000615891 0.000121906 
6140000 0.000613562 0.000152436 
6150000 0.0006082 0.000113365 
6160000 0.000609071 0.000113494 
6170000 0.000611578 0.000153811 
6180000 0.000611571 0.000120686 
6190000 0.000610747 0.000153934 
6200000 0.000608367 0.000111098 
6210000 0.000607592 0.000111827 
6220000 0.000608126 0.000150601 
6230000 0.000606986 0.00011582 
6240000 0.000599832 0.000113517 
6250000 0.000603456 0.000150448 
6260000 0.000604721 0.000115247 
6270000 0.000601912 0.000141162 
6280000 0.000602861 0.000146493 
6290000 0.000602162 0.000111184 
6300000 0.000601206 0.000111008 
6310000 0.000600412 0.000138248 
6320000 0.000599462 0.000138029 
6330000 0.000597346 0.000119889 
6340000 0.000597723 0.000110313 
6350000 0.000596782 0.00011014 
6360000 0.000595813 0.000134622 
6370000 0.000595092 0.000135551 
6380000 0.000594159 0.000135338 
6390000 0.000593407 0.000107683 
6400000 0.00059248 0.000107515 
6410000 0.000588818 0.000125507 
6420000 0.000590778 0.000139595 
6430000 0.000588178 0.000123965 
6440000 0.000589105 0.000107755 
6450000 0.000588192 0.000107588 
6460000 0.00058725 0.000107462 
6470000 0.000586554 0.000134767 
6480000 0.000585649 0.000134559 
6490000 0.000584746 0.000134351 
6500000 0.000584011 0.000105571 
6510000 0.000583114 0.000105409 
6520000 0.000582219 0.000105247 
6530000 0.000581519 0.00013231 
6540000 0.00058063 0.000132107 
6550000 0.000579744 0.000131906 
6560000 0.000579016 0.000105428 
6570000 0.000578134 0.000105268 
6580000 0.000576323 0.000106899 
6590000 0.000576564 0.000135141 
6600000 0.00057569 0.000134936 
6610000 0.000572665 0.000112933 
6620000 0.000574104 0.000105701 
6630000 0.000573238 0.000105542 
6640000 0.000571918 0.000106328 
6650000 0.000571693 0.000127127 
6660000 0.000570835 0.000126936 
6670000 0.000569979 0.000126746 
6680000 0.000569126 0.000126556 
6690000 0.000568475 0.000104765 
6700000 0.000567627 0.000104609 
6710000 0.000566781 0.000104453 
6720000 0.000565095 0.000109938 
6730000 0.00056525 0.0001303 
6740000 0.000564412 0.000130107 
6750000 0.000563202 0.00011645 
6760000 0.00056295 0.000104246 
6770000 0.000562118 0.000104092 
6780000 0.000561289 0.000103938 
6790000 0.000560462 0.000103785 
6800000 0.000559811 0.000120759 
6810000 0.000558989 0.000120582 
6820000 0.000558169 0.000120405 
6830000 0.000557352 0.000120229 
6840000 0.000556537 0.000120053 
6850000 0.000555725 0.000119878 
6860000 0.000554914 0.000119703 
6870000 0.000554107 0.000119529 
6880000 0.000553429 0.000109591 
6890000 0.000552626 0.000109431 
6900000 0.000551825 0.000109273 
6910000 0.000551026 0.000109115 
6920000 0.00055023 0.000108957 
6930000 0.000549436 0.0001088 
6940000 0.000548644 0.000108643 
6950000 0.000547855 0.000108487 
6960000 0.000547068 0.000108331 
6970000 0.000546283 0.000108175 
6980000 0.0005455 0.00010802 
6990000 0.00054472 0.000107866 
7000000 0.000543942 0.000107712 
7010000 0.000543166 0.000107558 
7020000 0.000542392 0.000107405 
7030000 0.00054162 0.000107252 
7040000 0.000540851 0.0001071 
7050000 0.000540084 0.000106948 
7060000 0.000539426 0.000113418 
7070000 0.000538663 0.000113258 
7080000 0.000537902 0.000113098 
7090000 0.000537144 0.000112938 
7100000 0.000536387 0.000112779 
7110000 0.000535633 0.00011262 
7120000 0.00053488 0.000112462 
7130000 0.00053413 0.000112304 
7140000 0.000533382 0.000112147 
7150000 0.000532636 0.00011199 
7160000 0.000531892 0.000111834 
7170000 0.00053115 0.000111678 
7180000 0.000530411 0.000111522 
7190000 0.000529826 0.000103184 
7200000 0.00052909 0.000103041 
7210000 0.000528356 0.000102898 
7220000 0.000527625 0.000102755 
7230000 0.000526895 0.000102613 
7240000 0.000526167 0.000102471 
7250000 0.000525441 0.00010233 
7260000 0.000524718 0.000102189 
7270000 0.000524147 0.000115255 
7280000 0.000523427 0.000115097 
7290000 0.000522709 0.000114939 
7300000 0.000521993 0.000114782 
7310000 0.000520668 0.000107513 
7320000 0.000520716 9.51541e-05 
7330000 0.000520006 9.50243e-05 
7340000 0.000519297 9.48948e-05 
7350000 0.00051872 0.000116117 
7360000 0.000518016 0.000115959 
7370000 0.000517313 0.000115801 
7380000 0.0005166 0.00011528 
7390000 0.000516047 9.93823e-05 
7400000 0.000515349 9.9248e-05 
7410000 0.000514654 9.9114e-05 
7420000 0.00051396 9.89805e-05 
7430000 0.000513268 9.88472e-05 
7440000 0.000512578 9.87144e-05 
7450000 0.00051189 9.85819e-05 
7460000 0.000511206 9.96848e-05 
7470000 0.000510719 0.000108595 
7480000 0.000510037 0.00010845 
7490000 0.000509356 0.000108305 
7500000 0.000508677 0.00010816 
7510000 0.000507999 0.000108016 
7520000 0.000507324 0.000107873 
7530000 0.00050665 0.000107729 
7540000 0.000505978 0.000107587 
7550000 0.000505308 0.000107444 
7560000 0.000504779 0.000100082 
7570000 0.000504144 9.97213e-05 
7580000 0.000503479 9.95898e-05 
7590000 0.000502816 9.94586e-05 
7600000 0.000502154 9.93277e-05 
7610000 0.000501494 9.91972e-05 
7620000 0.000500836 9.9067e-05 
7630000 0.00050018 9.89372e-05 
7640000 0.000499525 9.88077e-05 
7650000 0.000498872 9.86785e-05 
7660000 0.000498221 9.85497e-05 
7670000 0.000497571 9.84212e-05 
7680000 0.000496923 9.8293e-05 
7690000 0.000496277 9.81652e-05 
7700000 0.000495633 9.80377e-05 
7710000 0.00049499 9.79106e-05 
7720000 0.000494381 0.000102849 
7730000 0.000493836 0.000103873 
7740000 0.000493198 0.000103739 
7750000 0.000492562 0.000103605 
7760000 0.000491927 0.000103472 
7770000 0.000491294 0.000103338 
7780000 0.000490662 0.000103206 
7790000 0.000490032 0.000103073 
7800000 0.000489404 0.000102941 
7810000 0.000488777 0.000102809 
7820000 0.000488152 0.000102678 
7830000 0.000487529 0.000102546 
7840000 0.000486907 0.000102416 
7850000 0.000486287 0.000102285 
7860000 0.000485747 9.96594e-05 
7870000 0.000485163 9.87887e-05 
7880000 0.000484547 9.86633e-05 
7890000 0.000483933 9.85383e-05 
7900000 0.000483321 9.84135e-05 
7910000 0.00048271 9.82891e-05 
7920000 0.0004821 9.8165e-05 
7930000 0.000481492 9.80412e-05 
7940000 0.000481027 9.15087e-05 
7950000 0.000480422 9.13935e-05 
7960000 0.000479818 9.12787e-05 
7970000 0.000479216 9.11642e-05 
7980000 0.000478616 9.105e-05 
7990000 0.000478016 9.0936e-05 
8000000 0.000477419 9.08223e-05 
8010000 0.000476823 9.0709e-05 
8020000 0.000476228 9.05958e-05 
8030000 0.000475635 9.0483e-05 
8040000 0.000475163 0.000106461 
8050000 0.000474573 0.000106328 
8060000 0.000473984 0.000106196 
8070000 0.000473397 0.000106065 
8080000 0.000472811 0.000105934 
8090000 0.000472209 0.000105486 
8100000 0.000471785 8.50534e-05 
8110000 0.000471203 8.49485e-05 
8120000 0.000470623 8.48439e-05 
8130000 0.000470044 8.47395e-05 
8140000 0.000469467 8.46354e-05 
8150000 0.000468896 8.4543e-05 
8160000 0.000468464 0.000104928 
8170000 0.00046789 0.0001048 
8180000 0.000467318 0.000104671 
8190000 0.000466748 0.000104544 
8200000 0.000466179 0.000104416 
8210000 0.000465611 0.000104289 
8220000 0.000465056 8.63754e-05 
8230000 0.000464603 8.56184e-05 
8240000 0.000464039 8.55145e-05 
8250000 0.000463477 8.54109e-05 
8260000 0.000462916 8.53075e-05 
8270000 0.000462356 8.52043e-05 
8280000 0.000461798 8.51014e-05 
8290000 0.000461241 8.49988e-05 
8300000 0.000460301 0.000105598 
8310000 0.000460255 0.000107171 
8320000 0.000459702 0.000107043 
8330000 0.00045915 0.000106914 
8340000 0.000458706 8.23352e-05 
8350000 0.000458164 8.22259e-05 
8360000 0.000457616 8.21275e-05 
8370000 0.000457069 8.20294e-05 
8380000 0.000456073 0.000100701 
8390000 0.000456114 0.000105096 
8400000 0.000455571 0.000104971 
8410000 0.00045503 0.000104846 
8420000 0.000453042 9.28952e-05 
8430000 0.000454064 8.25427e-05 
8440000 0.000453526 8.24449e-05 
8450000 0.000452989 8.23473e-05 
8460000 0.000452454 8.225e-05 
8470000 0.00045192 8.21529e-05 
8480000 0.000451279 8.21334e-05 
8490000 0.000450971 9.8816e-05 
8500000 0.00045044 9.86997e-05 
8510000 0.000449911 9.85838e-05 
8520000 0.000449383 9.84681e-05 
8530000 0.000448856 9.83526e-05 
8540000 0.00044833 9.82375e-05 
8550000 0.000447806 9.81226e-05 
8560000 0.00044695 8.84094e-05 
8570000 0.000446885 8.29936e-05 
8580000 0.000446364 8.28969e-05 
8590000 0.000445845 8.28004e-05 
8600000 0.000445326 8.27041e-05 
8610000 0.000444809 8.2608e-05 
8620000 0.000444293 8.25122e-05 
8630000 0.000443474 8.74935e-05 
8640000 0.000443367 9.68229e-05 
8650000 0.000442855 9.67109e-05 
8660000 0.000442343 9.65993e-05 
8670000 0.000441833 9.64878e-05 
8680000 0.000441324 9.63767e-05 
8690000 0.000440306 8.77482e-05 
8700000 0.000440446 7.97229e-05 
8710000 0.000439941 7.96314e-05 
8720000 0.000439436 7.954e-05 
8730000 0.000438933 7.94489e-05 
8740000 0.00043855 9.77497e-05 
8750000 0.000438071 9.77537e-05 
8760000 0.000437571 9.76421e-05 
8770000 0.000437072 9.75307e-05 
8780000 0.000436517 9.69692e-05 
8790000 0.00043622 7.8752e-05 
8800000 0.000435725 7.86625e-05 
8810000 0.00043523 7.85733e-05 
8820000 0.000434737 7.84842e-05 
8830000 0.000434366 0.000101889 
8840000 0.000433874 0.000101773 
8850000 0.000433384 0.000101658 
8860000 0.000432845 7.89902e-05 
8870000 0.000432533 7.87226e-05 
8880000 0.000432046 7.86339e-05 
8890000 0.000431667 0.000105724 
8900000 0.000431185 0.000105608 
8910000 0.000428828 7.84946e-05 
8920000 0.000430329 8.11395e-05 
8930000 0.000428265 7.81364e-05 
8940000 0.000429488 0.000103866 
8950000 0.000429008 0.00010375 
8960000 0.000427964 7.86419e-05 
8970000 0.000428159 8.02155e-05 
8980000 0.00042768 8.01191e-05 
8990000 0.000427327 0.000103904 
9000000 0.000426853 0.000103789 
9010000 0.000423997 7.73218e-05 
9020000 0.000426012 8.27583e-05 
9030000 0.000421608 9.49931e-05 
9040000 0.000425183 0.000105766 
9050000 0.000423523 7.79773e-05 
9060000 0.000424359 8.06811e-05 
9070000 0.000421081 9.66758e-05 
9080000 0.000423545 0.000105505 
9090000 0.000422707 8.09931e-05 
9100000 0.000422725 8.20004e-05 
9110000 0.000422364 0.000105436 
9120000 0.000419448 0.000101584 
9130000 0.000421537 8.13294e-05 
9140000 0.000416034 8.36873e-05 
9150000 0.000420724 0.000107232 
9160000 0.000420373 8.65686e-05 
9170000 0.000411048 8.87495e-05 
9180000 0.000411036 9.82883e-05 
9190000 0.000419219 8.91812e-05 
9200000 0.000418869 0.000110146 
9210000 0.000418521 8.87073e-05 
9220000 0.000406919 8.86051e-05 
9230000 0.000405761 9.82036e-05 
9240000 0.000417375 9.00049e-05 
9250000 0.000417032 0.000110385 
9260000 0.000416696 9.15971e-05 
9270000 0.000405769 0.000107815 
9280000 0.000396804 7.87915e-05 
9290000 0.000395621 7.34895e-05 
9300000 0.000398713 0.000105215 
9310000 0.000414598 9.21423e-05 
9320000 0.000414636 0.000110019 
9330000 0.000414315 9.2186e-05 
9340000 0.000410882 0.000109904 
9350000 0.000400396 8.72409e-05 
9360000 0.000390161 8.13626e-05 
9370000 0.00039448 0.000105398 
9380000 0.000412576 9.15485e-05 
9390000 0.000412243 0.000109659 
9400000 0.000403115 8.80713e-05 
9410000 0.000397803 8.24289e-05 
9420000 0.000411148 0.000109449 
9430000 0.000410825 9.12377e-05 
9440000 0.000395976 9.9993e-05 
9450000 0.000397254 0.000101088 
9460000 0.000409758 8.88243e-05 
9470000 0.000403035 0.000105332 
9480000 0.000399841 9.94278e-05 
9490000 0.000408705 8.85023e-05 
9500000 0.00040328 0.00010481 
9510000 0.000400985 0.000101692 
9520000 0.000407635 8.84719e-05 
9530000 0.000403392 0.000107012 
9540000 0.000393738 8.37578e-05 
9550000 0.00040656 8.83094e-05 
9560000 0.000406233 0.000108071 
9570000 0.000395761 7.95413e-05 
9580000 0.000403488 8.70081e-05 
9590000 0.000405153 0.000106764 
9600000 0.000401832 8.28368e-05 
9610000 0.000401499 8.29118e-05 
9620000 0.000404072 0.000105733 
9630000 0.000402768 8.36438e-05 
9640000 0.000399407 8.00654e-05 
9650000 0.000402996 0.000105935 
9660000 0.000402664 8.51989e-05 
9670000 0.000392053 8.17386e-05 
9680000 0.000399908 0.000104029 
9690000 0.000401576 8.41152e-05 
9700000 0.000396109 9.92504e-05 
9710000 0.000392319 9.40513e-05 
9720000 0.000400492 8.45775e-05 
9730000 0.000400154 0.000104001 
9740000 0.00039586 7.99062e-05 
9750000 0.000396663 7.88853e-05 
9760000 0.00039908 0.000103532 
9770000 0.000398757 8.21896e-05 
9780000 0.000392208 9.66533e-05 
9790000 0.000390824 8.07149e-05 
9800000 0.000395232 7.77986e-05 
9810000 0.000397385 0.00010298 
9820000 0.000397069 8.05911e-05 
9830000 0.000394815 9.93469e-05 
9840000 0.000390255 8.07376e-05 
9850000 0.00039581 7.99051e-05 
9860000 0.000395712 0.000102184 
9870000 0.000395391 8.19145e-05 
9880000 0.000394369 0.000100119 
9890000 0.000390797 8.20281e-05 
9900000 0.000394349 7.89591e-05 
9910000 0.000394024 9.71733e-05 
9920000 0.000391442 8.39467e-05 
9930000 0.000393301 8.12519e-05 
9940000 0.000392102 9.04591e-05 
9950000 0.000392585 9.29392e-05 
9960000 0.00039108 8.40751e-05 
9970000 0.00039187 8.28561e-05 
9980000 0.000391299 8.29803e-05 
9990000 0.000391157 9.29473e-05 
10000000 0.000389698 8.88842e-05 
11000000 0.000356307 8.11383e-05 
12000000 0.000315138 7.54993e-05 
13000000 0.000326537 7.17144e-05 
14000000 0.000294933 7.48551e-05 
15000000 0.000305846 7.8363e-05 
16000000 0.000344169 8.00094e-05 
17000000 0.000302708 8.82204e-05 
18000000 0.00028682 7.10192e-05 
19000000 0.000313489 7.47712e-05 
20000000 0.000264031 7.6406e-05 
21000000 0.00026274 7.68379e-05 
22000000 0.000238521 6.55336e-05 
23000000 0.000237001 6.91822e-05 
24000000 0.00023196 6.54603e-05 
25000000 0.00021967 7.87119e-05 
26000000 0.000279222 7.56409e-05 
27000000 0.000279409 7.0521e-05 
28000000 0.000216688 9.56233e-05 
29000000 0.000233883 9.57407e-05 
30000000 0.000285665 8.11256e-05 
31000000 0.000213915 9.61695e-05 
32000000 0.000281266 7.63973e-05 
33000000 0.00025401 8.17084e-05 
34000000 0.000212527 9.82204e-05 
35000000 0.000255037 7.67928e-05 
36000000 0.000232147 9.63463e-05 
37000000 0.000229493 9.68499e-05 
38000000 0.00022348 9.84955e-05 
39000000 0.000187656 8.29814e-05 
40000000 0.000171482 9.88598e-05 
41000000 0.000233023 9.86584e-05 
42000000 0.000252988 8.97883e-05 
43000000 0.00026667 8.33662e-05 
44000000 0.000263112 9.35113e-05 
45000000 0.000248672 9.19755e-05 
46000000 0.000259193 7.57517e-05 
47000000 0.00024007 8.95584e-05 
48000000 0.00021481 8.11146e-05 
49000000 0.000240396 9.64018e-05 
50000000 0.00025952 9.43888e-05 
51000000 0.000257209 8.96516e-05 
52000000 0.000249135 8.6334e-05 
53000000 0.00024946 8.96765e-05 
54000000 0.00021592 9.35047e-05 
55000000 0.000221371 8.93141e-05 
56000000 0.000232767 8.43173e-05 
57000000 0.000214331 7.90113e-05 
58000000 0.000196065 8.97247e-05 
59000000 0.000233207 9.06134e-05 
60000000 0.00021155 9.01101e-05 
61000000 0.00017314 8.77762e-05 
62000000 0.000170161 8.40821e-05 
63000000 0.000186686 8.67551e-05 
64000000 0.000189109 8.30695e-05 
65000000 0.000177919 7.85544e-05 
66000000 0.00016072 7.26864e-05 
67000000 0.000179038 6.94837e-05 
68000000 0.000223853 8.69253e-05 
69000000 0.000198926 8.65023e-05 
70000000 0.000187599 6.80101e-05 
71000000 0.000209742 7.57142e-05 
72000000 0.000187029 7.71192e-05 
73000000 0.000179915 7.79362e-05 
74000000 0.000185881 8.09587e-05 
75000000 0.000193282 8.45202e-05 
76000000 0.000191532 8.45046e-05 
77000000 0.000193559 8.37762e-05 
78000000 0.000197673 8.33893e-05 
79000000 0.000196774 7.90741e-05 
80000000 0.000191367 8.12313e-05 
81000000 0.000191038 8.07042e-05 
82000000 0.000189959 8.19513e-05 
83000000 0.00019134 8.1487e-05 
84000000 0.00019232 7.40651e-05 
85000000 0.000182436 8.10588e-05 
86000000 0.000196633 7.77322e-05 
87000000 0.000179247 8.08522e-05 
88000000 0.000185175 8.07788e-05 
89000000 0.00018785 8.04405e-05 
90000000 0.000187564 7.62116e-05 
91000000 0.000190505 8.06968e-05 
92000000 0.000168442 8.06343e-05 
93000000 0.000188105 8.01523e-05 
94000000 0.000183391 7.39971e-05 
95000000 0.000158037 7.83392e-05 
96000000 0.00016383 8.01611e-05 
97000000 0.000166198 6.4105e-05 
98000000 0.000175698 7.96039e-05 
99000000 0.000170999 7.94133e-05 
100000000 0.000171089 7.60233e-05 
101000000 0.000173404 7.0483e-05 
102000000 0.000170121 7.18925e-05 
103000000 0.000172498 6.8354e-05 
104000000 0.000164873 6.59234e-05 
105000000 0.000163403 7.31535e-05 
106000000 0.000162671 7.81244e-05 
107000000 0.000177138 7.30633e-05 
108000000 0.000148272 6.4055e-05 
109000000 0.00017196 7.57796e-05 
110000000 0.000181044 7.72504e-05 
111000000 0.000171492 7.4604e-05 
112000000 0.00014922 7.29374e-05 
113000000 0.000176143 7.67165e-05 
114000000 0.000151757 7.65683e-05 
115000000 0.000151315 6.43177e-05 
116000000 0.000155619 6.40962e-05 
117000000 0.000149268 7.61513e-05 
118000000 0.000146973 7.56194e-05 
119000000 0.000139269 6.99467e-05 
120000000 0.000147902 6.22258e-05 
121000000 0.000163275 7.01533e-05 
122000000 0.000136083 7.52406e-05 
123000000 0.000144953 7.44565e-05 
124000000 0.000140148 7.416e-05 
125000000 0.000148731 5.85827e-05 
126000000 0.000147752 6.27972e-05 
127000000 0.000141481 6.08334e-05 
128000000 0.000157262 7.3889e-05 
129000000 0.00015556 6.77327e-05 
130000000 0.000141155 7.43422e-05 
131000000 0.000140138 6.26676e-05 
132000000 0.000135581 7.42723e-05 
133000000 0.000159096 7.24192e-05 
134000000 0.000154535 7.39118e-05 
135000000 0.000156618 7.23649e-05 
136000000 0.000145279 5.89303e-05 
137000000 0.00015032 6.65639e-05 
138000000 0.000124203 6.12908e-05 
139000000 0.000153199 7.09802e-05 
140000000 0.00015294 7.29107e-05 
141000000 0.0001497 6.9628e-05 
142000000 0.000123534 7.20014e-05 
143000000 0.000120336 7.13195e-05 
144000000 0.000141026 6.39139e-05 
145000000 0.000132757 7.06786e-05 
146000000 0.000121434 7.1918e-05 
147000000 0.000145509 6.68496e-05 
148000000 0.0001184 5.97048e-05 
149000000 0.000139101 6.86431e-05 
150000000 0.000134052 7.09155e-05 
151000000 0.000140796 6.84568e-05 
152000000 0.000138819 5.67103e-05 
153000000 0.000116457 7.09302e-05 
154000000 0.000143324 7.07752e-05 
155000000 0.000142477 7.03717e-05 
156000000 0.000140762 6.11629e-05 
157000000 0.0001409 7.01635e-05 
158000000 0.000140391 7.01282e-05 
159000000 0.000104783 6.98817e-05 
160000000 0.000135082 5.76132e-05 
161000000 0.000138137 6.95738e-05 
162000000 0.000134475 6.08333e-05 
163000000 0.000132721 6.30629e-05 
164000000 0.000136 6.86366e-05 
165000000 0.000117038 5.71279e-05 
166000000 0.000123454 6.64941e-05 
167000000 0.000106369 5.72241e-05 
168000000 0.000130586 6.26026e-05 
169000000 0.000132078 6.7967e-05 
170000000 0.000129882 5.65695e-05 
171000000 9.85128e-05 6.7406e-05 
172000000 0.000131669 6.73578e-05 
173000000 0.000130638 6.71543e-05 
174000000 0.000129431 6.69476e-05 
175000000 0.000120314 6.19105e-05 
176000000 0.00012729 6.6526e-05 
177000000 0.000123789 6.42372e-05 
178000000 0.000106831 6.32772e-05 
179000000 9.50031e-05 5.23056e-05 
180000000 0.000100256 6.37281e-05 
181000000 0.000126861 6.54521e-05 
182000000 0.000126855 6.52637e-05 
183000000 0.000126467 6.50759e-05 
184000000 0.000118827 6.43436e-05 
185000000 0.000118106 5.92209e-05 
186000000 0.000116151 6.4498e-05 
187000000 0.000107786 5.12925e-05 
188000000 0.00012434 5.05763e-05 
189000000 0.000123975 6.39175e-05 
190000000 0.0001067 6.37222e-05 
191000000 0.000113302 6.31827e-05 
192000000 0.000112755 6.33791e-05 
193000000 0.000111007 5.81268e-05 
194000000 9.47007e-05 6.30122e-05 
195000000 9.1042e-05 6.28343e-05 
196000000 9.01359e-05 6.26611e-05 
197000000 8.63995e-05 6.24858e-05 
198000000 9.57034e-05 6.23118e-05 
199000000 9.68754e-05 6.21397e-05 
200000000 0.000107757 6.19726e-05 
201000000 9.32258e-05 5.20915e-05 
202000000 0.000119047 5.40851e-05 
203000000 0.000105872 5.20449e-05 
204000000 0.000108571 6.13667e-05 
205000000 0.00010969 5.1587e-05 
206000000 0.000108516 5.82993e-05 
207000000 0.000114154 5.12197e-05 
208000000 0.000112065 6.08077e-05 
209000000 0.000103382 6.06504e-05 
210000000 0.000110833 4.77411e-05 
211000000 0.000103432 5.08568e-05 
212000000 0.000103639 5.07313e-05 
213000000 0.000108364 5.06129e-05 
214000000 0.000112407 5.02498e-05 
215000000 9.81151e-05 5.97743e-05 
216000000 0.000114237 4.66553e-05 
217000000 0.000113386 5.84001e-05 
218000000 0.000108017 4.99707e-05 
219000000 9.88422e-05 5.91586e-05 
220000000 0.000100295 4.97179e-05 
221000000 0.0001057 5.88609e-05 
222000000 0.000111932 5.86276e-05 
223000000 0.000111644 5.85567e-05 
224000000 0.000111296 5.81477e-05 
225000000 0.0001109 5.43866e-05 
226000000 0.000110502 5.68768e-05 
227000000 0.00011011 5.21366e-05 
228000000 9.41394e-05 5.78588e-05 
229000000 9.53826e-05 4.86352e-05 
230000000 0.000108653 5.66953e-05 
231000000 0.000108556 5.74131e-05 
232000000 9.82273e-05 4.82928e-05 
233000000 0.000107058 4.9781e-05 
234000000 0.000106204 5.35429e-05 
235000000 9.26691e-05 4.79937e-05 
236000000 0.000105789 5.41593e-05 
237000000 9.63065e-05 5.6626e-05 
238000000 0.000104351 5.63921e-05 
239000000 9.37512e-05 5.66046e-05 
240000000 9.78871e-05 5.01205e-05 
241000000 0.000102045 5.64873e-05 
242000000 9.29961e-05 4.39581e-05 
243000000 9.60572e-05 4.59883e-05 
244000000 9.62242e-05 4.93987e-05 
245000000 9.88235e-05 5.62532e-05 
246000000 9.98494e-05 5.61894e-05 
247000000 0.000100204 5.61177e-05 
248000000 9.89498e-05 5.60331e-05 
249000000 8.88129e-05 4.55126e-05 
250000000 9.43663e-05 4.85214e-05 
251000000 9.75372e-05 5.57955e-05 
252000000 9.31151e-05 4.68714e-05 
253000000 9.77276e-05 5.47883e-05 
254000000 9.87128e-05 5.55524e-05 
255000000 9.83687e-05 5.54651e-05 
256000000 9.81817e-05 5.33831e-05 
257000000 9.82007e-05 5.52702e-05 
258000000 9.77613e-05 5.51748e-05 
259000000 9.32399e-05 4.66055e-05 
260000000 8.85867e-05 5.30286e-05 
261000000 9.67618e-05 5.49125e-05 
262000000 9.58899e-05 5.33896e-05 
263000000 8.35623e-05 5.46464e-05 
264000000 8.79643e-05 4.60196e-05 
265000000 8.92574e-05 5.09405e-05 
266000000 9.39771e-05 5.44926e-05 
267000000 9.07717e-05 4.5659e-05 
268000000 8.53279e-05 5.34524e-05 
269000000 9.29485e-05 4.86397e-05 
270000000 8.28681e-05 5.38784e-05 
271000000 9.09182e-05 4.55227e-05 
272000000 8.90934e-05 5.2184e-05 
273000000 9.21097e-05 5.25304e-05 
274000000 8.70572e-05 5.02977e-05 
275000000 9.04916e-05 4.52443e-05 
276000000 8.29268e-05 5.365e-05 
277000000 8.79009e-05 4.32473e-05 
278000000 8.77036e-05 4.83785e-05 
279000000 9.17312e-05 5.33587e-05 
280000000 8.64004e-05 5.06765e-05 
281000000 8.57313e-05 5.31938e-05 
282000000 8.56068e-05 4.47145e-05 
283000000 8.74826e-05 5.3028e-05 
284000000 8.06931e-05 4.45714e-05 
285000000 8.26379e-05 5.25703e-05 
286000000 8.15991e-05 4.59746e-05 
287000000 9.04572e-05 5.26899e-05 
288000000 7.98591e-05 5.26069e-05 
289000000 8.01694e-05 5.2531e-05 
290000000 8.21103e-05 4.3753e-05 
291000000 7.73556e-05 5.08453e-05 
292000000 7.24721e-05 4.32836e-05 
293000000 7.6898e-05 4.83074e-05 
294000000 7.99092e-05 4.14066e-05 
295000000 7.30024e-05 5.22741e-05 
296000000 8.2548e-05 5.19606e-05 
297000000 7.55061e-05 4.20475e-05 
298000000 8.41285e-05 5.21762e-05 
299000000 7.34156e-05 5.21454e-05 
300000000 8.06087e-05 4.87253e-05 
301000000 8.21899e-05 4.27064e-05 
302000000 7.49868e-05 4.51042e-05 
303000000 8.3212e-05 4.3133e-05 
304000000 8.5703e-05 5.09296e-05 
305000000 7.88593e-05 5.18991e-05 
306000000 7.20982e-05 5.18567e-05 
307000000 7.48506e-05 5.14381e-05 
308000000 7.41967e-05 4.59251e-05 
309000000 8.1124e-05 5.16761e-05 
310000000 7.765e-05 4.02451e-05 
311000000 7.81096e-05 4.89721e-05 
312000000 8.24215e-05 5.1498e-05 
313000000 7.29836e-05 4.10581e-05 
314000000 7.42474e-05 4.93516e-05 
