0 1 0 
1 4 0 
2 4 0 
3 3.5 0 
4 3.2 0 
5 2.66667 0 
6 2.42857 0 
7 2.125 0 
8 2.33333 0 
9 2.3 0 
10 2.63636 0 
11 3.33333 0 
12 3.76923 0 
13 3.92857 0 
14 3.66667 0 
15 3.4375 0 
16 3.41176 0 
17 3.88889 0 
18 4.15789 0 
19 3.95 0 
20 3.85714 0 
21 3.77273 0 
22 3.69565 0 
23 3.83333 0.0208333 
24 3.68 0.02 
25 3.53846 0.192308 
26 3.40741 0.185185 
27 3.28571 0.178571 
28 3.41379 0.206897 
29 3.325 0.566667 
30 3.21774 0.548387 
31 3.16406 0.53125 
32 3.25 0.515152 
33 3.15441 0.5 
34 3.06429 0.485714 
35 2.97917 0.472222 
36 2.89865 0.459459 
37 3.16447 0.447368 
38 3.08333 0.461538 
39 3.15625 0.45 
40 3.07927 0.439024 
41 3.00595 0.571429 
42 2.98256 0.55814 
43 2.91477 0.545455 
44 2.96111 0.533333 
45 2.89674 0.521739 
46 2.83511 0.510638 
47 2.88021 0.604167 
48 2.95918 0.591837 
49 2.92824 0.58 
50 2.98847 0.568627 
51 2.931 0.557692 
52 2.87569 0.54717 
53 2.84096 0.537037 
54 2.97112 0.527273 
55 3.00735 0.767857 
56 3.02477 0.754386 
57 2.97262 0.741379 
58 2.92223 0.728814 
59 2.87353 0.766667 
60 2.82642 0.754098 
61 2.8104 0.741935 
62 2.82929 0.753968 
63 2.79445 0.742188 
64 2.75146 0.730769 
65 2.70977 0.719697 
66 2.74396 0.708955 
67 2.76243 0.698529 
68 2.72239 0.688406 
69 2.74779 0.75 
70 2.70909 0.739437 
71 2.72239 0.729167 
72 2.68509 0.719178 
73 2.64881 0.709459 
74 2.62682 0.7 
75 2.59226 0.690789 
76 2.58457 0.681818 
77 2.56746 0.673077 
78 2.54129 0.683544 
79 2.50483 0.675 
80 2.47391 0.666667 
81 2.46813 0.658537 
82 2.48659 0.650602 
83 2.56413 0.678571 
84 2.60455 0.670588 
85 2.57426 0.662791 
86 2.54468 0.655172 
87 2.51576 0.647727 
88 2.48749 0.786517 
89 2.45985 0.811111 
90 2.54271 0.802198 
91 2.53681 0.793478 
92 2.50954 0.784946 
93 2.49135 0.776596 
94 2.46512 0.768421 
95 2.43945 0.90625 
96 2.4143 0.896907 
97 2.39986 0.887755 
98 2.37562 0.878788 
99 2.35187 0.87 
100 2.36819 0.90099 
101 2.38418 0.892157 
102 2.36104 0.907767 
103 2.33833 0.899038 
104 2.35892 0.890476 
105 2.35082 0.882075 
106 2.32885 0.873832 
107 2.33506 0.865741 
108 2.31364 0.857798 
109 2.32897 0.85 
110 2.30799 0.842342 
111 2.28738 0.834821 
112 2.37333 0.827434 
113 2.35252 0.820175 
114 2.33206 0.813043 
115 2.32489 0.831897 
116 2.30502 0.824786 
117 2.37023 0.902542 
118 2.35031 0.894958 
119 2.33072 0.8875 
120 2.34865 0.880165 
121 2.3294 0.872951 
122 2.33079 0.870596 
123 2.31199 0.863575 
124 2.29349 0.856667 
125 2.34672 0.849868 
126 2.32824 0.843176 
127 2.31005 0.867839 
128 2.29215 0.861111 
129 2.27451 0.854487 
130 2.30295 0.847964 
131 2.28551 0.84154 
132 2.26832 0.887845 
133 2.25139 0.881219 
134 2.23472 0.87963 
135 2.21829 0.873162 
136 2.24589 0.866788 
137 2.22961 0.860507 
138 2.2107 0.854317 
139 2.19491 0.848214 
140 2.17934 0.842199 
141 2.16927 0.836268 
142 2.1541 0.83042 
143 2.13914 0.824653 
144 2.15025 0.818966 
145 2.13553 0.813356 
146 2.121 0.814626 
147 2.10667 0.820456 
148 2.10595 0.814949 
149 2.10334 0.809516 
150 2.08941 0.804155 
151 2.07566 0.798865 
152 2.0621 0.793643 
153 2.04871 0.78849 
154 2.03549 0.783403 
155 2.02244 0.778381 
156 2.00956 0.773423 
157 1.99684 0.768528 
158 1.98428 0.763694 
159 1.97188 0.775475 
160 1.95963 0.770659 
161 1.95988 0.765902 
162 1.94786 0.761203 
163 1.93598 0.756561 
164 1.92425 0.751976 
165 1.91266 0.750458 
166 1.9042 0.745964 
167 1.88904 0.741524 
168 1.89117 0.737136 
169 1.88005 0.7328 
170 1.86905 0.728515 
171 1.86945 0.724279 
172 1.85865 0.720093 
173 1.86137 0.71811 
174 1.85166 0.714006 
175 1.84114 0.709949 
176 1.83074 0.705938 
177 1.82607 0.703168 
178 1.81587 0.69924 
179 1.80578 0.695355 
180 1.7958 0.691514 
181 1.80791 0.687714 
182 1.79803 0.683956 
183 1.83644 0.680239 
184 1.82652 0.676562 
185 1.8167 0.672925 
186 1.8134 0.669326 
187 1.80375 0.665766 
188 1.7944 0.662243 
189 1.80075 0.658758 
190 1.79132 0.655309 
191 1.78199 0.651896 
192 1.78164 0.648518 
193 1.77246 0.645175 
194 1.76337 0.641867 
195 1.75607 0.643694 
196 1.74716 0.70134 
197 1.74843 0.701608 
198 1.73965 0.709927 
199 1.73095 0.706378 
200 1.7526 0.702863 
201 1.74393 0.699384 
202 1.77967 0.718155 
203 1.77095 0.714634 
204 1.76231 0.711148 
205 1.75375 0.707696 
206 1.74528 0.704277 
207 1.73689 0.700892 
208 1.72858 0.697538 
209 1.72035 0.695114 
210 1.7122 0.69182 
211 1.70569 0.693274 
212 1.69768 0.691124 
213 1.68975 0.687894 
214 1.68189 0.684695 
215 1.67642 0.681525 
216 1.66869 0.678384 
217 1.66104 0.675272 
218 1.66852 0.672189 
219 1.66094 0.669133 
220 1.65342 0.669566 
221 1.64598 0.66655 
222 1.64308 0.665671 
223 1.63909 0.662699 
224 1.64407 0.659754 
225 1.63679 0.656835 
226 1.62958 0.653941 
227 1.62243 0.651073 
228 1.61535 0.64823 
229 1.60832 0.645411 
230 1.60136 0.642617 
231 1.59446 0.639847 
232 1.58762 0.637101 
233 1.58083 0.634379 
234 1.58687 0.631679 
235 1.61828 0.629003 
236 1.61145 0.626349 
237 1.6099 0.640524 
238 1.60509 0.637844 
239 1.5984 0.635186 
240 1.59177 0.63255 
241 1.58519 0.629936 
242 1.57866 0.627344 
243 1.58449 0.624773 
244 1.57802 0.622223 
245 1.57161 0.623759 
246 1.59763 0.621233 
247 1.59119 0.618728 
248 1.5848 0.616243 
249 1.57846 0.613778 
250 1.59209 0.611333 
251 1.58578 0.608907 
252 1.57466 0.6065 
253 1.56846 0.604113 
254 1.56231 0.601744 
255 1.55621 0.599393 
256 1.55015 0.597061 
257 1.54415 0.596827 
258 1.53818 0.611897 
259 1.52837 0.609762 
260 1.51818 0.607425 
261 1.51238 0.605107 
262 1.50663 0.602806 
263 1.50282 0.600523 
264 1.49798 0.598257 
265 1.49235 0.596008 
266 1.48676 0.593775 
267 1.48467 0.59156 
268 1.47915 0.589361 
269 1.47367 0.587178 
270 1.46824 0.602899 
271 1.46284 0.600682 
272 1.45748 0.598482 
273 1.45216 0.606592 
274 1.44688 0.604387 
275 1.44164 0.602197 
276 1.44636 0.600023 
277 1.44116 0.597864 
278 1.45033 0.595722 
279 1.45586 0.593594 
280 1.45068 0.591482 
281 1.44554 0.589384 
282 1.44043 0.587302 
283 1.45296 0.585234 
284 1.44831 0.58318 
285 1.44243 0.581141 
286 1.43741 0.579116 
287 1.4381 0.577105 
288 1.43312 0.575108 
289 1.42818 0.573125 
290 1.42671 0.571351 
291 1.42182 0.569394 
292 1.41697 0.567451 
293 1.41215 0.575725 
294 1.40736 0.573773 
295 1.40261 0.571835 
296 1.40294 0.56991 
297 1.39823 0.567997 
298 1.39355 0.586164 
299 1.38891 0.58421 
300 1.38429 0.58227 
301 1.37971 0.580341 
302 1.37516 0.578426 
303 1.37063 0.576523 
304 1.36614 0.574633 
305 1.36167 0.572755 
306 1.35724 0.572423 
307 1.34967 0.570564 
308 1.3453 0.571763 
309 1.36677 0.569919 
310 1.36237 0.568086 
311 1.35801 0.566266 
312 1.35367 0.564457 
313 1.35834 0.562659 
314 1.35502 0.560471 
315 1.35073 0.558697 
316 1.34647 0.604253 
317 1.34263 0.602353 
318 1.33842 0.600465 
319 1.34609 0.598589 
320 1.35436 0.59733 
321 1.34816 0.595475 
322 1.34398 0.593632 
323 1.33983 0.591799 
324 1.33571 0.604393 
325 1.33161 0.602539 
326 1.32754 0.600697 
327 1.32349 0.598865 
328 1.31947 0.59501 
329 1.31547 0.606843 
330 1.3115 0.605096 
331 1.30755 0.603273 
332 1.30362 0.601461 
333 1.3087 0.605649 
334 1.31132 0.603841 
335 1.30742 0.602044 
336 1.30781 0.600257 
337 1.30394 0.598481 
338 1.31214 0.596716 
339 1.30828 0.594961 
340 1.30445 0.593216 
341 1.30871 0.591481 
342 1.31364 0.589757 
343 1.30982 0.588043 
344 1.30603 0.586338 
345 1.30225 0.596204 
346 1.2985 0.594486 
347 1.29477 0.594133 
348 1.29106 0.592431 
349 1.28737 0.590738 
350 1.2837 0.589055 
351 1.28006 0.587381 
352 1.27643 0.585717 
353 1.27395 0.584063 
354 1.27036 0.582418 
355 1.26663 0.580782 
356 1.26308 0.579155 
357 1.25955 0.577537 
358 1.25605 0.575928 
359 1.25256 0.574328 
360 1.24909 0.572738 
361 1.24564 0.571155 
362 1.24221 0.569582 
363 1.23879 0.568017 
364 1.2354 0.566461 
365 1.23202 0.584039 
366 1.22867 0.582448 
367 1.22533 0.580865 
368 1.22201 0.579291 
369 1.21891 0.577725 
370 1.21563 0.576168 
371 1.21236 0.574619 
372 1.2252 0.573078 
373 1.22459 0.571546 
374 1.25892 0.571605 
375 1.25557 0.570084 
376 1.25224 0.568572 
377 1.24893 0.567068 
378 1.25883 0.575267 
379 1.25551 0.573753 
380 1.25222 0.572247 
381 1.24894 0.578602 
382 1.24568 0.577091 
383 1.25233 0.575885 
384 1.24793 0.574389 
385 1.2447 0.572901 
386 1.24148 0.57142 
387 1.23828 0.569948 
388 1.2351 0.568482 
389 1.23193 0.567025 
390 1.22878 0.565575 
391 1.22564 0.564132 
392 1.22507 0.562696 
393 1.22196 0.561268 
394 1.21887 0.559847 
395 1.21579 0.558433 
396 1.21273 0.557027 
397 1.20968 0.555627 
398 1.20665 0.554235 
399 1.20363 0.552849 
400 1.20063 0.55147 
401 1.19764 0.550099 
402 1.19467 0.548734 
403 1.19628 0.562227 
404 1.19703 0.560839 
405 1.19409 0.559457 
406 1.19115 0.558083 
407 1.18823 0.556715 
408 1.18199 0.555354 
409 1.17911 0.553999 
410 1.17646 0.552651 
411 1.17726 0.55131 
412 1.17441 0.549975 
413 1.17157 0.548647 
414 1.16875 0.547324 
415 1.16594 0.546009 
416 1.16315 0.544699 
417 1.16036 0.543396 
418 1.15759 0.542099 
419 1.1596 0.540809 
420 1.16753 0.539524 
421 1.16477 0.538246 
422 1.16497 0.536822 
423 1.16222 0.535556 
424 1.15949 0.534296 
425 1.15676 0.534146 
426 1.15406 0.532896 
427 1.15136 0.53165 
428 1.14868 0.530411 
429 1.146 0.529178 
430 1.14335 0.52795 
431 1.1407 0.526728 
432 1.13806 0.525511 
433 1.1361 0.5243 
434 1.13348 0.523095 
435 1.13088 0.521895 
436 1.1283 0.530978 
437 1.12572 0.529766 
438 1.12316 0.531626 
439 1.1206 0.530418 
440 1.11871 0.529215 
441 1.11618 0.532542 
442 1.11366 0.53134 
443 1.11173 0.530144 
444 1.10923 0.528952 
445 1.10674 0.527766 
446 1.10526 0.526586 
447 1.10279 0.52541 
448 1.10342 0.52424 
449 1.11653 0.523075 
450 1.11405 0.521915 
451 1.11159 0.528643 
452 1.10913 0.527476 
453 1.10669 0.526315 
454 1.10426 0.550169 
455 1.10184 0.548963 
456 1.09943 0.547762 
457 1.10358 0.548041 
458 1.10117 0.563781 
459 1.09878 0.562555 
460 1.09639 0.561335 
461 1.09402 0.56012 
462 1.09166 0.55891 
463 1.08633 0.557706 
464 1.084 0.556506 
465 1.08382 0.562581 
466 1.0815 0.569602 
467 1.07919 0.568385 
468 1.07688 0.567173 
469 1.07459 0.565966 
470 1.07231 0.564765 
471 1.0711 0.563568 
472 1.06883 0.562377 
473 1.06854 0.567543 
474 1.06629 0.585296 
475 1.06653 0.584066 
476 1.0659 0.582842 
477 1.06859 0.603962 
478 1.06636 0.602701 
479 1.06414 0.605612 
480 1.06192 0.607716 
481 1.05972 0.606455 
482 1.05753 0.605199 
483 1.05534 0.603949 
484 1.0543 0.610951 
485 1.05213 0.611751 
486 1.04997 0.610495 
487 1.04782 0.609244 
488 1.05614 0.607998 
489 1.05398 0.607778 
490 1.05184 0.60654 
491 1.0497 0.605307 
492 1.04757 0.60408 
493 1.04545 0.602857 
494 1.04334 0.601639 
495 1.04123 0.600426 
496 1.03904 0.599218 
497 1.0384 0.598014 
498 1.03632 0.596816 
499 1.03424 0.595622 
500 1.03218 0.594434 
501 1.03012 0.593249 
502 1.02807 0.59207 
503 1.02674 0.590895 
504 1.02966 0.589725 
505 1.02762 0.58856 
506 1.0256 0.587399 
507 1.02358 0.586243 
508 1.02157 0.585091 
509 1.01956 0.583944 
510 1.01757 0.582801 
511 1.01558 0.581663 
512 1.0136 0.580529 
513 1.01163 0.579399 
514 1.00967 0.578274 
515 1.00771 0.577153 
516 1.00576 0.576037 
517 1.00382 0.574925 
518 1.00253 0.573817 
519 0.999662 0.572714 
520 0.997743 0.571615 
521 0.995831 0.570623 
522 0.993927 0.569532 
523 0.992031 0.568445 
524 0.990141 0.567363 
525 0.988259 0.566284 
526 0.98646 0.565209 
527 0.984591 0.564139 
528 0.98316 0.563073 
529 0.981305 0.56201 
530 0.979457 0.560952 
531 0.977616 0.559897 
532 0.977231 0.558847 
533 0.975401 0.5578 
534 0.973578 0.556758 
535 0.977359 0.555719 
536 0.975539 0.554684 
537 0.973725 0.554756 
538 0.971919 0.553727 
539 0.970119 0.552585 
540 0.984445 0.551564 
541 0.982629 0.550546 
542 0.980819 0.549532 
543 0.979016 0.548522 
544 0.97722 0.547516 
545 0.97543 0.546513 
546 0.973647 0.545514 
547 0.97187 0.544518 
548 0.9701 0.543526 
549 0.975609 0.542538 
550 0.973838 0.541554 
551 0.979602 0.540573 
552 0.977831 0.539595 
553 0.976066 0.538621 
554 0.974307 0.537651 
555 0.972555 0.536684 
556 0.970809 0.53572 
557 0.969069 0.53476 
558 0.967335 0.533803 
559 0.965608 0.534636 
560 0.963887 0.533683 
561 0.962172 0.532733 
562 0.962239 0.532675 
563 0.960533 0.531731 
564 0.958833 0.534329 
565 0.957139 0.542944 
566 0.955451 0.541987 
567 0.953768 0.541033 
568 0.952092 0.540082 
569 0.950577 0.539134 
570 0.948912 0.53819 
571 0.947253 0.537249 
572 0.9456 0.536311 
573 0.946022 0.535377 
574 0.946545 0.538796 
575 0.944902 0.53786 
576 0.943264 0.536928 
577 0.943362 0.538594 
578 0.941733 0.537664 
579 0.940109 0.536737 
580 0.938491 0.535813 
581 0.936879 0.534893 
582 0.935272 0.533975 
583 0.93367 0.533061 
584 0.932074 0.53215 
585 0.930484 0.531241 
586 0.928899 0.53204 
587 0.927319 0.531135 
588 0.925744 0.530233 
589 0.924895 0.545227 
590 0.92333 0.544304 
591 0.921771 0.544889 
592 0.920216 0.546887 
593 0.918667 0.545966 
594 0.917123 0.545048 
595 0.915584 0.544134 
596 0.91473 0.543222 
597 0.9132 0.542314 
598 0.911675 0.541409 
599 0.910156 0.541001 
600 0.908642 0.540101 
601 0.909046 0.539204 
602 0.907538 0.553235 
603 0.910245 0.552319 
604 0.909084 0.551406 
605 0.907583 0.550496 
606 0.906088 0.549589 
607 0.904598 0.548685 
608 0.904576 0.547784 
609 0.903093 0.546886 
610 0.901615 0.545991 
611 0.897944 0.548367 
612 0.89648 0.547472 
613 0.89502 0.546581 
614 0.899255 0.545692 
615 0.897795 0.544806 
616 0.89634 0.543923 
617 0.904599 0.543852 
618 0.903137 0.542973 
619 0.908834 0.542098 
620 0.90737 0.541515 
621 0.905911 0.540644 
622 0.904457 0.539776 
623 0.904228 0.538911 
624 0.902781 0.538049 
625 0.901339 0.537189 
626 0.899902 0.536333 
627 0.899543 0.535479 
628 0.898113 0.534627 
629 0.896687 0.533779 
630 0.900611 0.532933 
631 0.899186 0.53209 
632 0.897766 0.531249 
633 0.89635 0.530411 
634 0.894938 0.529576 
635 0.893531 0.528743 
636 0.892128 0.527913 
637 0.89073 0.527086 
638 0.889336 0.526261 
639 0.887946 0.525438 
640 0.886561 0.524619 
641 0.88518 0.523802 
642 0.883804 0.522987 
643 0.882431 0.522175 
644 0.881063 0.521365 
645 0.879699 0.520558 
646 0.87834 0.519754 
647 0.886243 0.518952 
648 0.884878 0.518152 
649 0.884764 0.517355 
650 0.883405 0.518711 
651 0.901011 0.517915 
652 0.899631 0.517122 
653 0.898255 0.516331 
654 0.896884 0.515543 
655 0.895517 0.514757 
656 0.894154 0.513857 
657 0.903433 0.513077 
658 0.902062 0.512298 
659 0.900695 0.511522 
660 0.899333 0.510748 
661 0.897974 0.509976 
662 0.89662 0.509207 
663 0.895269 0.50844 
664 0.893923 0.507676 
665 0.892581 0.506913 
666 0.891674 0.506153 
667 0.905309 0.505396 
668 0.903956 0.50464 
669 0.902606 0.503887 
670 0.901261 0.503136 
671 0.910337 0.502387 
672 0.909917 0.501641 
673 0.908567 0.500897 
674 0.907221 0.500155 
675 0.906295 0.499415 
676 0.904957 0.498677 
677 0.903622 0.497942 
678 0.902291 0.497208 
679 0.900964 0.496477 
680 0.899641 0.495748 
681 0.898322 0.500886 
682 0.897007 0.500153 
683 0.895696 0.499422 
684 0.894388 0.498693 
685 0.906354 0.497966 
686 0.905034 0.497241 
687 0.903719 0.496518 
688 0.902407 0.495797 
689 0.901099 0.495079 
690 0.899795 0.500875 
691 0.898495 0.504371 
692 0.897199 0.503644 
693 0.895906 0.502918 
694 0.894617 0.502194 
695 0.893331 0.501473 
696 0.895636 0.500753 
697 0.894353 0.500036 
698 0.893074 0.49932 
699 0.891798 0.498607 
700 0.890526 0.497896 
701 0.889257 0.497187 
702 0.887992 0.50127 
703 0.886731 0.500558 
704 0.885473 0.499848 
705 0.884219 0.49914 
706 0.882968 0.498434 
707 0.881721 0.49773 
708 0.880478 0.497028 
709 0.879237 0.496328 
710 0.893472 0.49563 
711 0.892217 0.494934 
712 0.890966 0.49424 
713 0.889718 0.493547 
714 0.888474 0.492857 
715 0.887233 0.492169 
716 0.885995 0.491482 
717 0.88894 0.491494 
718 0.887703 0.490811 
719 0.88647 0.490129 
720 0.885241 0.489449 
721 0.884015 0.488771 
722 0.882792 0.488095 
723 0.881573 0.487421 
724 0.880357 0.486749 
725 0.879144 0.486078 
726 0.877935 0.48541 
727 0.876729 0.484743 
728 0.87515 0.484078 
729 0.873951 0.483415 
730 0.872756 0.482754 
731 0.871563 0.482094 
732 0.871153 0.481436 
733 0.869966 0.495767 
734 0.868596 0.495092 
735 0.872851 0.49442 
736 0.870996 0.493749 
737 0.869816 0.49308 
738 0.868639 0.492413 
739 0.867465 0.497828 
740 0.866294 0.497156 
741 0.865127 0.496486 
742 0.863962 0.495818 
743 0.863201 0.495152 
744 0.862043 0.494487 
745 0.860887 0.493824 
746 0.859735 0.493163 
747 0.858585 0.492504 
748 0.859643 0.491846 
749 0.858497 0.491191 
750 0.857354 0.493865 
751 0.859206 0.494889 
752 0.861356 0.494232 
753 0.860213 0.493576 
754 0.859074 0.492922 
755 0.857937 0.49227 
756 0.867372 0.49162 
757 0.866228 0.490972 
758 0.865087 0.490325 
759 0.863734 0.490995 
760 0.862599 0.495606 
761 0.861467 0.494956 
762 0.860338 0.494307 
763 0.859212 0.49366 
764 0.858088 0.493015 
765 0.856761 0.492371 
766 0.856495 0.491729 
767 0.85538 0.491089 
768 0.854268 0.490451 
769 0.853158 0.489814 
770 0.8522 0.489178 
771 0.851097 0.493726 
772 0.849996 0.493087 
773 0.848897 0.49245 
774 0.847802 0.491815 
775 0.846709 0.491181 
776 0.84562 0.490549 
777 0.844533 0.489918 
778 0.843816 0.489289 
779 0.842734 0.489944 
780 0.841655 0.489053 
781 0.840579 0.4961 
782 0.839505 0.495466 
783 0.838435 0.494834 
784 0.837367 0.494989 
785 0.836301 0.494359 
786 0.835239 0.501354 
787 0.834179 0.515312 
788 0.833121 0.514659 
789 0.832067 0.514008 
790 0.831015 0.513358 
791 0.829966 0.51271 
792 0.828919 0.514437 
793 0.827875 0.521345 
794 0.826834 0.52069 
795 0.833333 0.520035 
796 0.832287 0.519383 
797 0.831244 0.519942 
798 0.830204 0.519291 
799 0.829166 0.518642 
800 0.828131 0.517995 
801 0.827098 0.517349 
802 0.826068 0.516704 
803 0.824654 0.516062 
804 0.82363 0.515421 
805 0.822608 0.514781 
806 0.821588 0.514143 
807 0.820572 0.513507 
808 0.825294 0.512872 
809 0.824275 0.512239 
810 0.823259 0.511607 
811 0.822245 0.510977 
812 0.821233 0.510349 
813 0.820224 0.509722 
814 0.818603 0.509097 
815 0.8176 0.508473 
816 0.816599 0.50785 
817 0.815601 0.507229 
818 0.828036 0.510273 
819 0.827026 0.509651 
820 0.825579 0.50903 
821 0.824575 0.508411 
822 0.823573 0.507793 
823 0.822573 0.511424 
824 0.821576 0.510804 
825 0.820581 0.510186 
826 0.819589 0.513197 
827 0.818599 0.512577 
828 0.817612 0.511959 
829 0.816627 0.511342 
830 0.815644 0.510726 
831 0.814664 0.510113 
832 0.813686 0.5095 
833 0.81271 0.512288 
834 0.811737 0.511675 
835 0.810766 0.511063 
836 0.809797 0.510452 
837 0.808831 0.509843 
838 0.807867 0.509236 
839 0.806905 0.508629 
840 0.805946 0.508024 
841 0.804988 0.507421 
842 0.804034 0.506819 
843 0.803081 0.506219 
844 0.802131 0.50562 
845 0.801182 0.505022 
846 0.800236 0.504426 
847 0.805882 0.503831 
848 0.804933 0.503237 
849 0.803986 0.502645 
850 0.803041 0.505314 
851 0.802099 0.504721 
852 0.801158 0.504129 
853 0.80022 0.503539 
854 0.799284 0.50295 
855 0.80536 0.502363 
856 0.80442 0.508194 
857 0.803483 0.507602 
858 0.811788 0.507011 
859 0.810844 0.506421 
860 0.809902 0.505833 
861 0.808963 0.505246 
862 0.808025 0.504661 
863 0.80709 0.504077 
864 0.806157 0.503494 
865 0.805226 0.505222 
866 0.804297 0.505793 
867 0.803371 0.50521 
868 0.814838 0.504629 
869 0.813901 0.504049 
870 0.812846 0.50347 
871 0.818794 0.502893 
872 0.817857 0.502317 
873 0.816921 0.501742 
874 0.815987 0.501168 
875 0.819622 0.500596 
876 0.818687 0.500025 
877 0.817755 0.499456 
878 0.816562 0.498888 
879 0.815634 0.499662 
880 0.817348 0.499095 
881 0.817403 0.498529 
882 0.816478 0.497965 
883 0.815554 0.497402 
884 0.812394 0.49684 
885 0.811477 0.496279 
886 0.810562 0.495719 
887 0.811902 0.495161 
888 0.810988 0.494604 
889 0.810077 0.494048 
890 0.809168 0.493494 
891 0.817957 0.492941 
892 0.817041 0.492389 
893 0.816127 0.491838 
894 0.815215 0.491288 
895 0.814305 0.49074 
896 0.813397 0.490193 
897 0.812491 0.492431 
898 0.811588 0.491883 
899 0.810686 0.491337 
900 0.809786 0.490791 
901 0.808888 0.490247 
902 0.807993 0.489704 
903 0.807099 0.489489 
904 0.806207 0.488948 
905 0.805317 0.488408 
906 0.804429 0.48787 
907 0.803543 0.487332 
908 0.802659 0.489555 
909 0.801777 0.489017 
910 0.800897 0.48848 
911 0.800019 0.487944 
912 0.799143 0.48741 
913 0.798268 0.486877 
914 0.797396 0.499075 
915 0.796525 0.49853 
916 0.795657 0.497987 
917 0.79479 0.497444 
918 0.793925 0.496903 
919 0.793062 0.496363 
920 0.792201 0.495931 
921 0.791342 0.495393 
922 0.790485 0.494856 
923 0.789629 0.500175 
924 0.788776 0.499634 
925 0.787924 0.499095 
926 0.787074 0.498556 
927 0.790536 0.498019 
928 0.789685 0.497483 
929 0.788836 0.496948 
930 0.787989 0.496414 
931 0.789676 0.495881 
932 0.788697 0.49535 
933 0.787853 0.49482 
934 0.78701 0.49585 
935 0.786169 0.495321 
936 0.785503 0.494792 
937 0.784666 0.494265 
938 0.78383 0.493738 
939 0.782996 0.493213 
940 0.783227 0.492689 
941 0.782395 0.492166 
942 0.783531 0.491644 
943 0.782701 0.491123 
944 0.781873 0.490603 
945 0.781046 0.492727 
946 0.780222 0.492207 
947 0.779466 0.491688 
948 0.778645 0.493277 
949 0.77993 0.492758 
950 0.77911 0.49224 
951 0.778292 0.491723 
952 0.779195 0.491207 
953 0.778378 0.490692 
954 0.777563 0.490178 
955 0.77675 0.489665 
956 0.775938 0.489154 
957 0.775128 0.488643 
958 0.77432 0.488134 
959 0.773513 0.487625 
960 0.772708 0.487118 
961 0.771905 0.486611 
962 0.771103 0.486106 
963 0.770303 0.485602 
964 0.769505 0.485099 
965 0.768709 0.484596 
966 0.767914 0.484095 
967 0.76712 0.483595 
968 0.766813 0.483096 
969 0.768084 0.482598 
970 0.767293 0.482101 
971 0.766503 0.481605 
972 0.765716 0.48111 
973 0.76629 0.480616 
974 0.765504 0.480123 
975 0.763955 0.479631 
976 0.763173 0.47914 
977 0.762393 0.47865 
978 0.769786 0.478162 
979 0.769 0.477674 
980 0.768217 0.477187 
981 0.767434 0.476701 
982 0.766654 0.476216 
983 0.765874 0.475732 
984 0.770173 0.475249 
985 0.769392 0.474767 
986 0.775705 0.474286 
987 0.774919 0.473806 
988 0.774136 0.473327 
989 0.773354 0.472849 
990 0.772574 0.472371 
991 0.771795 0.471895 
992 0.771018 0.472394 
993 0.770242 0.471919 
994 0.769468 0.472952 
995 0.768695 0.472645 
996 0.767924 0.472171 
997 0.767155 0.471698 
998 0.766387 0.471225 
999 0.76562 0.472098 
1000 0.765004 0.471626 
1100 0.752568 0.450405 
1200 0.730184 0.462746 
1300 0.700707 0.444313 
1400 0.666929 0.433353 
1500 0.64848 0.421162 
1600 0.620231 0.409831 
1700 0.622239 0.400766 
1800 0.606447 0.396855 
1900 0.593433 0.38498 
2000 0.571427 0.384711 
2100 0.55606 0.376653 
2200 0.555105 0.372714 
2300 0.553743 0.374407 
2400 0.539894 0.375532 
2500 0.53473 0.366671 
2600 0.521671 0.357863 
2700 0.515949 0.356338 
2800 0.50578 0.352256 
2900 0.505375 0.348553 
3000 0.50077 0.347537 
3100 0.488065 0.353608 
3200 0.486942 0.349261 
3300 0.483174 0.349635 
3400 0.476537 0.348613 
3500 0.468651 0.34775 
3600 0.457047 0.34623 
3700 0.449826 0.339325 
3800 0.451713 0.337306 
3900 0.451627 0.336796 
4000 0.448698 0.333973 
4100 0.446363 0.327807 
4200 0.439392 0.32409 
4300 0.437526 0.325955 
4400 0.435332 0.319636 
4500 0.434136 0.318575 
4600 0.425306 0.317236 
4700 0.429236 0.311679 
4800 0.425779 0.313409 
4900 0.426426 0.307519 
5000 0.426085 0.306454 
5100 0.420704 0.311041 
5200 0.420258 0.309382 
5300 0.418816 0.309316 
5400 0.415742 0.308624 
5500 0.412735 0.312569 
5600 0.416817 0.31266 
5700 0.412893 0.310331 
5800 0.408967 0.307993 
5900 0.405033 0.305583 
6000 0.40217 0.304241 
6100 0.395722 0.300801 
6200 0.393899 0.297519 
6300 0.388376 0.296571 
6400 0.38412 0.294383 
6500 0.386985 0.292409 
6600 0.385641 0.289354 
6700 0.382635 0.288111 
6800 0.384353 0.288698 
6900 0.385475 0.2856 
7000 0.380842 0.283519 
7100 0.377239 0.287261 
7200 0.377513 0.28487 
7300 0.375713 0.2837 
7400 0.37627 0.282044 
7500 0.374797 0.2804 
7600 0.3768 0.283324 
7700 0.377471 0.283213 
7800 0.37526 0.288351 
7900 0.375453 0.287383 
8000 0.371539 0.286069 
8100 0.367928 0.284578 
8200 0.365556 0.283626 
8300 0.362485 0.281256 
8400 0.362708 0.281065 
8500 0.359677 0.280357 
8600 0.357563 0.280674 
8700 0.358158 0.279037 
8800 0.356998 0.276483 
8900 0.357114 0.275736 
9000 0.354633 0.272654 
9100 0.353359 0.271274 
9200 0.352235 0.270224 
9300 0.350287 0.268023 
9400 0.350185 0.26581 
9500 0.349603 0.264268 
9600 0.351546 0.265274 
9700 0.351201 0.264746 
9800 0.3487 0.263649 
9900 0.346519 0.263337 
10000 0.345866 0.262212 
10100 0.343879 0.261782 
10200 0.341102 0.262652 
10300 0.341334 0.263629 
10400 0.339745 0.261971 
10500 0.338491 0.262288 
10600 0.337154 0.261175 
10700 0.336566 0.259956 
10800 0.333223 0.262832 
10900 0.331569 0.262463 
11000 0.329764 0.261042 
11100 0.327949 0.260186 
11200 0.328144 0.259437 
11300 0.331722 0.258958 
11400 0.330798 0.258114 
11500 0.329768 0.257268 
11600 0.32856 0.255987 
11700 0.32664 0.256228 
11800 0.327737 0.257579 
11900 0.325906 0.257279 
12000 0.325782 0.255508 
12100 0.324511 0.254662 
12200 0.32376 0.255011 
12300 0.325008 0.25586 
12400 0.325018 0.255894 
12500 0.327164 0.256773 
12600 0.326488 0.257355 
12700 0.324188 0.257372 
12800 0.325474 0.25635 
12900 0.324396 0.255398 
13000 0.324371 0.254243 
13100 0.32308 0.254591 
13200 0.325512 0.255123 
13300 0.32528 0.25422 
13400 0.3252 0.253803 
13500 0.325335 0.252749 
13600 0.323356 0.251546 
13700 0.321879 0.251261 
13800 0.321284 0.250966 
13900 0.31984 0.250293 
14000 0.321734 0.24879 
14100 0.322522 0.247735 
14200 0.32115 0.246682 
14300 0.321903 0.245445 
14400 0.321022 0.244316 
14500 0.319928 0.243096 
14600 0.320261 0.242721 
14700 0.318732 0.242019 
14800 0.318673 0.241015 
14900 0.318591 0.241108 
15000 0.317585 0.241415 
15100 0.320411 0.240688 
15200 0.320029 0.240591 
15300 0.320063 0.239901 
15400 0.318268 0.240781 
15500 0.31742 0.24079 
15600 0.316549 0.239913 
15700 0.316455 0.240112 
15800 0.315818 0.240965 
15900 0.315305 0.239688 
16000 0.314304 0.238576 
16100 0.313115 0.237603 
16200 0.311498 0.236339 
16300 0.310603 0.235395 
16400 0.309888 0.237089 
16500 0.309294 0.236359 
16600 0.308202 0.235515 
16700 0.30733 0.236958 
16800 0.307706 0.238854 
16900 0.307306 0.237808 
17000 0.306378 0.23817 
17100 0.305921 0.237502 
17200 0.304988 0.240383 
17300 0.305249 0.239658 
17400 0.304985 0.238563 
17500 0.304259 0.239063 
17600 0.304701 0.239409 
17700 0.304185 0.238195 
17800 0.302893 0.237342 
17900 0.303928 0.236371 
18000 0.30307 0.235566 
18100 0.302826 0.23437 
18200 0.301712 0.233959 
18300 0.300957 0.233197 
18400 0.300627 0.233594 
18500 0.299645 0.234956 
18600 0.299566 0.235257 
18700 0.298793 0.235735 
18800 0.297311 0.234691 
18900 0.296556 0.234554 
19000 0.295405 0.233819 
19100 0.294531 0.233596 
19200 0.293595 0.236321 
19300 0.293338 0.235438 
19400 0.293379 0.236566 
19500 0.292711 0.235392 
19600 0.293427 0.234702 
19700 0.293301 0.234666 
19800 0.293236 0.234392 
19900 0.291704 0.233898 
20000 0.291105 0.233379 
20100 0.290565 0.233016 
20200 0.29112 0.233315 
20300 0.292049 0.232705 
20400 0.291037 0.231888 
20500 0.290494 0.233291 
20600 0.289762 0.233049 
20700 0.290425 0.233044 
20800 0.289668 0.232708 
20900 0.289104 0.23232 
21000 0.288382 0.231625 
21100 0.288302 0.231752 
21200 0.287613 0.232509 
21300 0.287542 0.23194 
21400 0.287292 0.231356 
21500 0.28732 0.230961 
21600 0.286872 0.230759 
21700 0.28585 0.230246 
21800 0.286386 0.230001 
21900 0.286274 0.229695 
22000 0.285811 0.228854 
22100 0.285596 0.228457 
22200 0.284664 0.228191 
22300 0.284864 0.228531 
22400 0.285687 0.228258 
22500 0.284512 0.227343 
22600 0.284217 0.228619 
22700 0.28311 0.227935 
22800 0.282909 0.227636 
22900 0.282448 0.226928 
23000 0.281816 0.226384 
23100 0.282105 0.225937 
23200 0.281661 0.225496 
23300 0.280996 0.225267 
23400 0.280564 0.225082 
23500 0.282003 0.224314 
23600 0.281858 0.223492 
23700 0.281494 0.223097 
23800 0.281721 0.222795 
23900 0.282154 0.222677 
24000 0.281277 0.222944 
24100 0.281287 0.222548 
24200 0.281901 0.222737 
24300 0.281496 0.223149 
24400 0.281357 0.222654 
24500 0.281064 0.222197 
24600 0.280633 0.222879 
24700 0.280578 0.222465 
24800 0.280185 0.221456 
24900 0.281008 0.220607 
25000 0.280188 0.220108 
25100 0.279438 0.221054 
25200 0.279392 0.221268 
25300 0.278908 0.221377 
25400 0.278672 0.220871 
25500 0.2776 0.220705 
25600 0.27706 0.220405 
25700 0.276808 0.22042 
25800 0.276202 0.219856 
25900 0.276049 0.219647 
26000 0.275417 0.218759 
26100 0.27483 0.218634 
26200 0.27424 0.217951 
26300 0.274075 0.217485 
26400 0.273378 0.217354 
26500 0.273006 0.217585 
26600 0.27205 0.217315 
26700 0.27297 0.217034 
26800 0.272539 0.217354 
26900 0.271789 0.216921 
27000 0.271022 0.217071 
27100 0.270797 0.217196 
27200 0.270879 0.217505 
27300 0.270368 0.217813 
27400 0.270364 0.217506 
27500 0.270133 0.217036 
27600 0.270112 0.217065 
27700 0.269417 0.216777 
27800 0.268789 0.216816 
27900 0.26888 0.216502 
28000 0.268469 0.216407 
28100 0.268655 0.216731 
28200 0.268499 0.21698 
28300 0.268575 0.216438 
28400 0.26891 0.215822 
28500 0.268299 0.215288 
28600 0.268411 0.214789 
28700 0.267804 0.214996 
28800 0.267656 0.214282 
28900 0.267566 0.213749 
29000 0.268066 0.21351 
29100 0.26747 0.213384 
29200 0.267168 0.212779 
29300 0.266492 0.212423 
29400 0.266095 0.212278 
29500 0.265383 0.212658 
29600 0.264913 0.213594 
29700 0.265092 0.213756 
29800 0.264534 0.213812 
29900 0.264267 0.213227 
30000 0.263605 0.213236 
30100 0.263155 0.212736 
30200 0.262779 0.212212 
30300 0.263312 0.211935 
30400 0.262973 0.212469 
30500 0.262814 0.212099 
30600 0.262149 0.211443 
30700 0.261637 0.210789 
30800 0.261243 0.211884 
30900 0.260891 0.211502 
31000 0.26049 0.211275 
31100 0.260512 0.211339 
31200 0.260114 0.211029 
31300 0.260607 0.211743 
31400 0.260034 0.212322 
31500 0.259948 0.212326 
31600 0.259337 0.21193 
31700 0.259149 0.211751 
31800 0.258897 0.211279 
31900 0.258455 0.211823 
32000 0.257818 0.211854 
32100 0.258565 0.211617 
32200 0.25802 0.211461 
32300 0.25745 0.210826 
32400 0.258175 0.210908 
32500 0.257833 0.210743 
32600 0.257824 0.210366 
32700 0.257407 0.209818 
32800 0.257495 0.209664 
32900 0.256965 0.209221 
33000 0.25655 0.209031 
33100 0.256231 0.209243 
33200 0.25573 0.20875 
33300 0.255543 0.208418 
33400 0.25566 0.208457 
33500 0.255074 0.208518 
33600 0.255316 0.208134 
33700 0.255351 0.207834 
33800 0.255134 0.208227 
33900 0.254834 0.207992 
34000 0.254446 0.208013 
34100 0.253904 0.208653 
34200 0.2539 0.208369 
34300 0.25381 0.208165 
34400 0.254592 0.208573 
34500 0.254528 0.208989 
34600 0.254332 0.208463 
34700 0.25392 0.208452 
34800 0.254053 0.208172 
34900 0.2542 0.208126 
35000 0.254185 0.207868 
35100 0.253806 0.207482 
35200 0.253397 0.207011 
35300 0.253338 0.206522 
35400 0.25347 0.206727 
35500 0.253633 0.20678 
35600 0.253171 0.206872 
35700 0.253083 0.207321 
35800 0.253215 0.206839 
35900 0.253659 0.206709 
36000 0.253525 0.206422 
36100 0.253249 0.206526 
36200 0.252908 0.206296 
36300 0.252856 0.205953 
36400 0.252682 0.205686 
36500 0.252446 0.20519 
36600 0.252411 0.205414 
36700 0.25247 0.204907 
36800 0.253096 0.204579 
36900 0.252851 0.204568 
37000 0.253102 0.204581 
37100 0.252879 0.204973 
37200 0.252272 0.204925 
37300 0.251533 0.204865 
37400 0.251318 0.204588 
37500 0.251031 0.204291 
37600 0.250488 0.204047 
37700 0.250777 0.204537 
37800 0.250254 0.204174 
37900 0.250454 0.204297 
38000 0.249785 0.203898 
38100 0.250071 0.203732 
38200 0.250026 0.204022 
38300 0.249894 0.204217 
38400 0.249725 0.203998 
38500 0.249631 0.203955 
38600 0.24941 0.203736 
38700 0.248946 0.203606 
38800 0.24866 0.203125 
38900 0.248821 0.203631 
39000 0.248475 0.20319 
39100 0.248501 0.202696 
39200 0.248512 0.202298 
39300 0.249146 0.202111 
39400 0.249127 0.201969 
39500 0.248505 0.201626 
39600 0.248435 0.201514 
39700 0.247847 0.201213 
39800 0.247454 0.200964 
39900 0.247777 0.201161 
40000 0.247471 0.200866 
40100 0.247105 0.200789 
40200 0.247025 0.200577 
40300 0.246723 0.200123 
40400 0.2467 0.199846 
40500 0.246217 0.199574 
40600 0.245518 0.199332 
40700 0.245445 0.199387 
40800 0.245382 0.199455 
40900 0.245843 0.199053 
41000 0.245533 0.198919 
41100 0.245285 0.199508 
41200 0.24553 0.199164 
41300 0.245241 0.198829 
41400 0.245949 0.198842 
41500 0.245824 0.198671 
41600 0.246407 0.198799 
41700 0.246098 0.198481 
41800 0.245675 0.198033 
41900 0.245192 0.197836 
42000 0.245319 0.197909 
42100 0.24498 0.19815 
42200 0.245211 0.197823 
42300 0.244886 0.19779 
42400 0.244622 0.197642 
42500 0.244287 0.197317 
42600 0.24429 0.197489 
42700 0.244124 0.1974 
42800 0.243908 0.196962 
42900 0.243578 0.196789 
43000 0.243104 0.197069 
43100 0.242926 0.197086 
43200 0.242804 0.19704 
43300 0.242439 0.196995 
43400 0.242089 0.197351 
43500 0.24178 0.197191 
43600 0.241434 0.196845 
43700 0.24145 0.197055 
43800 0.241848 0.19759 
43900 0.241412 0.197527 
44000 0.241216 0.19763 
44100 0.241061 0.198117 
44200 0.241582 0.198148 
44300 0.241525 0.198411 
44400 0.241235 0.198554 
44500 0.240703 0.198806 
44600 0.240619 0.198517 
44700 0.240308 0.19833 
44800 0.240452 0.198724 
44900 0.240065 0.198591 
45000 0.239805 0.198185 
45100 0.23985 0.198085 
45200 0.239599 0.197934 
45300 0.239323 0.197758 
45400 0.239455 0.197774 
45500 0.239348 0.19798 
45600 0.239404 0.197905 
45700 0.239502 0.197997 
45800 0.239618 0.197905 
45900 0.239433 0.197506 
46000 0.23919 0.197442 
46100 0.238955 0.19763 
46200 0.238661 0.197904 
46300 0.238294 0.197728 
46400 0.237873 0.197634 
46500 0.237531 0.197627 
46600 0.237336 0.197276 
46700 0.23689 0.197315 
46800 0.236516 0.198056 
46900 0.236763 0.198422 
47000 0.236312 0.198147 
47100 0.235996 0.198081 
47200 0.236033 0.197801 
47300 0.235544 0.197716 
47400 0.23604 0.197345 
47500 0.23573 0.197401 
47600 0.235545 0.197412 
47700 0.235124 0.197506 
47800 0.234698 0.197182 
47900 0.23453 0.19707 
48000 0.234117 0.196784 
48100 0.233704 0.196548 
48200 0.233603 0.19669 
48300 0.233229 0.196765 
48400 0.232975 0.196463 
48500 0.232755 0.196261 
48600 0.232318 0.196364 
48700 0.231926 0.196328 
48800 0.232173 0.196194 
48900 0.23223 0.196183 
49000 0.232656 0.195842 
49100 0.23246 0.195426 
49200 0.232632 0.195029 
49300 0.232161 0.194797 
49400 0.231994 0.194503 
49500 0.231703 0.194597 
49600 0.231777 0.19463 
49700 0.231719 0.194485 
49800 0.231577 0.194313 
49900 0.231137 0.194165 
50000 0.231337 0.194033 
50100 0.231441 0.194394 
50200 0.231348 0.194083 
50300 0.231122 0.193775 
50400 0.230906 0.193845 
50500 0.231312 0.193846 
50600 0.231217 0.193788 
50700 0.231106 0.193537 
50800 0.230861 0.193303 
50900 0.230654 0.193498 
51000 0.230462 0.193378 
51100 0.230683 0.193006 
51200 0.230322 0.192809 
51300 0.230288 0.19279 
51400 0.230053 0.192775 
51500 0.230414 0.192723 
51600 0.230093 0.19257 
51700 0.229915 0.192296 
51800 0.229781 0.191978 
51900 0.22969 0.191777 
52000 0.229503 0.191739 
52100 0.22957 0.191991 
52200 0.229138 0.19172 
52300 0.22894 0.191764 
52400 0.228995 0.191728 
52500 0.229302 0.191421 
52600 0.229182 0.19127 
52700 0.228798 0.191038 
52800 0.228679 0.190717 
52900 0.228309 0.190495 
53000 0.228104 0.190133 
53100 0.228078 0.189968 
53200 0.22782 0.189889 
53300 0.227514 0.189913 
53400 0.227523 0.190042 
53500 0.22772 0.189954 
53600 0.227573 0.189607 
53700 0.227438 0.189466 
53800 0.227484 0.189187 
53900 0.22723 0.189185 
54000 0.227134 0.189136 
54100 0.226876 0.189131 
54200 0.226676 0.188974 
54300 0.226667 0.18887 
54400 0.226473 0.189207 
54500 0.226413 0.189166 
54600 0.226205 0.189013 
54700 0.225994 0.188995 
54800 0.226231 0.188917 
54900 0.226376 0.189218 
55000 0.226433 0.189136 
55100 0.226221 0.18883 
55200 0.226351 0.188787 
55300 0.226248 0.188567 
55400 0.226365 0.188272 
55500 0.226098 0.188075 
55600 0.225819 0.188245 
55700 0.226014 0.189251 
55800 0.225975 0.188972 
55900 0.225731 0.189164 
56000 0.225992 0.189206 
56100 0.225888 0.189274 
56200 0.225927 0.189373 
56300 0.225715 0.189008 
56400 0.225493 0.188938 
56500 0.225265 0.188852 
56600 0.22542 0.188748 
56700 0.22536 0.188702 
56800 0.225508 0.188636 
56900 0.22557 0.188394 
57000 0.225795 0.188253 
57100 0.225707 0.188472 
57200 0.22552 0.188296 
57300 0.225618 0.187998 
57400 0.225384 0.188083 
57500 0.22549 0.187834 
57600 0.225444 0.187644 
57700 0.225387 0.187883 
57800 0.225436 0.187781 
57900 0.225146 0.187587 
58000 0.225212 0.187496 
58100 0.22543 0.18743 
58200 0.225583 0.187254 
58300 0.225428 0.187031 
58400 0.225329 0.186919 
58500 0.225165 0.187613 
58600 0.225163 0.187409 
58700 0.224865 0.187514 
58800 0.224922 0.187694 
58900 0.224974 0.187544 
59000 0.224973 0.187386 
59100 0.224667 0.18742 
59200 0.224668 0.187277 
59300 0.224655 0.187928 
59400 0.224476 0.187705 
59500 0.224432 0.187466 
59600 0.224432 0.187599 
59700 0.22427 0.187401 
59800 0.22422 0.187311 
59900 0.224191 0.187398 
60000 0.223904 0.187303 
60100 0.224014 0.187033 
60200 0.223674 0.186841 
60300 0.223778 0.187053 
60400 0.223566 0.187248 
60500 0.223449 0.187064 
60600 0.223561 0.187738 
60700 0.223345 0.18763 
60800 0.22324 0.187607 
60900 0.223427 0.187365 
61000 0.223378 0.187956 
61100 0.223141 0.187803 
61200 0.223324 0.187655 
61300 0.223272 0.187759 
61400 0.223413 0.187637 
61500 0.223368 0.187637 
61600 0.223492 0.187351 
61700 0.223615 0.187126 
61800 0.223415 0.186889 
61900 0.223232 0.186827 
62000 0.223396 0.186623 
62100 0.223279 0.186719 
62200 0.223159 0.187228 
62300 0.223616 0.186976 
62400 0.223686 0.186755 
62500 0.22337 0.186441 
62600 0.223268 0.186197 
62700 0.22348 0.185948 
62800 0.223254 0.185875 
62900 0.223236 0.185862 
63000 0.222829 0.185643 
63100 0.222587 0.185695 
63200 0.222187 0.185561 
63300 0.221971 0.185233 
63400 0.221754 0.185191 
63500 0.221664 0.185124 
63600 0.221573 0.18515 
63700 0.221713 0.184951 
63800 0.221678 0.184693 
63900 0.221625 0.184657 
64000 0.221381 0.184739 
64100 0.221278 0.184563 
64200 0.221105 0.184364 
64300 0.221179 0.184266 
64400 0.220917 0.18401 
64500 0.221198 0.184323 
64600 0.221573 0.184185 
64700 0.221492 0.184012 
64800 0.221488 0.183866 
64900 0.22135 0.183721 
65000 0.221063 0.183615 
65100 0.220937 0.183589 
65200 0.220857 0.183362 
65300 0.2207 0.183299 
65400 0.220742 0.183351 
65500 0.220855 0.183279 
65600 0.220858 0.183153 
65700 0.22042 0.183499 
65800 0.220467 0.183395 
65900 0.220369 0.183179 
66000 0.220776 0.183148 
66100 0.221191 0.183107 
66200 0.220909 0.182979 
66300 0.220596 0.183085 
66400 0.220782 0.18337 
66500 0.220523 0.183206 
66600 0.22028 0.183142 
66700 0.219894 0.183224 
66800 0.219586 0.183264 
66900 0.219505 0.183518 
67000 0.219435 0.183368 
67100 0.219465 0.183194 
67200 0.219592 0.183231 
67300 0.219741 0.183199 
67400 0.219766 0.18306 
67500 0.219721 0.182821 
67600 0.219506 0.182816 
67700 0.21957 0.182851 
67800 0.219426 0.182821 
67900 0.219264 0.182596 
68000 0.219104 0.182459 
68100 0.218859 0.182419 
68200 0.219065 0.182378 
68300 0.218899 0.182243 
68400 0.2193 0.182164 
68500 0.219133 0.182198 
68600 0.219073 0.181982 
68700 0.218819 0.181785 
68800 0.21895 0.181831 
68900 0.21897 0.181683 
69000 0.21887 0.181595 
69100 0.218855 0.181441 
69200 0.218973 0.181275 
69300 0.218719 0.181108 
69400 0.218522 0.181109 
69500 0.218423 0.181067 
69600 0.218297 0.180802 
69700 0.218107 0.180652 
69800 0.217938 0.180433 
69900 0.217999 0.180347 
70000 0.217836 0.180314 
70100 0.217869 0.180507 
70200 0.217588 0.180343 
70300 0.217447 0.180358 
70400 0.217207 0.180102 
70500 0.217041 0.18006 
70600 0.216928 0.180047 
70700 0.21669 0.180174 
70800 0.216772 0.180099 
70900 0.216612 0.179959 
71000 0.216552 0.179796 
71100 0.216461 0.179814 
71200 0.216155 0.179752 
71300 0.216013 0.179755 
71400 0.215913 0.179442 
71500 0.215728 0.179704 
71600 0.21561 0.179704 
71700 0.215492 0.179572 
71800 0.215538 0.179576 
71900 0.215721 0.179449 
72000 0.21575 0.179377 
72100 0.215542 0.179096 
72200 0.21542 0.17923 
72300 0.21552 0.179082 
72400 0.215276 0.179136 
72500 0.21511 0.179025 
72600 0.215001 0.179034 
72700 0.214774 0.178897 
72800 0.214504 0.178879 
72900 0.214419 0.178651 
73000 0.214358 0.17861 
73100 0.214549 0.1785 
73200 0.214379 0.178327 
73300 0.214415 0.178234 
73400 0.214331 0.178197 
73500 0.214122 0.178103 
73600 0.213968 0.178069 
73700 0.213756 0.177903 
73800 0.213563 0.17777 
73900 0.213365 0.177679 
74000 0.213482 0.177582 
74100 0.213387 0.178207 
74200 0.213265 0.178071 
74300 0.213253 0.17813 
74400 0.21295 0.177928 
74500 0.212888 0.1777 
74600 0.212698 0.177509 
74700 0.212984 0.177365 
74800 0.212839 0.177151 
74900 0.212679 0.177051 
75000 0.212608 0.177047 
75100 0.212576 0.177039 
75200 0.212586 0.177107 
75300 0.212522 0.177038 
75400 0.212381 0.176959 
75500 0.212366 0.176943 
75600 0.212354 0.176938 
75700 0.21219 0.177028 
75800 0.212027 0.177071 
75900 0.211982 0.177057 
76000 0.211951 0.177076 
76100 0.211738 0.177098 
76200 0.211602 0.176887 
76300 0.211619 0.17668 
76400 0.211362 0.176611 
76500 0.21118 0.176411 
76600 0.210989 0.176354 
76700 0.210879 0.17609 
76800 0.210794 0.176144 
76900 0.210623 0.176318 
77000 0.210557 0.176319 
77100 0.210653 0.176217 
77200 0.210543 0.176092 
77300 0.210434 0.175982 
77400 0.210353 0.176128 
77500 0.210236 0.176047 
77600 0.21002 0.176011 
77700 0.210061 0.17593 
77800 0.209882 0.175898 
77900 0.209774 0.175934 
78000 0.209608 0.176004 
78100 0.20939 0.175867 
78200 0.209185 0.175774 
78300 0.208933 0.175568 
78400 0.208668 0.175481 
78500 0.208647 0.175551 
78600 0.208626 0.175724 
78700 0.208559 0.175507 
78800 0.208313 0.175536 
78900 0.20819 0.175463 
79000 0.208086 0.175297 
79100 0.208002 0.175233 
79200 0.207793 0.17526 
79300 0.207602 0.175194 
79400 0.207593 0.175356 
79500 0.207615 0.175288 
79600 0.207686 0.175185 
79700 0.207618 0.175372 
79800 0.20759 0.175382 
79900 0.20741 0.175568 
80000 0.207638 0.175432 
80100 0.207519 0.175197 
80200 0.207586 0.175238 
80300 0.207464 0.175074 
80400 0.207255 0.17498 
80500 0.206995 0.174858 
80600 0.207152 0.174808 
80700 0.206967 0.174703 
80800 0.206811 0.174724 
80900 0.206873 0.174591 
81000 0.206966 0.174542 
81100 0.206756 0.174557 
81200 0.2069 0.174461 
81300 0.20685 0.174636 
81400 0.206756 0.174427 
81500 0.206815 0.174292 
81600 0.206838 0.174147 
81700 0.206997 0.174127 
81800 0.206919 0.173896 
81900 0.206746 0.173985 
82000 0.206575 0.173837 
82100 0.206528 0.173754 
82200 0.206309 0.173597 
82300 0.206192 0.173534 
82400 0.206123 0.173663 
82500 0.205959 0.173724 
82600 0.206152 0.173597 
82700 0.20618 0.173423 
82800 0.206073 0.173265 
82900 0.20636 0.173226 
83000 0.206196 0.17323 
83100 0.205936 0.17318 
83200 0.205972 0.173047 
83300 0.206007 0.173006 
83400 0.205763 0.172864 
83500 0.205639 0.172829 
83600 0.205572 0.17278 
83700 0.205453 0.172619 
83800 0.20524 0.172441 
83900 0.205238 0.172654 
84000 0.2052 0.172687 
84100 0.205284 0.172631 
84200 0.205171 0.172565 
84300 0.20493 0.172363 
84400 0.204935 0.172176 
84500 0.2048 0.172243 
84600 0.20464 0.17229 
84700 0.204518 0.172085 
84800 0.204323 0.171942 
84900 0.204255 0.171831 
85000 0.204295 0.171664 
85100 0.204196 0.171637 
85200 0.204166 0.171513 
85300 0.20437 0.171499 
85400 0.204341 0.171344 
85500 0.204294 0.171199 
85600 0.204157 0.171458 
85700 0.20403 0.171318 
85800 0.203932 0.1712 
85900 0.203893 0.171289 
86000 0.203833 0.171244 
86100 0.203672 0.171175 
86200 0.203453 0.17115 
86300 0.20336 0.170979 
86400 0.203303 0.170846 
86500 0.203506 0.170787 
86600 0.203512 0.170691 
86700 0.203314 0.170525 
86800 0.203672 0.170436 
86900 0.203816 0.170392 
87000 0.203739 0.170659 
87100 0.203627 0.170485 
87200 0.203561 0.170376 
87300 0.203578 0.170384 
87400 0.203703 0.170327 
87500 0.203598 0.17047 
87600 0.203565 0.170465 
87700 0.203712 0.170578 
87800 0.203583 0.170613 
87900 0.203698 0.17061 
88000 0.203615 0.17057 
88100 0.203503 0.170424 
88200 0.203314 0.170337 
88300 0.203175 0.17028 
88400 0.203224 0.170143 
88500 0.203049 0.17012 
88600 0.202973 0.170023 
88700 0.202998 0.169891 
88800 0.202892 0.169863 
88900 0.202799 0.1698 
89000 0.202627 0.169737 
89100 0.20243 0.169702 
89200 0.20231 0.169528 
89300 0.202083 0.169372 
89400 0.201925 0.169436 
89500 0.202039 0.169404 
89600 0.202089 0.169274 
89700 0.202011 0.169216 
89800 0.202023 0.169168 
89900 0.202021 0.169268 
90000 0.201921 0.16913 
90100 0.201874 0.16908 
90200 0.20179 0.169241 
90300 0.201921 0.169352 
90400 0.20183 0.169328 
90500 0.201608 0.169594 
90600 0.201397 0.169787 
90700 0.201364 0.169618 
90800 0.20116 0.169774 
90900 0.201005 0.169619 
91000 0.20099 0.169454 
91100 0.20102 0.169503 
91200 0.201017 0.169421 
91300 0.200889 0.169334 
91400 0.200923 0.169226 
91500 0.200838 0.169237 
91600 0.200672 0.16906 
91700 0.200508 0.168972 
91800 0.200296 0.169489 
91900 0.200149 0.169369 
92000 0.200149 0.169535 
92100 0.200161 0.169468 
92200 0.200235 0.169424 
92300 0.200333 0.169527 
92400 0.200325 0.169445 
92500 0.200283 0.169244 
92600 0.200416 0.169524 
92700 0.200523 0.169385 
92800 0.200479 0.169318 
92900 0.200314 0.169206 
93000 0.200263 0.16917 
93100 0.200165 0.169149 
93200 0.200008 0.169874 
93300 0.199813 0.169777 
93400 0.199834 0.170062 
93500 0.199757 0.169903 
93600 0.199656 0.169793 
93700 0.199557 0.169652 
93800 0.199344 0.169572 
93900 0.199424 0.169533 
94000 0.199348 0.169727 
94100 0.199121 0.169743 
94200 0.199004 0.169704 
94300 0.198881 0.169813 
94400 0.198819 0.169629 
94500 0.198644 0.169461 
94600 0.19875 0.169543 
94700 0.198711 0.169368 
94800 0.19886 0.169293 
94900 0.198787 0.169171 
95000 0.19898 0.169099 
95100 0.198891 0.169135 
95200 0.198833 0.169037 
95300 0.19869 0.169128 
95400 0.198572 0.169123 
95500 0.198487 0.169191 
95600 0.198552 0.169028 
95700 0.198546 0.169031 
95800 0.198502 0.169046 
95900 0.198299 0.168888 
96000 0.19834 0.16872 
96100 0.198332 0.168606 
96200 0.198377 0.168601 
96300 0.198354 0.168444 
96400 0.19822 0.168289 
96500 0.198278 0.16831 
96600 0.198215 0.168138 
96700 0.19806 0.168034 
96800 0.198052 0.168049 
96900 0.198039 0.167906 
97000 0.197902 0.167783 
97100 0.197932 0.167612 
97200 0.197786 0.167586 
97300 0.19771 0.167529 
97400 0.197716 0.167472 
97500 0.197691 0.167286 
97600 0.197536 0.167102 
97700 0.197493 0.167222 
97800 0.197403 0.167122 
97900 0.197211 0.167002 
98000 0.197175 0.16699 
98100 0.197339 0.167399 
98200 0.197471 0.167248 
98300 0.197438 0.16732 
98400 0.197324 0.167322 
98500 0.197271 0.167294 
98600 0.197118 0.167201 
98700 0.197185 0.167126 
98800 0.19706 0.167153 
98900 0.197069 0.167068 
99000 0.19704 0.16697 
99100 0.196841 0.166824 
99200 0.19677 0.166849 
99300 0.196599 0.166852 
99400 0.196541 0.167024 
99500 0.196477 0.16688 
99600 0.19629 0.166927 
99700 0.196286 0.16683 
99800 0.196189 0.166714 
99900 0.196179 0.166602 
100000 0.196183 0.166552 
110000 0.190849 0.162781 
120000 0.185375 0.159165 
130000 0.180821 0.155982 
140000 0.175991 0.154419 
150000 0.172096 0.151548 
160000 0.167844 0.148706 
170000 0.164378 0.146327 
180000 0.16154 0.144268 
190000 0.158344 0.142314 
200000 0.155253 0.141881 
210000 0.152878 0.139979 
220000 0.150464 0.138703 
230000 0.146945 0.136341 
240000 0.144728 0.134294 
250000 0.142121 0.132977 
260000 0.140358 0.131385 
270000 0.137999 0.129741 
280000 0.136361 0.127862 
290000 0.134237 0.126048 
300000 0.132194 0.124405 
310000 0.130227 0.122558 
320000 0.128146 0.121117 
330000 0.126799 0.119426 
340000 0.12517 0.118 
350000 0.12362 0.116735 
360000 0.122096 0.115244 
370000 0.120791 0.114092 
380000 0.119398 0.112897 
390000 0.117891 0.112476 
400000 0.116451 0.111136 
410000 0.115015 0.110065 
420000 0.113682 0.109236 
430000 0.112186 0.107905 
440000 0.110898 0.107183 
450000 0.109326 0.105991 
460000 0.108287 0.105167 
470000 0.107346 0.104123 
480000 0.106215 0.103349 
490000 0.105036 0.102303 
500000 0.10413 0.101239 
510000 0.103019 0.100293 
520000 0.10195 0.0994181 
530000 0.101107 0.0983711 
540000 0.100033 0.0974963 
550000 0.0989308 0.0965349 
560000 0.0979041 0.0955803 
570000 0.0970302 0.0947939 
580000 0.0960807 0.0939481 
590000 0.0950484 0.0930603 
600000 0.0940848 0.0921406 
610000 0.0932004 0.0911963 
620000 0.0923662 0.0902656 
630000 0.0914896 0.0895828 
640000 0.0906609 0.0890711 
650000 0.0899908 0.0883877 
660000 0.0892054 0.0876699 
670000 0.0884556 0.0871942 
680000 0.0878252 0.0865995 
690000 0.0869805 0.0859632 
700000 0.0862045 0.0853252 
710000 0.0854331 0.0847148 
720000 0.0847287 0.0841419 
730000 0.0841059 0.0835607 
740000 0.0833888 0.0830306 
750000 0.0827539 0.0824846 
760000 0.082087 0.0818717 
770000 0.0814512 0.0812065 
780000 0.0809132 0.0805856 
790000 0.0802916 0.0800229 
800000 0.0796797 0.0794348 
810000 0.0790749 0.0789415 
820000 0.0785869 0.0783285 
830000 0.0780189 0.0777654 
840000 0.0774031 0.0773322 
850000 0.0768906 0.076706 
860000 0.076271 0.0761946 
870000 0.0757394 0.0758219 
880000 0.0752372 0.0753319 
890000 0.0747282 0.0748174 
900000 0.0741919 0.0743404 
910000 0.0736758 0.0738448 
920000 0.0731473 0.073391 
930000 0.0726226 0.0730019 
940000 0.0721361 0.0725838 
950000 0.0716685 0.0721399 
960000 0.0711666 0.0716535 
970000 0.0705981 0.0712101 
980000 0.0701576 0.0706852 
990000 0.0696852 0.0702946 
1000000 0.0692309 0.0698202 
1010000 0.0688322 0.0693273 
1020000 0.0683602 0.0689461 
1030000 0.067973 0.0684871 
1040000 0.0675696 0.0680967 
1050000 0.0671578 0.0678064 
1060000 0.066719 0.0674487 
1070000 0.0662905 0.0670559 
1080000 0.0659193 0.0666252 
1090000 0.065509 0.0662413 
1100000 0.065067 0.0658018 
1110000 0.0646527 0.06534 
1120000 0.0643299 0.0650404 
1130000 0.0639123 0.0647085 
1140000 0.0635841 0.0643705 
1150000 0.0631751 0.0639721 
1160000 0.0627968 0.0636084 
1170000 0.0624263 0.0632744 
1180000 0.0620564 0.0628837 
1190000 0.0617407 0.0625669 
1200000 0.0614194 0.0622734 
1210000 0.0610886 0.0619616 
1220000 0.0607659 0.0616602 
1230000 0.0604165 0.0613134 
1240000 0.0600623 0.0609691 
1250000 0.0597153 0.0606354 
1260000 0.0593393 0.0602665 
1270000 0.0590203 0.0599355 
1280000 0.0586859 0.0596305 
1290000 0.0583638 0.0594146 
1300000 0.0580221 0.0591122 
1310000 0.057722 0.0588416 
1320000 0.0574056 0.0585212 
1330000 0.0571173 0.0582237 
1340000 0.056807 0.0579037 
1350000 0.0565346 0.0576363 
1360000 0.0562324 0.0573786 
1370000 0.0559664 0.0571056 
1380000 0.0556637 0.0568133 
1390000 0.0553691 0.056524 
1400000 0.0550964 0.0562443 
1410000 0.054817 0.0559911 
1420000 0.0545123 0.0557521 
1430000 0.0542392 0.0554369 
1440000 0.0539725 0.055188 
1450000 0.0537019 0.0549533 
1460000 0.053439 0.0546728 
1470000 0.0531999 0.0544185 
1480000 0.0529372 0.0541655 
1490000 0.0526905 0.0538965 
1500000 0.0524484 0.0536421 
1510000 0.0521935 0.0534047 
1520000 0.0519743 0.0531712 
1530000 0.051713 0.0529441 
1540000 0.051443 0.0527121 
1550000 0.0512501 0.0524585 
1560000 0.0509823 0.0522026 
1570000 0.0507535 0.0519735 
1580000 0.0505447 0.0517153 
1590000 0.0503111 0.0514902 
1600000 0.0501016 0.0512619 
1610000 0.0498857 0.0510705 
1620000 0.0496822 0.0508467 
1630000 0.0494556 0.0506337 
1640000 0.0492164 0.0504042 
1650000 0.0489968 0.0501904 
1660000 0.0487365 0.0499539 
1670000 0.0485238 0.0497381 
1680000 0.048335 0.0495063 
1690000 0.0481508 0.0492857 
1700000 0.0479564 0.0490624 
1710000 0.0477655 0.0488514 
1720000 0.0475467 0.0486334 
1730000 0.0473429 0.0484211 
1740000 0.04715 0.0482289 
1750000 0.046954 0.0480578 
1760000 0.0467609 0.0478758 
1770000 0.0465817 0.047688 
1780000 0.0463903 0.0474967 
1790000 0.0461967 0.047282 
1800000 0.0460042 0.0471277 
1810000 0.0457969 0.0469576 
1820000 0.0456356 0.0467437 
1830000 0.045456 0.0465682 
1840000 0.0452695 0.0463619 
1850000 0.0450977 0.0461894 
1860000 0.0449047 0.0459841 
1870000 0.0446822 0.0457846 
1880000 0.0445104 0.0456112 
1890000 0.0443459 0.0454518 
1900000 0.0441842 0.0452771 
1910000 0.044013 0.0451341 
1920000 0.0438411 0.0449609 
1930000 0.0436634 0.0447852 
1940000 0.0435025 0.0446205 
1950000 0.0433249 0.0444659 
1960000 0.0431704 0.0443002 
1970000 0.0429757 0.0441146 
1980000 0.0427996 0.0439534 
1990000 0.0426419 0.0438013 
2000000 0.0424628 0.043628 
2010000 0.0423261 0.0434661 
2020000 0.0421836 0.0433014 
2030000 0.0420429 0.043146 
2040000 0.0418708 0.0429769 
2050000 0.0417173 0.0428017 
2060000 0.0415402 0.0426372 
2070000 0.0413724 0.042478 
2080000 0.0412088 0.0423285 
2090000 0.0410571 0.0421674 
2100000 0.0408998 0.0420088 
2110000 0.040766 0.0418606 
2120000 0.0406279 0.0417222 
2130000 0.040508 0.0415549 
2140000 0.0403345 0.0413903 
2150000 0.0401991 0.0412388 
2160000 0.040071 0.0410999 
2170000 0.0399479 0.0409325 
2180000 0.039817 0.0407885 
2190000 0.0396667 0.0406656 
2200000 0.0395265 0.0405184 
2210000 0.0394049 0.0403713 
2220000 0.0392751 0.0402295 
2230000 0.0391588 0.0400874 
2240000 0.039047 0.0399523 
2250000 0.0389276 0.039815 
2260000 0.0387995 0.0396789 
2270000 0.0386747 0.0395307 
2280000 0.0385462 0.0393918 
2290000 0.0384117 0.0392375 
2300000 0.0382739 0.0391036 
2310000 0.0381491 0.0389787 
2320000 0.0380286 0.0388544 
2330000 0.037896 0.0387179 
2340000 0.0377702 0.0385956 
2350000 0.0376482 0.0384606 
2360000 0.0375311 0.038325 
2370000 0.0374071 0.0382091 
2380000 0.0372835 0.0380862 
2390000 0.0371716 0.0379562 
2400000 0.0370631 0.0378302 
2410000 0.0369328 0.0377123 
2420000 0.0368251 0.037595 
2430000 0.0367102 0.0374766 
2440000 0.0365837 0.03736 
2450000 0.0364554 0.0372497 
2460000 0.0363432 0.0371304 
2470000 0.0362271 0.037004 
2480000 0.0361163 0.0368889 
2490000 0.0360056 0.0367644 
2500000 0.0358447 0.036641 
2510000 0.0357592 0.036519 
2520000 0.035645 0.0364064 
2530000 0.0355462 0.0362982 
2540000 0.0354136 0.0361718 
2550000 0.0352722 0.0360611 
2560000 0.03515 0.0359475 
2570000 0.0350461 0.0358315 
2580000 0.0349032 0.0357146 
2590000 0.034818 0.0356053 
2600000 0.0347245 0.0354874 
2610000 0.0346014 0.0353722 
2620000 0.0344876 0.0352603 
2630000 0.0343899 0.0351581 
2640000 0.0342914 0.035044 
2650000 0.0342285 0.0349399 
2660000 0.0341453 0.0348204 
2670000 0.0340472 0.0347164 
2680000 0.0339666 0.0346046 
2690000 0.0338798 0.0344927 
2700000 0.033768 0.0343896 
2710000 0.033656 0.0342819 
2720000 0.0335434 0.0341725 
2730000 0.0334251 0.0340721 
2740000 0.0333395 0.0339702 
2750000 0.0332677 0.033892 
2760000 0.0331645 0.0337973 
2770000 0.0330714 0.0336937 
2780000 0.0329945 0.0335995 
2790000 0.0329022 0.0335074 
2800000 0.0327994 0.0334019 
2810000 0.0327078 0.0333094 
2820000 0.0326083 0.033215 
2830000 0.0325124 0.0331288 
2840000 0.0324123 0.0330192 
2850000 0.0323161 0.032923 
2860000 0.0322279 0.0328345 
2870000 0.0321367 0.0327293 
2880000 0.0320385 0.0326413 
2890000 0.0319416 0.0325404 
2900000 0.0318591 0.0324382 
2910000 0.0317797 0.032357 
2920000 0.0316889 0.032261 
2930000 0.0316037 0.0321715 
2940000 0.031502 0.0320732 
2950000 0.0314112 0.0319779 
2960000 0.0313141 0.0318916 
2970000 0.0312303 0.0318034 
2980000 0.0311401 0.0317183 
2990000 0.0310651 0.0316331 
3000000 0.0309789 0.0315486 
3010000 0.0308876 0.0314519 
3020000 0.0308008 0.0313603 
3030000 0.0307256 0.0312747 
3040000 0.0306455 0.0311777 
3050000 0.0305701 0.031097 
3060000 0.030484 0.0310019 
3070000 0.0304111 0.0309228 
3080000 0.0303464 0.0308433 
3090000 0.0302625 0.0307585 
3100000 0.0301707 0.0306783 
3110000 0.0300953 0.0305976 
3120000 0.0300041 0.0305044 
3130000 0.0299289 0.0304279 
3140000 0.0298536 0.0303441 
3150000 0.0297713 0.0302697 
3160000 0.0296892 0.0301838 
3170000 0.0295944 0.0301002 
3180000 0.0295179 0.0300213 
3190000 0.0294478 0.0299468 
3200000 0.0293662 0.0298637 
3210000 0.0293016 0.0297826 
3220000 0.0292235 0.0297094 
3230000 0.0291551 0.0296272 
3240000 0.029082 0.0295534 
3250000 0.0290057 0.0294776 
3260000 0.0289313 0.0294025 
3270000 0.0288554 0.0293276 
3280000 0.0287806 0.0292542 
3290000 0.028702 0.0291758 
3300000 0.0286243 0.0291041 
3310000 0.0285569 0.0290307 
3320000 0.0284815 0.0289557 
3330000 0.0283996 0.0288905 
3340000 0.0283204 0.0288199 
3350000 0.0282549 0.0287532 
3360000 0.0281784 0.0286762 
3370000 0.0281157 0.0286082 
3380000 0.0280428 0.0285324 
3390000 0.0279849 0.0284626 
3400000 0.027915 0.0283942 
3410000 0.0278477 0.0283291 
3420000 0.0277738 0.0282609 
3430000 0.0277025 0.0281877 
3440000 0.0276277 0.0281135 
3450000 0.0275559 0.0280513 
3460000 0.0274905 0.0279813 
3470000 0.0274346 0.0279152 
3480000 0.0273672 0.027858 
3490000 0.0273027 0.0277944 
3500000 0.0272421 0.0277254 
3510000 0.027179 0.0276616 
3520000 0.0271066 0.0275879 
3530000 0.0270332 0.0275145 
3540000 0.0269623 0.0274423 
3550000 0.0268968 0.0273749 
3560000 0.0268346 0.0273062 
3570000 0.0267675 0.0272371 
3580000 0.0266989 0.0271876 
3590000 0.0266387 0.0271299 
3600000 0.0265723 0.0270642 
3610000 0.0265099 0.0269916 
3620000 0.0264485 0.0269279 
3630000 0.0263878 0.0268624 
3640000 0.0263271 0.0268012 
3650000 0.0262636 0.0267327 
3660000 0.0262067 0.0266686 
3670000 0.0261414 0.0266056 
3680000 0.0260775 0.0265431 
3690000 0.0260094 0.02648 
3700000 0.0259529 0.0264236 
3710000 0.0258906 0.0263644 
3720000 0.0258342 0.0263041 
3730000 0.0257739 0.0262453 
3740000 0.0257142 0.0261815 
3750000 0.0256582 0.0261178 
3760000 0.0255985 0.0260606 
3770000 0.0255334 0.0260003 
3780000 0.0254712 0.025944 
3790000 0.0254108 0.0258844 
3800000 0.0253517 0.0258254 
3810000 0.0252902 0.0257672 
3820000 0.0252351 0.0257126 
3830000 0.025177 0.025661 
3840000 0.0251179 0.0256043 
3850000 0.0250582 0.0255474 
3860000 0.0249982 0.0254874 
3870000 0.0249459 0.0254302 
3880000 0.024887 0.0253755 
3890000 0.0248247 0.025318 
3900000 0.0247781 0.0252695 
3910000 0.024712 0.0252139 
3920000 0.0246593 0.025159 
3930000 0.0246003 0.0251051 
3940000 0.0245346 0.0250482 
3950000 0.024489 0.0249978 
3960000 0.0244292 0.0249458 
3970000 0.0243794 0.0248904 
3980000 0.024329 0.02484 
3990000 0.024285 0.0247801 
4000000 0.0242341 0.0247273 
4010000 0.0241892 0.0246712 
4020000 0.0241394 0.0246188 
4030000 0.0240897 0.0245702 
4040000 0.0240319 0.0245224 
4050000 0.0239816 0.0244664 
4060000 0.0239324 0.0244146 
4070000 0.023879 0.0243616 
4080000 0.023822 0.0243132 
4090000 0.023769 0.0242659 
4100000 0.0237202 0.0242157 
4110000 0.0236739 0.0241636 
4120000 0.0236159 0.0241136 
4130000 0.0235686 0.024061 
4140000 0.0235154 0.0240091 
4150000 0.0234634 0.0239576 
4160000 0.0234108 0.0239054 
4170000 0.0233623 0.0238633 
4180000 0.0233074 0.0238126 
4190000 0.0232612 0.023767 
4200000 0.0232096 0.0237132 
4210000 0.0231608 0.0236654 
4220000 0.0231174 0.0236225 
4230000 0.0230754 0.0235729 
4240000 0.0230274 0.0235242 
4250000 0.0229794 0.02348 
4260000 0.0229286 0.02343 
4270000 0.0228757 0.0233803 
4280000 0.0228292 0.0233389 
4290000 0.0227842 0.0232856 
4300000 0.0227414 0.0232316 
4310000 0.0226987 0.0231788 
4320000 0.0226489 0.0231318 
4330000 0.0226065 0.0230817 
4340000 0.022561 0.0230412 
4350000 0.0225153 0.0229916 
4360000 0.0224751 0.0229437 
4370000 0.0224283 0.022897 
4380000 0.0223768 0.0228494 
4390000 0.0223306 0.0228037 
4400000 0.0222907 0.0227556 
4410000 0.0222437 0.0227099 
4420000 0.0222006 0.0226662 
4430000 0.0221552 0.0226241 
4440000 0.0221107 0.0225766 
4450000 0.0220701 0.0225309 
4460000 0.0220208 0.0224831 
4470000 0.021978 0.0224384 
4480000 0.0219376 0.0223962 
4490000 0.0218945 0.022356 
4500000 0.0218497 0.0223137 
4510000 0.0218103 0.0222706 
4520000 0.0217722 0.0222271 
4530000 0.0217263 0.0221819 
4540000 0.0216874 0.0221453 
4550000 0.0216455 0.0221039 
4560000 0.0216056 0.022063 
4570000 0.0215572 0.022018 
4580000 0.0215137 0.0219747 
4590000 0.0214687 0.0219296 
4600000 0.0214295 0.0218885 
4610000 0.0213883 0.0218458 
4620000 0.0213453 0.0218009 
4630000 0.0213018 0.0217611 
4640000 0.0212639 0.0217204 
4650000 0.0212308 0.021675 
4660000 0.0211895 0.0216335 
4670000 0.0211478 0.0215895 
4680000 0.021108 0.0215416 
4690000 0.0210693 0.0215002 
4700000 0.0210289 0.0214577 
4710000 0.0209879 0.0214145 
4720000 0.0209444 0.0213773 
4730000 0.0209045 0.0213372 
4740000 0.0208639 0.0212928 
4750000 0.020823 0.0212563 
4760000 0.0207836 0.0212157 
4770000 0.0207472 0.0211711 
4780000 0.0207052 0.0211323 
4790000 0.0206685 0.02109 
4800000 0.0206276 0.021055 
4810000 0.0205861 0.0210232 
4820000 0.0205507 0.0209851 
4830000 0.0205103 0.0209529 
4840000 0.0204739 0.0209154 
4850000 0.0204395 0.0208801 
4860000 0.0204021 0.020839 
4870000 0.0203661 0.0208041 
4880000 0.020325 0.0207663 
4890000 0.0202892 0.0207301 
4900000 0.0202522 0.0206933 
4910000 0.0202136 0.020656 
4920000 0.0201784 0.0206205 
4930000 0.0201403 0.0205858 
4940000 0.0201092 0.0205431 
4950000 0.0200753 0.0205084 
4960000 0.0200325 0.0204713 
4970000 0.0199962 0.0204305 
4980000 0.0199622 0.0203958 
4990000 0.0199251 0.0203632 
5000000 0.0198865 0.0203295 
5010000 0.0198507 0.0202902 
5020000 0.0198177 0.0202555 
5030000 0.019785 0.0202198 
5040000 0.0197508 0.0201853 
5050000 0.01972 0.0201508 
5060000 0.0196841 0.0201133 
5070000 0.0196484 0.0200757 
5080000 0.0196178 0.0200382 
5090000 0.0195794 0.020004 
5100000 0.0195438 0.0199664 
5110000 0.0195076 0.0199292 
5120000 0.0194725 0.0199025 
5130000 0.0194357 0.0198666 
5140000 0.0194034 0.0198342 
5150000 0.019369 0.0197978 
5160000 0.0193335 0.0197639 
5170000 0.0192989 0.0197337 
5180000 0.0192665 0.0197001 
5190000 0.019234 0.0196657 
5200000 0.0192034 0.0196347 
5210000 0.0191656 0.0196065 
5220000 0.0191344 0.0195697 
5230000 0.0191001 0.0195365 
5240000 0.0190676 0.0195046 
5250000 0.019036 0.0194732 
5260000 0.0190029 0.019444 
5270000 0.0189638 0.019409 
5280000 0.0189315 0.0193807 
5290000 0.0189014 0.0193456 
5300000 0.0188657 0.0193152 
5310000 0.0188374 0.0192804 
5320000 0.018802 0.0192508 
5330000 0.0187735 0.0192172 
5340000 0.0187457 0.019183 
5350000 0.0187127 0.0191502 
5360000 0.0186786 0.0191195 
5370000 0.0186463 0.0190869 
5380000 0.0186145 0.0190595 
5390000 0.0185822 0.0190245 
5400000 0.0185515 0.0189892 
5410000 0.0185201 0.0189549 
5420000 0.0184862 0.0189221 
5430000 0.018455 0.0188944 
5440000 0.0184201 0.0188632 
5450000 0.0183936 0.0188287 
5460000 0.0183655 0.0187969 
5470000 0.0183335 0.0187662 
5480000 0.0183019 0.0187351 
5490000 0.0182727 0.018708 
5500000 0.0182373 0.0186796 
5510000 0.0182062 0.0186536 
5520000 0.0181774 0.018626 
5530000 0.0181467 0.0185925 
5540000 0.0181154 0.0185619 
5550000 0.0180841 0.0185299 
5560000 0.0180543 0.0185016 
5570000 0.0180253 0.0184731 
5580000 0.017999 0.018445 
5590000 0.0179707 0.0184175 
5600000 0.0179415 0.0183839 
5610000 0.0179107 0.0183507 
5620000 0.0178808 0.0183231 
5630000 0.0178506 0.0182938 
5640000 0.0178225 0.0182621 
5650000 0.0177919 0.0182322 
5660000 0.0177621 0.018204 
5670000 0.0177324 0.0181768 
5680000 0.0177025 0.0181487 
5690000 0.0176761 0.018115 
5700000 0.0176547 0.018091 
5710000 0.0176275 0.0180628 
5720000 0.0176022 0.0180371 
5730000 0.0175762 0.0180081 
5740000 0.0175483 0.0179798 
5750000 0.0175246 0.0179509 
5760000 0.0174994 0.0179252 
5770000 0.0174688 0.0178953 
5780000 0.0174445 0.0178696 
5790000 0.0174147 0.0178426 
5800000 0.0173875 0.0178127 
5810000 0.0173556 0.0177833 
5820000 0.0173315 0.0177585 
5830000 0.0173086 0.0177287 
5840000 0.0172849 0.0177018 
5850000 0.0172564 0.0176717 
5860000 0.0172256 0.0176458 
5870000 0.0172055 0.0176205 
5880000 0.0171768 0.0175938 
5890000 0.0171494 0.0175674 
5900000 0.0171263 0.0175365 
5910000 0.0170982 0.017509 
5920000 0.0170739 0.0174802 
5930000 0.0170485 0.0174525 
5940000 0.0170221 0.0174265 
5950000 0.0169982 0.0174024 
5960000 0.0169718 0.0173809 
5970000 0.0169422 0.0173533 
5980000 0.0169118 0.0173235 
5990000 0.0168797 0.0172986 
6000000 0.016854 0.0172704 
6010000 0.0168289 0.0172466 
6020000 0.0168013 0.0172249 
6030000 0.016772 0.0172004 
6040000 0.0167392 0.0171739 
6050000 0.0167143 0.0171494 
6060000 0.0166942 0.017123 
6070000 0.016674 0.017094 
6080000 0.0166407 0.0170699 
6090000 0.0166173 0.0170453 
6100000 0.0165982 0.017016 
6110000 0.0165706 0.01699 
6120000 0.016551 0.0169649 
6130000 0.0165285 0.016938 
6140000 0.0165023 0.0169128 
6150000 0.0164795 0.0168879 
6160000 0.0164584 0.0168633 
6170000 0.0164396 0.0168338 
6180000 0.01642 0.0168074 
6190000 0.0163967 0.0167858 
6200000 0.0163748 0.0167668 
6210000 0.0163516 0.0167397 
6220000 0.0163293 0.0167171 
6230000 0.0163066 0.0166915 
6240000 0.0162817 0.0166678 
6250000 0.016257 0.0166425 
6260000 0.0162352 0.0166172 
6270000 0.0162127 0.0165934 
6280000 0.0161866 0.0165717 
6290000 0.0161627 0.0165466 
6300000 0.0161425 0.0165235 
6310000 0.0161197 0.0164997 
6320000 0.0160966 0.0164769 
6330000 0.016073 0.0164562 
6340000 0.0160515 0.0164398 
6350000 0.0160289 0.0164181 
6360000 0.0160056 0.016395 
6370000 0.0159842 0.0163731 
6380000 0.0159598 0.0163473 
6390000 0.0159384 0.0163222 
6400000 0.0159143 0.0162974 
6410000 0.0158902 0.0162743 
6420000 0.0158669 0.0162489 
6430000 0.0158449 0.016225 
6440000 0.0158242 0.0162023 
6450000 0.0158028 0.0161796 
6460000 0.0157802 0.0161586 
6470000 0.0157575 0.0161346 
6480000 0.0157298 0.0161136 
6490000 0.0157088 0.016092 
6500000 0.0156847 0.0160652 
6510000 0.0156644 0.0160414 
6520000 0.0156421 0.0160202 
6530000 0.0156228 0.0159986 
6540000 0.0156002 0.015977 
6550000 0.015581 0.0159545 
6560000 0.0155623 0.015935 
6570000 0.0155421 0.015914 
6580000 0.0155214 0.0158922 
6590000 0.0155005 0.0158706 
6600000 0.0154797 0.0158462 
6610000 0.0154559 0.0158235 
6620000 0.0154302 0.0158016 
6630000 0.0154106 0.0157794 
6640000 0.0153904 0.0157577 
6650000 0.0153702 0.0157368 
6660000 0.0153513 0.0157204 
6670000 0.0153311 0.0157013 
6680000 0.0153104 0.0156802 
6690000 0.0152897 0.0156598 
6700000 0.0152686 0.0156342 
6710000 0.0152466 0.0156134 
6720000 0.0152252 0.0155913 
6730000 0.0152061 0.0155701 
6740000 0.015183 0.0155503 
6750000 0.0151622 0.0155312 
6760000 0.0151446 0.0155104 
6770000 0.015124 0.0154924 
6780000 0.0151038 0.0154736 
6790000 0.0150831 0.0154537 
6800000 0.015059 0.0154315 
6810000 0.0150384 0.0154101 
6820000 0.0150155 0.0153919 
6830000 0.0149944 0.0153755 
6840000 0.0149738 0.0153562 
6850000 0.0149576 0.0153383 
6860000 0.0149377 0.0153173 
6870000 0.01492 0.0152987 
6880000 0.0149018 0.0152796 
6890000 0.0148868 0.0152612 
6900000 0.0148674 0.0152414 
6910000 0.0148458 0.0152191 
6920000 0.0148278 0.0151996 
6930000 0.0148076 0.0151788 
6940000 0.0147914 0.0151588 
6950000 0.0147704 0.0151384 
6960000 0.0147531 0.0151207 
6970000 0.0147349 0.0151014 
6980000 0.014714 0.015082 
6990000 0.0146965 0.015065 
7000000 0.0146784 0.0150471 
7010000 0.0146617 0.0150283 
7020000 0.014645 0.0150143 
7030000 0.014626 0.0149956 
7040000 0.0146072 0.0149741 
7050000 0.0145906 0.0149563 
7060000 0.014572 0.014937 
7070000 0.0145537 0.0149183 
7080000 0.0145334 0.0148985 
7090000 0.0145142 0.0148794 
7100000 0.0144952 0.0148602 
7110000 0.0144764 0.0148427 
7120000 0.0144557 0.0148249 
7130000 0.0144373 0.0148104 
7140000 0.0144191 0.0147915 
7150000 0.0143999 0.0147712 
7160000 0.0143848 0.0147524 
7170000 0.0143652 0.0147336 
7180000 0.0143459 0.0147167 
7190000 0.0143265 0.0146991 
7200000 0.0143089 0.0146822 
7210000 0.0142908 0.014662 
7220000 0.0142728 0.0146429 
7230000 0.0142565 0.0146249 
7240000 0.0142388 0.0146072 
7250000 0.0142206 0.0145899 
7260000 0.0141998 0.0145725 
7270000 0.0141822 0.0145562 
7280000 0.0141663 0.0145398 
7290000 0.0141491 0.0145226 
7300000 0.0141301 0.0145064 
7310000 0.0141126 0.0144877 
7320000 0.0140951 0.0144704 
7330000 0.0140772 0.014452 
7340000 0.0140601 0.0144369 
7350000 0.0140413 0.014418 
7360000 0.0140244 0.0143985 
7370000 0.0140054 0.0143796 
7380000 0.0139829 0.0143636 
7390000 0.0139665 0.014347 
7400000 0.0139496 0.0143307 
7410000 0.0139319 0.0143095 
7420000 0.0139156 0.0142919 
7430000 0.0138988 0.0142776 
7440000 0.013875 0.014261 
7450000 0.0138565 0.0142423 
7460000 0.0138351 0.0142259 
7470000 0.0138267 0.0142074 
7480000 0.0138119 0.0141915 
7490000 0.0137975 0.0141743 
7500000 0.0137814 0.0141557 
7510000 0.013763 0.0141394 
7520000 0.0137505 0.0141209 
7530000 0.0137379 0.0141031 
7540000 0.0137223 0.0140888 
7550000 0.0137087 0.0140728 
7560000 0.0136911 0.0140546 
7570000 0.0136757 0.0140376 
7580000 0.013661 0.0140191 
7590000 0.0136455 0.0140015 
7600000 0.0136302 0.013985 
7610000 0.0136146 0.0139673 
7620000 0.0135998 0.0139478 
7630000 0.0135834 0.0139359 
7640000 0.0135651 0.0139196 
7650000 0.0135483 0.0139037 
7660000 0.0135305 0.0138871 
7670000 0.0135127 0.0138719 
7680000 0.0134978 0.013857 
7690000 0.0134816 0.013843 
7700000 0.0134634 0.0138282 
7710000 0.0134481 0.0138118 
7720000 0.0134329 0.0137961 
7730000 0.0134172 0.0137775 
7740000 0.0134005 0.0137604 
7750000 0.0133841 0.013746 
7760000 0.0133678 0.0137291 
7770000 0.0133511 0.0137147 
7780000 0.0133335 0.0137006 
7790000 0.0133203 0.0136835 
7800000 0.0133049 0.0136687 
7810000 0.0132894 0.0136512 
7820000 0.0132759 0.0136336 
7830000 0.0132602 0.0136134 
7840000 0.0132456 0.0135995 
7850000 0.01323 0.0135838 
7860000 0.0132119 0.013567 
7870000 0.0131963 0.0135529 
7880000 0.0131788 0.013536 
7890000 0.0131651 0.0135226 
7900000 0.013151 0.013507 
7910000 0.0131353 0.0134905 
7920000 0.0131183 0.0134755 
7930000 0.0131028 0.0134595 
7940000 0.0130879 0.0134444 
7950000 0.0130711 0.013431 
7960000 0.0130565 0.0134143 
7970000 0.0130407 0.0133975 
7980000 0.0130279 0.013384 
7990000 0.0130131 0.0133682 
8000000 0.0129981 0.0133523 
8010000 0.0129836 0.0133405 
8020000 0.012969 0.0133247 
8030000 0.0129534 0.0133124 
8040000 0.0129383 0.0132973 
8050000 0.0129222 0.0132838 
8060000 0.0129061 0.013269 
8070000 0.0128895 0.0132536 
8080000 0.0128721 0.0132388 
8090000 0.0128593 0.0132253 
8100000 0.0128469 0.0132102 
8110000 0.0128301 0.0131924 
8120000 0.0128173 0.0131766 
8130000 0.0128037 0.0131616 
8140000 0.0127907 0.0131462 
8150000 0.0127777 0.0131316 
8160000 0.0127614 0.0131159 
8170000 0.0127464 0.0131033 
8180000 0.0127329 0.0130905 
8190000 0.0127184 0.0130748 
8200000 0.0127041 0.0130592 
8210000 0.0126886 0.0130459 
8220000 0.0126751 0.0130312 
8230000 0.0126614 0.013016 
8240000 0.0126473 0.0130025 
8250000 0.0126318 0.0129891 
8260000 0.012619 0.012973 
8270000 0.0126043 0.012959 
8280000 0.0125879 0.0129459 
8290000 0.0125728 0.0129367 
8300000 0.012557 0.0129254 
8310000 0.0125437 0.0129111 
8320000 0.0125309 0.0128991 
8330000 0.0125174 0.012886 
8340000 0.012505 0.0128726 
8350000 0.0124903 0.0128583 
8360000 0.0124762 0.0128448 
8370000 0.0124641 0.0128308 
8380000 0.0124508 0.0128148 
8390000 0.0124383 0.0127987 
8400000 0.0124258 0.0127849 
8410000 0.0124112 0.0127707 
8420000 0.0123978 0.012758 
8430000 0.0123863 0.0127448 
8440000 0.0123736 0.0127306 
8450000 0.0123612 0.0127161 
8460000 0.01235 0.0127024 
8470000 0.012337 0.0126883 
8480000 0.0123254 0.0126723 
8490000 0.0123141 0.0126597 
8500000 0.0123022 0.0126439 
8510000 0.0122898 0.0126323 
8520000 0.0122756 0.0126189 
8530000 0.0122625 0.0126076 
8540000 0.0122476 0.0125938 
8550000 0.012232 0.0125805 
8560000 0.0122192 0.0125656 
8570000 0.0122053 0.0125518 
8580000 0.0121923 0.0125388 
8590000 0.0121784 0.0125239 
8600000 0.0121655 0.0125137 
8610000 0.0121518 0.012498 
8620000 0.012138 0.012485 
8630000 0.0121246 0.0124712 
8640000 0.0121113 0.0124568 
8650000 0.0120976 0.0124439 
8660000 0.012084 0.0124304 
8670000 0.0120706 0.012416 
8680000 0.0120583 0.0124047 
8690000 0.0120484 0.0123919 
8700000 0.0120356 0.0123775 
8710000 0.0120213 0.0123648 
8720000 0.0120089 0.0123512 
8730000 0.0119969 0.0123398 
8740000 0.0119846 0.0123257 
8750000 0.0119725 0.0123128 
8760000 0.0119596 0.0122995 
8770000 0.0119458 0.012285 
8780000 0.0119343 0.0122727 
8790000 0.0119212 0.0122609 
8800000 0.0119104 0.0122473 
8810000 0.0118979 0.0122343 
8820000 0.0118864 0.0122216 
8830000 0.0118737 0.0122095 
8840000 0.0118609 0.0121972 
8850000 0.0118487 0.0121836 
8860000 0.0118354 0.0121735 
8870000 0.0118221 0.0121638 
8880000 0.0118088 0.0121532 
8890000 0.0117977 0.0121397 
8900000 0.0117865 0.0121253 
8910000 0.0117739 0.0121136 
8920000 0.0117628 0.0121018 
8930000 0.011751 0.0120913 
8940000 0.0117395 0.012077 
8950000 0.0117277 0.0120661 
8960000 0.0117153 0.0120543 
8970000 0.0117035 0.0120444 
8980000 0.0116907 0.0120323 
8990000 0.0116773 0.0120195 
9000000 0.0116653 0.0120074 
9010000 0.0116521 0.0119959 
9020000 0.0116407 0.011982 
9030000 0.0116289 0.01197 
9040000 0.0116173 0.0119574 
9050000 0.0116042 0.0119456 
9060000 0.0115948 0.0119331 
9070000 0.0115834 0.0119215 
9080000 0.0115716 0.0119095 
9090000 0.0115587 0.0118978 
9100000 0.0115472 0.0118866 
9110000 0.0115358 0.0118764 
9120000 0.011524 0.0118653 
9130000 0.0115155 0.0118531 
9140000 0.0115039 0.0118417 
9150000 0.011493 0.0118291 
9160000 0.0114804 0.0118172 
9170000 0.0114683 0.0118042 
9180000 0.0114573 0.0117941 
9190000 0.0114464 0.0117839 
9200000 0.0114339 0.0117727 
9210000 0.011422 0.0117619 
9220000 0.0114098 0.0117484 
9230000 0.0113992 0.011736 
9240000 0.0113874 0.0117267 
9250000 0.0113754 0.0117152 
9260000 0.0113662 0.0117046 
9270000 0.0113551 0.011695 
9280000 0.0113424 0.0116843 
9290000 0.0113317 0.0116727 
9300000 0.0113195 0.01166 
9310000 0.0113093 0.0116491 
9320000 0.0112982 0.0116371 
9330000 0.0112877 0.0116264 
9340000 0.0112769 0.0116145 
9350000 0.0112664 0.0116021 
9360000 0.0112552 0.0115886 
9370000 0.0112437 0.011578 
9380000 0.0112319 0.0115684 
9390000 0.0112205 0.0115546 
9400000 0.0112097 0.0115427 
9410000 0.0112003 0.0115306 
9420000 0.0111882 0.0115179 
9430000 0.0111783 0.011509 
9440000 0.0111676 0.0114969 
9450000 0.0111586 0.0114884 
9460000 0.0111474 0.0114761 
9470000 0.0111368 0.0114662 
9480000 0.0111265 0.0114566 
9490000 0.0111149 0.0114478 
9500000 0.0111036 0.0114375 
9510000 0.0110938 0.0114259 
9520000 0.0110831 0.0114171 
9530000 0.0110722 0.0114059 
9540000 0.0110626 0.0113943 
9550000 0.0110528 0.0113849 
9560000 0.0110424 0.0113736 
9570000 0.0110319 0.0113629 
9580000 0.0110211 0.0113514 
9590000 0.0110096 0.0113388 
9600000 0.010999 0.0113284 
9610000 0.0109885 0.0113165 
9620000 0.0109782 0.011306 
9630000 0.0109686 0.0112968 
9640000 0.0109572 0.0112875 
9650000 0.0109462 0.0112752 
9660000 0.0109356 0.0112646 
9670000 0.0109235 0.0112537 
9680000 0.0109129 0.0112438 
9690000 0.0109026 0.0112344 
9700000 0.0108921 0.0112269 
9710000 0.0108809 0.0112161 
9720000 0.0108708 0.0112043 
9730000 0.0108598 0.0111941 
9740000 0.0108489 0.0111849 
9750000 0.0108391 0.0111748 
9760000 0.0108281 0.0111642 
9770000 0.0108174 0.0111536 
9780000 0.0108065 0.0111446 
9790000 0.0107955 0.0111338 
9800000 0.0107852 0.0111226 
9810000 0.0107752 0.0111121 
9820000 0.0107653 0.0111035 
9830000 0.0107559 0.0110949 
9840000 0.0107458 0.0110832 
9850000 0.0107362 0.0110724 
9860000 0.0107263 0.0110619 
9870000 0.010718 0.0110521 
9880000 0.0107064 0.0110434 
9890000 0.0106956 0.0110339 
9900000 0.0106865 0.0110222 
9910000 0.0106767 0.0110107 
9920000 0.0106647 0.0109996 
9930000 0.0106561 0.0109921 
9940000 0.0106466 0.0109826 
9950000 0.0106364 0.010972 
9960000 0.0106265 0.010962 
9970000 0.010615 0.0109542 
9980000 0.0106053 0.0109456 
9990000 0.010594 0.0109358 
10000000 0.0105839 0.010926 
11000000 0.00968693 0.0100172 
12000000 0.00893475 0.0092637 
13000000 0.00829806 0.0086187 
14000000 0.0077423 0.00805952 
15000000 0.00727655 0.00756519 
16000000 0.00685594 0.00713578 
17000000 0.00648883 0.00675064 
18000000 0.0061455 0.0064076 
19000000 0.0058546 0.00610605 
20000000 0.00558829 0.00582799 
21000000 0.00534103 0.00557572 
22000000 0.00511323 0.00534281 
23000000 0.00490878 0.00513407 
24000000 0.00472686 0.00493576 
25000000 0.00455209 0.00475475 
26000000 0.00438877 0.00459575 
27000000 0.00423608 0.00444222 
28000000 0.00409627 0.00429744 
29000000 0.0039641 0.00416181 
30000000 0.00384465 0.00403218 
31000000 0.00372701 0.00391654 
32000000 0.00362203 0.00380569 
33000000 0.00351837 0.0036984 
34000000 0.00342483 0.00360051 
35000000 0.00333125 0.00350376 
36000000 0.00324671 0.00341239 
37000000 0.00317151 0.00332922 
38000000 0.00309663 0.00324858 
39000000 0.00302244 0.00317399 
40000000 0.00295416 0.0030987 
41000000 0.00288618 0.00303217 
42000000 0.00282218 0.00296938 
43000000 0.00276027 0.00290609 
44000000 0.00270301 0.00284598 
45000000 0.00264735 0.00278794 
46000000 0.00259543 0.00273571 
47000000 0.00254413 0.0026827 
48000000 0.00249784 0.00263237 
49000000 0.00245045 0.00258309 
50000000 0.0023984 0.00253332 
51000000 0.00235981 0.00248912 
52000000 0.00231952 0.00244506 
53000000 0.00227856 0.00240356 
54000000 0.00224279 0.00236297 
55000000 0.0022052 0.00232471 
56000000 0.00216846 0.00228558 
57000000 0.00213344 0.00224936 
58000000 0.00210012 0.00221333 
59000000 0.00206773 0.00217867 
60000000 0.00203589 0.00214427 
61000000 0.00200428 0.00211344 
62000000 0.00197385 0.00208132 
63000000 0.00194681 0.00204994 
64000000 0.00191799 0.00202125 
65000000 0.00189011 0.00199204 
66000000 0.00186323 0.00196458 
67000000 0.00183703 0.00193833 
68000000 0.00181099 0.00191225 
69000000 0.00178657 0.00188631 
70000000 0.00176297 0.00186079 
71000000 0.0017423 0.00183819 
72000000 0.00171951 0.00181342 
73000000 0.00169825 0.0017898 
74000000 0.00167691 0.00176795 
75000000 0.00165534 0.00174744 
76000000 0.00163441 0.00172702 
77000000 0.00161705 0.00170717 
78000000 0.00159838 0.00168718 
79000000 0.00158111 0.00166593 
80000000 0.00156158 0.00164713 
81000000 0.00154301 0.00162857 
82000000 0.00152621 0.00160975 
83000000 0.00151043 0.00159323 
84000000 0.00149297 0.0015767 
85000000 0.00147677 0.00155988 
86000000 0.00146178 0.001542 
87000000 0.00144561 0.00152743 
88000000 0.00143213 0.0015118 
89000000 0.00141758 0.00149572 
90000000 0.00140401 0.00147994 
91000000 0.00138967 0.00146532 
92000000 0.00137862 0.00145077 
93000000 0.00136615 0.00143643 
94000000 0.00135361 0.00142267 
95000000 0.00134068 0.00140931 
96000000 0.00132765 0.00139582 
97000000 0.00131371 0.00138404 
98000000 0.0013016 0.00137144 
99000000 0.00128987 0.00135956 
100000000 0.00127751 0.00134719 
101000000 0.00126547 0.00133439 
102000000 0.00125274 0.00132313 
103000000 0.00124351 0.00131172 
104000000 0.00123257 0.00130132 
105000000 0.00122086 0.0012896 
106000000 0.00121104 0.00127909 
107000000 0.00119859 0.00126832 
108000000 0.00119203 0.00125777 
109000000 0.00118254 0.00124768 
110000000 0.00117208 0.00123806 
111000000 0.00116118 0.00122776 
112000000 0.00115175 0.00121827 
113000000 0.00114243 0.00120728 
114000000 0.00113332 0.00119798 
115000000 0.00112522 0.00118831 
116000000 0.0011169 0.00117855 
117000000 0.00110805 0.00116916 
118000000 0.00109682 0.00116003 
119000000 0.0010914 0.00115168 
120000000 0.0010832 0.00114335 
121000000 0.00107499 0.00113432 
122000000 0.0010675 0.00112671 
123000000 0.00105677 0.00111764 
124000000 0.00105303 0.00110938 
125000000 0.00104495 0.00110175 
126000000 0.00103734 0.00109368 
127000000 0.0010304 0.00108587 
128000000 0.00102239 0.0010787 
129000000 0.00101423 0.00107122 
130000000 0.00100719 0.00106358 
131000000 0.000999975 0.00105607 
132000000 0.000992362 0.00104899 
133000000 0.000986006 0.00104194 
134000000 0.000978783 0.001035 
135000000 0.000971947 0.0010275 
136000000 0.000966242 0.0010203 
137000000 0.000960325 0.00101331 
138000000 0.00095349 0.00100711 
139000000 0.000947632 0.00100157 
140000000 0.0009415 0.000993854 
141000000 0.000935998 0.000987193 
142000000 0.000929925 0.000980685 
143000000 0.000924894 0.000974162 
144000000 0.000918097 0.000968007 
145000000 0.000912942 0.000962556 
146000000 0.000907573 0.000956801 
147000000 0.000902181 0.000950368 
148000000 0.000896412 0.000944382 
149000000 0.000890605 0.000939217 
150000000 0.00088494 0.000933621 
151000000 0.000879231 0.000927895 
152000000 0.000873848 0.000922772 
153000000 0.000868532 0.000917185 
154000000 0.000863863 0.000911271 
155000000 0.000858705 0.0009056 
156000000 0.000853706 0.000899859 
157000000 0.000847588 0.000894273 
158000000 0.000844262 0.000889179 
159000000 0.000839673 0.000885009 
160000000 0.000835351 0.000879929 
161000000 0.000830342 0.000874737 
162000000 0.000826046 0.00087029 
163000000 0.000819433 0.00086561 
164000000 0.000817203 0.000861283 
165000000 0.000812735 0.000856651 
166000000 0.00080879 0.00085203 
167000000 0.000804427 0.000846978 
168000000 0.000799698 0.000842715 
169000000 0.000795627 0.000838187 
170000000 0.000791163 0.000833484 
171000000 0.000786387 0.000829237 
172000000 0.000782159 0.000824959 
173000000 0.000778076 0.000820555 
174000000 0.0007743 0.000815863 
175000000 0.000770287 0.000811594 
176000000 0.000766368 0.00080742 
177000000 0.000760719 0.00080403 
178000000 0.000758923 0.000799663 
179000000 0.000755294 0.000795655 
180000000 0.000751396 0.000791737 
181000000 0.000747851 0.000788019 
182000000 0.000744302 0.000784177 
183000000 0.000738453 0.000780605 
184000000 0.000736941 0.000776446 
185000000 0.000732976 0.000772959 
186000000 0.000729157 0.00076918 
187000000 0.000725481 0.000765956 
188000000 0.000721655 0.000762066 
189000000 0.000717661 0.000758217 
190000000 0.000714505 0.000754487 
191000000 0.000710929 0.000751079 
192000000 0.000707921 0.00074758 
193000000 0.00070434 0.000744275 
194000000 0.000701 0.000740611 
195000000 0.000697346 0.00073768 
196000000 0.000692006 0.000734146 
197000000 0.000691387 0.000730661 
198000000 0.000688303 0.000727226 
199000000 0.000684835 0.000723928 
200000000 0.000681377 0.000720683 
201000000 0.000677999 0.000717288 
202000000 0.000673101 0.000714634 
203000000 0.000672593 0.000711503 
204000000 0.000669251 0.000708972 
205000000 0.000666165 0.00070591 
206000000 0.000663176 0.00070277 
207000000 0.00065969 0.000699392 
208000000 0.000656759 0.000696007 
209000000 0.000654074 0.000693915 
210000000 0.00065183 0.000691132 
211000000 0.000648788 0.000687889 
212000000 0.000645579 0.00068446 
213000000 0.000642535 0.000681937 
214000000 0.00063961 0.000679101 
215000000 0.00063666 0.000676489 
216000000 0.000633581 0.000673686 
217000000 0.000631043 0.000671297 
218000000 0.000629528 0.000668369 
219000000 0.000627217 0.000665452 
220000000 0.000625151 0.000662597 
221000000 0.000622565 0.000660156 
222000000 0.000619623 0.000657501 
223000000 0.000617837 0.000654972 
224000000 0.00061516 0.000652421 
225000000 0.000612913 0.000649734 
226000000 0.000610096 0.000647274 
227000000 0.000607563 0.000644905 
228000000 0.000605142 0.000642403 
229000000 0.000603144 0.000639619 
230000000 0.000601015 0.000637026 
231000000 0.000599125 0.000634485 
232000000 0.000596654 0.000632059 
233000000 0.000593653 0.000629616 
234000000 0.000591614 0.000627138 
235000000 0.000589901 0.00062532 
236000000 0.000587862 0.000622948 
237000000 0.000585153 0.00062046 
238000000 0.000582715 0.000618166 
239000000 0.000579138 0.000615674 
240000000 0.000578344 0.000612927 
241000000 0.000576214 0.000610764 
242000000 0.000573746 0.000608409 
243000000 0.000571983 0.000605458 
244000000 0.000569963 0.000604222 
245000000 0.000568248 0.000601895 
246000000 0.000566201 0.000599555 
247000000 0.000564533 0.000597253 
248000000 0.000562552 0.00059522 
249000000 0.000559672 0.000593135 
250000000 0.000557561 0.000590849 
251000000 0.000556867 0.000588761 
252000000 0.00055456 0.000586974 
253000000 0.000552762 0.000585165 
254000000 0.000550807 0.000582728 
255000000 0.000549233 0.000580561 
256000000 0.000547216 0.000578686 
257000000 0.000545178 0.000576704 
258000000 0.000543076 0.000574597 
259000000 0.000540922 0.000572591 
260000000 0.000539183 0.000570979 
261000000 0.000537417 0.000569111 
262000000 0.000535657 0.000567353 
263000000 0.000533332 0.000565589 
264000000 0.000529839 0.000563471 
265000000 0.000530434 0.000561202 
266000000 0.000528531 0.000558915 
267000000 0.000526578 0.000557267 
268000000 0.000523614 0.000555332 
269000000 0.000522878 0.000553674 
270000000 0.000521457 0.000551824 
271000000 0.000519726 0.000550034 
272000000 0.000517441 0.000548121 
273000000 0.000515561 0.000546706 
274000000 0.000513377 0.000544633 
275000000 0.000511877 0.000542464 
276000000 0.000510706 0.00054011 
277000000 0.000507565 0.000538818 
278000000 0.000507861 0.000537003 
279000000 0.000506379 0.000535269 
280000000 0.000504705 0.000533062 
281000000 0.000503114 0.000531739 
282000000 0.000501653 0.000530166 
283000000 0.000499934 0.000528325 
284000000 0.000497875 0.000526509 
285000000 0.000496288 0.000525005 
286000000 0.000495771 0.000522778 
287000000 0.000491668 0.000521739 
288000000 0.000492331 0.000519985 
289000000 0.000491017 0.000518305 
290000000 0.000489551 0.000517007 
291000000 0.000487985 0.000515077 
292000000 0.00048619 0.000513748 
293000000 0.000484843 0.00051207 
294000000 0.000482548 0.000510699 
295000000 0.000480417 0.000509604 
296000000 0.000480912 0.000508028 
297000000 0.000479628 0.00050656 
298000000 0.000477572 0.000504852 
299000000 0.000476889 0.000503454 
300000000 0.000475191 0.000502293 
301000000 0.00047346 0.000500684 
302000000 0.000472038 0.000498531 
303000000 0.000470545 0.000497175 
304000000 0.000468903 0.000495918 
305000000 0.000467378 0.000494295 
306000000 0.000466002 0.000492969 
307000000 0.000464587 0.00049148 
308000000 0.000462129 0.000490134 
309000000 0.00046169 0.000488266 
310000000 0.000460971 0.000486815 
311000000 0.000459744 0.000485025 
312000000 0.000458208 0.000483993 
313000000 0.000455063 0.000482612 
314000000 0.000455601 0.000481433 
315000000 0.00045443 0.000480298 
316000000 0.000453296 0.000478575 
317000000 0.00045197 0.000477119 
318000000 0.000450688 0.000475576 
319000000 0.000449544 0.000473984 
320000000 0.000448384 0.00047281 
321000000 0.000447158 0.000471444 
322000000 0.000445323 0.000470175 
323000000 0.000442189 0.000469082 
324000000 0.000443492 0.00046794 
325000000 0.000442333 0.000466553 
326000000 0.000441101 0.000465227 
327000000 0.000437998 0.000464239 
328000000 0.00043867 0.000462998 
329000000 0.000437251 0.000461908 
330000000 0.000436168 0.000460625 
331000000 0.000434923 0.000459523 
332000000 0.0004338 0.000458023 
333000000 0.000432594 0.00045682 
334000000 0.000431283 0.000455226 
335000000 0.000428865 0.00045407 
336000000 0.000429576 0.000452803 
337000000 0.000428577 0.000451417 
338000000 0.000426175 0.000450199 
339000000 0.000426889 0.000449041 
340000000 0.000426036 0.000447928 
341000000 0.000424991 0.000446726 
342000000 0.000423438 0.000445304 
343000000 0.000420587 0.000444255 
344000000 0.000421339 0.000443183 
345000000 0.000420611 0.00044215 
346000000 0.000418122 0.000441345 
347000000 0.000418553 0.000440108 
348000000 0.000417582 0.000438135 
349000000 0.000416487 0.000437892 
350000000 0.000415218 0.00043655 
351000000 0.000412751 0.000435674 
352000000 0.000413263 0.000434398 
353000000 0.000411811 0.000433193 
354000000 0.00041165 0.000431761 
355000000 0.000410698 0.000430865 
356000000 0.000409607 0.000429718 
357000000 0.000407379 0.000428728 
358000000 0.000406458 0.000427833 
359000000 0.000406223 0.000426664 
360000000 0.000404616 0.000425722 
361000000 0.000404721 0.000424666 
362000000 0.000403799 0.000423565 
363000000 0.00040266 0.000422345 
364000000 0.00040096 0.00042136 
365000000 0.000398376 0.000420156 
366000000 0.000399502 0.000419221 
367000000 0.000396698 0.000418363 
368000000 0.000397535 0.000417522 
369000000 0.000396898 0.000416385 
370000000 0.000396088 0.000415082 
371000000 0.000395116 0.000414103 
372000000 0.00039358 0.000413172 
373000000 0.000391043 0.000412059 
374000000 0.000392241 0.000410894 
375000000 0.000391398 0.000409924 
376000000 0.000389205 0.000409178 
377000000 0.000389815 0.000408183 
378000000 0.000388849 0.000407338 
379000000 0.000387975 0.000406225 
380000000 0.00038706 0.000405578 
381000000 0.000386067 0.000404793 
382000000 0.000384785 0.000403662 
383000000 0.000382642 0.000402678 
384000000 0.000382983 0.000402091 
385000000 0.000382713 0.000400902 
386000000 0.000379927 0.000400347 
387000000 0.000380629 0.000399381 
388000000 0.00037993 0.000398479 
389000000 0.000379131 0.000397079 
390000000 0.000378503 0.000396526 
391000000 0.000377554 0.000395456 
392000000 0.000376674 0.000394621 
393000000 0.000375877 0.000393772 
394000000 0.000374197 0.000392756 
395000000 0.000373088 0.000391709 
396000000 0.000373746 0.000390901 
397000000 0.000372733 0.000389613 
398000000 0.000371617 0.000389051 
399000000 0.000370551 0.000388292 
400000000 0.000370475 0.00038753 
401000000 0.000369487 0.000386624 
402000000 0.000368663 0.000385232 
403000000 0.000367899 0.000385015 
404000000 0.000367113 0.000384117 
405000000 0.000365997 0.000383456 
406000000 0.000364836 0.00038263 
407000000 0.000362433 0.000381722 
408000000 0.000363471 0.000380875 
409000000 0.000363009 0.000380015 
410000000 0.000361066 0.000379492 
411000000 0.000360714 0.000378609 
412000000 0.00036079 0.000377785 
413000000 0.00036007 0.000376941 
414000000 0.000359195 0.000376199 
415000000 0.000358296 0.000375473 
416000000 0.000357438 0.000374576 
417000000 0.000356808 0.000373901 
418000000 0.00035574 0.000373068 
419000000 0.000353086 0.000372376 
420000000 0.000354257 0.000371548 
421000000 0.000354065 0.000370873 
422000000 0.00035322 0.000370283 
423000000 0.000350563 0.00036965 
424000000 0.000352052 0.000369031 
425000000 0.000351298 0.000368084 
426000000 0.000350569 0.000366803 
427000000 0.000349871 0.000366677 
428000000 0.00034907 0.000366106 
429000000 0.000348303 0.000365425 
430000000 0.000347563 0.000364559 
431000000 0.000344627 0.000363856 
432000000 0.000345636 0.000363079 
433000000 0.000345997 0.000362221 
434000000 0.000344377 0.000361574 
435000000 0.000343443 0.000360749 
436000000 0.000343838 0.000360087 
