0 0 0 
1 0 0 
2 0 0 
3 0 0 
4 0.00122829 1.34776 
5 0.00102357 1.12313 
6 0.000877349 0.962686 
7 0.589916 0.84235 
8 0.52437 0.748756 
9 0.993369 0.67388 
10 5.81928 2.47187 
11 5.73434 2.41678 
12 9.35439 2.23088 
13 10.5103 2.07153 
14 13.419 2.16944 
15 15.9575 2.44406 
16 18.1855 2.62762 
17 17.5376 2.50608 
18 17.006 2.37418 
19 17.6494 2.25548 
20 16.9689 2.14807 
21 18.6567 2.05483 
22 17.9609 1.97699 
23 17.4615 1.89965 
24 17.0256 1.82988 
25 16.3764 1.76267 
26 15.9297 1.6998 
27 16.3465 1.63909 
28 16.7463 1.58497 
29 16.2388 1.57876 
30 15.8247 1.74572 
31 15.3568 1.77063 
32 15.1587 1.81884 
33 14.7448 1.79328 
34 14.5216 1.78015 
35 14.1411 1.74401 
36 13.8674 1.69922 
37 13.667 1.67176 
38 13.4536 1.6603 
39 13.1777 1.68071 
40 13.066 1.65208 
41 12.8185 1.61601 
42 12.6341 1.57933 
43 12.4643 1.54385 
44 12.1903 1.50955 
45 11.9269 1.47673 
46 11.6913 1.44863 
47 11.6332 1.42441 
48 11.5084 1.41011 
49 11.3099 1.38469 
50 11.2128 1.36054 
51 11.063 1.35283 
52 10.9676 1.33513 
53 10.8901 1.3164 
54 10.8883 1.29256 
55 10.7375 1.27242 
56 10.5842 1.27497 
57 10.4416 1.25958 
58 10.3777 1.24219 
59 10.3083 1.26402 
60 10.1931 1.24991 
61 10.1003 1.23649 
62 10.0142 1.21972 
63 9.92333 1.21328 
64 9.95111 1.20656 
65 9.83436 1.19008 
66 9.71429 1.17381 
67 9.5847 1.19808 
68 9.48694 1.186 
69 9.35702 1.19041 
70 9.27827 1.18086 
71 9.21705 1.16802 
72 9.0925 1.15505 
73 8.97694 1.14325 
74 8.90079 1.13999 
75 8.82146 1.12936 
76 8.72464 1.12364 
77 8.70784 1.13097 
78 8.62075 1.12553 
79 8.56532 1.12092 
80 8.52835 1.11588 
81 8.46048 1.10765 
82 8.4205 1.0993 
83 8.35755 1.09326 
84 8.26655 1.08341 
85 8.19978 1.07117 
86 8.16534 1.06912 
87 8.10927 1.06766 
88 8.04085 1.06104 
89 7.97769 1.05714 
90 7.96071 1.0474 
91 7.90513 1.04257 
92 7.841 1.04502 
93 7.78329 1.03586 
94 7.72651 1.03458 
95 7.6552 1.02726 
96 7.62207 1.01795 
97 7.58155 1.00966 
98 7.5237 1.00215 
99 7.46441 0.995114 
100 7.42067 0.984713 
101 7.34913 0.976264 
102 7.29784 0.971166 
103 7.28649 0.965555 
104 7.22424 0.960354 
105 7.16388 0.951661 
106 7.11323 0.943654 
107 7.08754 0.934944 
108 7.053 0.927386 
109 7.03261 0.922328 
110 6.97226 0.913841 
111 6.92043 0.906258 
112 6.86288 0.900536 
113 6.81337 0.895303 
114 6.77827 0.889505 
115 6.73708 0.888316 
116 6.69917 0.881133 
117 6.66511 0.87367 
118 6.64788 0.869132 
119 6.59413 0.862163 
120 6.54495 0.856166 
121 6.4978 0.856642 
122 6.47118 0.852281 
123 6.49333 0.846597 
124 6.44557 0.849928 
125 6.40178 0.844135 
126 6.35217 0.837963 
127 6.34169 0.831432 
128 6.36335 0.828284 
129 6.32243 0.822988 
130 6.27588 0.816706 
131 6.22882 0.810285 
132 6.19088 0.804145 
133 6.16031 0.800032 
134 6.11704 0.801229 
135 6.08328 0.799156 
136 6.04009 0.795655 
137 6.00527 0.790361 
138 5.97087 0.792697 
139 5.93567 0.791193 
140 5.90478 0.787177 
141 5.87572 0.783073 
142 5.8444 0.781045 
143 5.81603 0.777158 
144 5.78576 0.773253 
145 5.75486 0.768839 
146 5.71773 0.764895 
147 5.68466 0.762119 
148 5.64883 0.757238 
149 5.61805 0.75219 
150 5.58005 0.747209 
151 5.55199 0.742293 
152 5.53586 0.739304 
153 5.50258 0.735513 
154 5.49743 0.730782 
155 5.46695 0.72742 
156 5.43385 0.722798 
157 5.41677 0.719589 
158 5.38363 0.716097 
159 5.35155 0.711344 
160 5.32578 0.7095 
161 5.29624 0.710174 
162 5.26382 0.705988 
163 5.24043 0.705345 
164 5.21863 0.701077 
165 5.20596 0.697329 
166 5.17752 0.69443 
167 5.14674 0.691765 
168 5.11872 0.688832 
169 5.10205 0.686514 
170 5.07533 0.685194 
171 5.05957 0.682539 
172 5.03724 0.678594 
173 5.00871 0.674855 
174 4.98561 0.676136 
175 4.96943 0.673589 
176 4.94214 0.670372 
177 4.92151 0.668245 
178 4.89968 0.664656 
179 4.87341 0.660963 
180 4.85054 0.657312 
181 4.87444 0.6537 
182 4.86368 0.650128 
183 4.84021 0.646759 
184 4.81817 0.644805 
185 4.82047 0.641552 
186 4.79642 0.641154 
187 4.77748 0.638463 
188 4.75246 0.635885 
189 4.73793 0.633657 
190 4.72003 0.63034 
191 4.69547 0.628068 
192 4.68279 0.628735 
193 4.66218 0.627771 
194 4.64394 0.624551 
195 4.62062 0.621365 
196 4.60047 0.61948 
197 4.58217 0.617968 
198 4.5598 0.615924 
199 4.54016 0.613495 
200 4.52845 0.614636 
201 4.50905 0.611593 
202 4.50247 0.610114 
203 4.47962 0.607133 
204 4.47724 0.6044 
205 4.4745 0.602297 
206 4.45411 0.600112 
207 4.45348 0.597227 
208 4.43809 0.594427 
209 4.42918 0.594281 
210 4.42635 0.595669 
211 4.41704 0.595577 
212 4.3963 0.592781 
213 4.37788 0.59157 
214 4.35899 0.58904 
215 4.33902 0.589214 
216 4.34933 0.593428 
217 4.32865 0.59071 
218 4.31239 0.591245 
219 4.30121 0.589756 
220 4.28478 0.587087 
221 4.26808 0.58443 
222 4.24978 0.582511 
223 4.23136 0.58355 
224 4.22378 0.58194 
225 4.20999 0.579365 
226 4.19279 0.577943 
227 4.18308 0.576813 
228 4.17921 0.575616 
229 4.17012 0.574498 
230 4.15553 0.572511 
231 4.13929 0.570043 
232 4.12382 0.567597 
233 4.10626 0.567211 
234 4.09227 0.565415 
235 4.07875 0.564906 
236 4.06453 0.564085 
237 4.04798 0.561715 
238 4.03221 0.560632 
239 4.02773 0.558296 
240 4.01391 0.557217 
241 3.99985 0.556528 
242 3.9918 0.555703 
243 3.979 0.553426 
244 3.96583 0.55373 
245 3.96267 0.552272 
246 3.96122 0.550532 
247 3.9469 0.550555 
248 3.93461 0.550171 
249 3.91896 0.548075 
250 3.9087 0.546379 
251 3.90523 0.544188 
252 3.88983 0.542394 
253 3.87783 0.540273 
254 3.86489 0.539397 
255 3.85135 0.53729 
256 3.83817 0.53858 
257 3.82661 0.538004 
258 3.81199 0.536859 
259 3.79936 0.538676 
260 3.78618 0.536612 
261 3.77273 0.54132 
262 3.75949 0.539262 
263 3.75113 0.53722 
264 3.73802 0.535192 
265 3.72775 0.534204 
266 3.71628 0.532204 
267 3.70801 0.530474 
268 3.69522 0.52853 
269 3.68448 0.528467 
270 3.67487 0.527585 
271 3.66441 0.526745 
272 3.65246 0.525469 
273 3.64001 0.524126 
274 3.6411 0.52222 
275 3.62791 0.520481 
276 3.61481 0.520159 
277 3.60215 0.518805 
278 3.59122 0.517455 
279 3.57852 0.51782 
280 3.56697 0.515977 
281 3.55468 0.514142 
282 3.5484 0.514411 
283 3.53779 0.512731 
284 3.52725 0.510932 
285 3.52497 0.509825 
286 3.51811 0.509489 
287 3.51609 0.507688 
288 3.5065 0.506389 
289 3.49441 0.504889 
290 3.48545 0.503154 
291 3.47778 0.502493 
292 3.48901 0.501346 
293 3.47792 0.499641 
294 3.46935 0.49804 
295 3.45859 0.497064 
296 3.44797 0.496848 
297 3.44053 0.496031 
298 3.43157 0.496256 
299 3.42023 0.494516 
300 3.40887 0.492873 
301 3.40328 0.491241 
302 3.39365 0.49004 
303 3.38309 0.48843 
304 3.37746 0.48708 
305 3.3705 0.485597 
306 3.36575 0.484015 
307 3.38275 0.482443 
308 3.37498 0.481745 
309 3.3648 0.480503 
310 3.36113 0.478958 
311 3.35433 0.477422 
312 3.34458 0.476 
313 3.33523 0.474485 
314 3.32521 0.472915 
315 3.31469 0.471419 
316 3.30563 0.4709 
317 3.30752 0.469477 
318 3.29875 0.467776 
319 3.29464 0.466597 
320 3.29088 0.46525 
321 3.2866 0.463846 
322 3.2776 0.462681 
323 3.26922 0.462086 
324 3.25975 0.461945 
325 3.25844 0.461511 
326 3.24845 0.460595 
327 3.23866 0.459192 
328 3.24857 0.457846 
329 3.2435 0.456462 
330 3.23373 0.457527 
331 3.22994 0.456444 
332 3.22161 0.456814 
333 3.21407 0.455447 
334 3.2048 0.454307 
335 3.19879 0.453089 
336 3.19084 0.451981 
337 3.18452 0.451315 
338 3.17991 0.450289 
339 3.17668 0.4494 
340 3.16866 0.448183 
341 3.15954 0.447304 
342 3.15141 0.446328 
343 3.14239 0.445299 
344 3.13418 0.444009 
345 3.1261 0.443079 
346 3.11741 0.442735 
347 3.10845 0.441388 
348 3.10213 0.44063 
349 3.09507 0.441479 
350 3.09181 0.440097 
351 3.0864 0.438872 
352 3.08154 0.43774 
353 3.07292 0.436852 
354 3.07848 0.436075 
355 3.07341 0.435279 
356 3.06525 0.434062 
357 3.06135 0.432972 
358 3.0533 0.431904 
359 3.04614 0.430704 
360 3.03944 0.429511 
361 3.03335 0.428324 
362 3.02856 0.42724 
363 3.02086 0.426459 
364 3.01736 0.425291 
365 3.00939 0.42571 
366 3.0024 0.424959 
367 2.99511 0.424272 
368 2.99665 0.423993 
369 2.98938 0.422872 
370 2.99745 0.421779 
371 2.9893 0.422202 
372 2.98108 0.421753 
373 2.97454 0.421009 
374 2.9684 0.419886 
375 2.96063 0.4187 
376 2.95504 0.417705 
377 2.94958 0.417107 
378 2.94379 0.416203 
379 2.93617 0.415023 
380 2.92849 0.415047 
381 2.92144 0.41396 
382 2.91416 0.412757 
383 2.90627 0.411937 
384 2.909 0.411617 
385 2.90303 0.410929 
386 2.89646 0.409959 
387 2.88865 0.408903 
388 2.89455 0.407852 
389 2.88767 0.406647 
390 2.88363 0.405608 
391 2.8783 0.404573 
392 2.87328 0.403585 
393 2.8715 0.402568 
394 2.86612 0.401549 
395 2.85993 0.400453 
396 2.85415 0.399445 
397 2.84736 0.398639 
398 2.84266 0.397902 
399 2.83736 0.396943 
400 2.83225 0.39675 
401 2.82629 0.395763 
402 2.82203 0.394582 
403 2.81498 0.394042 
404 2.81111 0.39322 
405 2.80507 0.392346 
406 2.79904 0.393374 
407 2.79218 0.392394 
408 2.7849 0.391491 
409 2.77855 0.390602 
410 2.77257 0.389651 
411 2.76714 0.389319 
412 2.76074 0.389613 
413 2.75716 0.390511 
414 2.75426 0.38957 
415 2.75124 0.388633 
416 2.74779 0.387475 
417 2.74131 0.386544 
418 2.74195 0.385621 
419 2.73692 0.384843 
420 2.73116 0.383933 
421 2.72564 0.383136 
422 2.72229 0.382143 
423 2.71659 0.381269 
424 2.71024 0.380848 
425 2.70911 0.380536 
426 2.70362 0.379551 
427 2.69747 0.379003 
428 2.69179 0.378217 
429 2.68554 0.379848 
430 2.67931 0.37898 
431 2.67415 0.378144 
432 2.6704 0.377271 
433 2.66594 0.377178 
434 2.66123 0.376311 
435 2.65516 0.375448 
436 2.65324 0.374589 
437 2.64809 0.373734 
438 2.64517 0.37288 
439 2.6395 0.372032 
440 2.63344 0.371189 
441 2.62899 0.37047 
442 2.62732 0.369894 
443 2.62208 0.370083 
444 2.61695 0.369344 
445 2.61312 0.3688 
446 2.6082 0.368192 
447 2.60505 0.367417 
448 2.6011 0.367261 
449 2.59799 0.366917 
450 2.59508 0.36611 
451 2.58883 0.365545 
452 2.58298 0.364738 
453 2.57795 0.363935 
454 2.57282 0.363135 
455 2.56712 0.362339 
456 2.56758 0.361546 
457 2.56213 0.360757 
458 2.55849 0.359971 
459 2.55326 0.359149 
460 2.55064 0.358387 
461 2.54682 0.357611 
462 2.54116 0.357403 
463 2.53552 0.356584 
464 2.53157 0.355817 
465 2.52692 0.355059 
466 2.52167 0.355029 
467 2.51518 0.354227 
468 2.50982 0.353405 
469 2.50431 0.352667 
470 2.49915 0.352497 
471 2.49499 0.351796 
472 2.49069 0.351052 
473 2.48549 0.350311 
474 2.48065 0.349749 
475 2.47578 0.349011 
476 2.47156 0.348279 
477 2.46656 0.34755 
478 2.46141 0.346825 
479 2.45603 0.345772 
480 2.45361 0.345053 
481 2.44979 0.344325 
482 2.44509 0.343683 
483 2.44012 0.344004 
484 2.43625 0.343379 
485 2.43123 0.34277 
486 2.42574 0.34282 
487 2.42078 0.342118 
488 2.41555 0.341945 
489 2.41064 0.341318 
490 2.40683 0.340623 
491 2.40228 0.339931 
492 2.39752 0.339241 
493 2.39332 0.339176 
494 2.38849 0.338631 
495 2.38367 0.337948 
496 2.37951 0.337486 
497 2.37484 0.336808 
498 2.36962 0.335946 
499 2.36482 0.335507 
500 2.35993 0.334838 
501 2.35525 0.334999 
502 2.35099 0.334333 
503 2.34675 0.33422 
504 2.34355 0.334039 
505 2.33891 0.333492 
506 2.33463 0.33298 
507 2.33163 0.332321 
508 2.32772 0.331876 
509 2.32365 0.331225 
510 2.3192 0.330704 
511 2.31488 0.330058 
512 2.31025 0.329704 
513 2.30969 0.329286 
514 2.30527 0.32868 
515 2.301 0.327895 
516 2.29571 0.328402 
517 2.29098 0.327747 
518 2.28717 0.327453 
519 2.28613 0.326911 
520 2.28277 0.3263 
521 2.2796 0.325607 
522 2.27615 0.32549 
523 2.27184 0.324868 
524 2.26818 0.324645 
525 2.26666 0.324028 
526 2.26259 0.323389 
527 2.25868 0.322881 
528 2.256 0.322312 
529 2.25191 0.321816 
530 2.24769 0.323621 
531 2.245 0.323619 
532 2.24088 0.322941 
533 2.23729 0.322336 
534 2.23337 0.321734 
535 2.23053 0.321091 
536 2.22708 0.320493 
537 2.2253 0.320494 
538 2.22215 0.320287 
539 2.21925 0.319876 
540 2.21668 0.319412 
541 2.21467 0.318995 
542 2.21188 0.319143 
543 2.2081 0.318557 
544 2.20501 0.321438 
545 2.20344 0.321945 
546 2.20046 0.321328 
547 2.1976 0.320933 
548 2.19516 0.320348 
549 2.19166 0.319677 
550 2.18775 0.319976 
551 2.18394 0.319616 
552 2.18073 0.319555 
553 2.18062 0.319096 
554 2.17849 0.32087 
555 2.17526 0.320293 
556 2.17159 0.3204 
557 2.1684 0.320299 
558 2.16479 0.31962 
559 2.16092 0.319049 
560 2.15701 0.318372 
561 2.15433 0.317805 
562 2.15373 0.317727 
563 2.15002 0.317164 
564 2.14686 0.316602 
565 2.14536 0.316015 
566 2.14381 0.315457 
567 2.14343 0.314902 
568 2.13971 0.314415 
569 2.13629 0.314118 
570 2.13331 0.313887 
571 2.13056 0.313338 
572 2.12711 0.313697 
573 2.12494 0.313069 
574 2.12204 0.31266 
575 2.12154 0.313252 
576 2.11833 0.312709 
577 2.11495 0.312335 
578 2.11557 0.311837 
579 2.11388 0.31199 
580 2.11031 0.311744 
581 2.11156 0.311233 
582 2.10794 0.311029 
583 2.10804 0.310496 
584 2.10588 0.309954 
585 2.10667 0.309291 
586 2.10435 0.309071 
587 2.10113 0.308574 
588 2.09997 0.309536 
589 2.09852 0.309002 
590 2.09517 0.309285 
591 2.09542 0.308801 
592 2.09209 0.308268 
593 2.08935 0.30762 
594 2.09209 0.307103 
595 2.09005 0.307001 
596 2.08713 0.306574 
597 2.08621 0.306052 
598 2.08281 0.305541 
599 2.0793 0.30503 
600 2.07674 0.304523 
601 2.07496 0.304402 
602 2.0735 0.303878 
603 2.077 0.303185 
604 2.07616 0.303061 
605 2.07537 0.302442 
606 2.07239 0.302053 
607 2.06903 0.301502 
608 2.06866 0.301445 
609 2.06601 0.30095 
610 2.06574 0.300736 
611 2.06229 0.300369 
612 2.05935 0.300092 
613 2.05716 0.299604 
614 2.05464 0.299116 
615 2.05147 0.298658 
616 2.04868 0.298174 
617 2.04559 0.29784 
618 2.04186 0.297484 
619 2.03889 0.296999 
620 2.0356 0.296521 
621 2.03614 0.29593 
622 2.03316 0.295647 
623 2.03112 0.295356 
624 2.0327 0.294848 
625 2.02935 0.295217 
626 2.02607 0.295521 
627 2.0244 0.295097 
628 2.0209 0.294651 
629 2.01926 0.294454 
630 2.01615 0.293988 
631 2.01463 0.293607 
632 2.01387 0.292876 
633 2.0113 0.292414 
634 2.00812 0.291966 
635 2.00992 0.291374 
636 2.00723 0.290999 
637 2.00692 0.290546 
638 2.00564 0.290381 
639 2.00252 0.289928 
640 2.00071 0.289876 
641 1.99771 0.289425 
642 1.99566 0.289092 
643 1.99365 0.288803 
644 1.99072 0.288356 
645 1.98887 0.287909 
646 1.98701 0.287464 
647 1.98475 0.287344 
648 1.98177 0.286901 
649 1.97949 0.286259 
650 1.97626 0.285821 
651 1.97323 0.285383 
652 1.97197 0.284966 
653 1.96985 0.284679 
654 1.96698 0.284424 
655 1.96558 0.283991 
656 1.96271 0.283612 
657 1.96074 0.284343 
658 1.96069 0.283941 
659 1.95888 0.283825 
660 1.95591 0.283396 
661 1.95647 0.283129 
662 1.95323 0.282813 
663 1.95054 0.282387 
664 1.94931 0.282365 
665 1.94639 0.28195 
666 1.94323 0.282008 
667 1.94111 0.281781 
668 1.93854 0.28136 
669 1.93641 0.280714 
670 1.93353 0.280296 
671 1.93259 0.279739 
672 1.92972 0.279277 
673 1.92693 0.278862 
674 1.92447 0.278449 
675 1.92217 0.278358 
676 1.92017 0.277919 
677 1.91755 0.277443 
678 1.91552 0.276913 
679 1.91275 0.276744 
680 1.91122 0.276985 
681 1.9158 0.276579 
682 1.91302 0.276174 
683 1.91033 0.275913 
684 1.90742 0.27551 
685 1.90598 0.275109 
686 1.90457 0.274708 
687 1.90169 0.274309 
688 1.8996 0.273911 
689 1.89965 0.273518 
690 1.89717 0.27379 
691 1.89439 0.273418 
692 1.89357 0.273023 
693 1.89144 0.27263 
694 1.89169 0.27284 
695 1.88957 0.272497 
696 1.89093 0.272016 
697 1.88831 0.272267 
698 1.88858 0.271903 
699 1.88921 0.271637 
700 1.88703 0.271249 
701 1.88437 0.270968 
702 1.88146 0.27065 
703 1.88112 0.27027 
704 1.87845 0.26992 
705 1.87696 0.269422 
706 1.87496 0.268999 
707 1.87298 0.268867 
708 1.87057 0.268845 
709 1.86805 0.268517 
710 1.86637 0.267918 
711 1.86353 0.267712 
712 1.86127 0.267414 
713 1.85866 0.267033 
714 1.85617 0.266537 
715 1.85474 0.265989 
716 1.85321 0.26591 
717 1.85408 0.265831 
718 1.85244 0.265588 
719 1.85021 0.265227 
720 1.84781 0.26486 
721 1.84525 0.264651 
722 1.84499 0.264285 
723 1.84335 0.263888 
724 1.84162 0.263694 
725 1.83956 0.263331 
726 1.83732 0.262968 
727 1.83508 0.262845 
728 1.83276 0.262442 
729 1.83038 0.262097 
730 1.82751 0.263055 
731 1.82597 0.262598 
732 1.82415 0.263355 
733 1.82201 0.263041 
734 1.81949 0.262793 
735 1.81759 0.262625 
736 1.81681 0.262404 
737 1.81499 0.262449 
738 1.81204 0.262085 
739 1.80971 0.261705 
740 1.80691 0.261253 
741 1.80485 0.261112 
742 1.8034 0.26076 
743 1.80097 0.260477 
744 1.79888 0.260574 
745 1.79677 0.260109 
746 1.7945 0.259761 
747 1.79231 0.259446 
748 1.79091 0.25934 
749 1.78936 0.258994 
750 1.78661 0.25895 
751 1.78449 0.259135 
752 1.78486 0.259151 
753 1.78303 0.258909 
754 1.78083 0.258874 
755 1.77883 0.259052 
756 1.77654 0.258702 
757 1.77506 0.25842 
758 1.77337 0.258565 
759 1.77104 0.258257 
760 1.76935 0.25797 
761 1.76749 0.257632 
762 1.76594 0.257269 
763 1.76374 0.256932 
764 1.76177 0.257349 
765 1.75991 0.256925 
766 1.75779 0.256551 
767 1.75604 0.256371 
768 1.75384 0.256038 
769 1.75148 0.255938 
770 1.7493 0.255702 
771 1.74708 0.255648 
772 1.74463 0.255317 
773 1.74233 0.254988 
774 1.74013 0.254776 
775 1.73821 0.254448 
776 1.73629 0.254107 
777 1.734 0.254138 
778 1.73213 0.254254 
779 1.72991 0.254541 
780 1.72752 0.254215 
781 1.72557 0.253807 
782 1.72336 0.253482 
783 1.72218 0.253159 
784 1.72027 0.252836 
785 1.71847 0.252575 
786 1.71657 0.253103 
787 1.71441 0.252807 
788 1.71274 0.252542 
789 1.71109 0.252427 
790 1.71152 0.252456 
791 1.70959 0.252907 
792 1.70772 0.252588 
793 1.70553 0.252334 
794 1.70367 0.25213 
795 1.70163 0.251858 
796 1.69949 0.251718 
797 1.69742 0.25165 
798 1.69547 0.251375 
799 1.69412 0.251183 
800 1.69219 0.250869 
801 1.68992 0.250893 
802 1.68805 0.250663 
803 1.6858 0.25048 
804 1.68363 0.250543 
805 1.6815 0.25062 
806 1.67981 0.250427 
807 1.67733 0.250709 
808 1.67584 0.25025 
809 1.67431 0.250218 
810 1.6727 0.249924 
811 1.67085 0.249797 
812 1.66909 0.249836 
813 1.66755 0.249737 
814 1.66541 0.249242 
815 1.66401 0.249483 
816 1.66297 0.249178 
817 1.662 0.248881 
818 1.66071 0.248531 
819 1.65868 0.248338 
820 1.65682 0.248208 
821 1.65542 0.248357 
822 1.65356 0.248328 
823 1.65141 0.248283 
824 1.65041 0.248101 
825 1.64892 0.247946 
826 1.65301 0.247679 
827 1.65341 0.247433 
828 1.65142 0.247598 
829 1.64938 0.2473 
830 1.64782 0.246937 
831 1.646 0.24664 
832 1.64451 0.246655 
833 1.64294 0.246578 
834 1.64097 0.24622 
835 1.63928 0.245991 
836 1.63739 0.245789 
837 1.63575 0.245739 
838 1.63563 0.245446 
839 1.63428 0.245498 
840 1.63353 0.245242 
841 1.63206 0.244953 
842 1.63026 0.244724 
843 1.62823 0.244303 
844 1.6263 0.244014 
845 1.62442 0.243802 
846 1.62317 0.243569 
847 1.62125 0.243238 
848 1.62012 0.242952 
849 1.61833 0.242758 
850 1.61644 0.242561 
851 1.615 0.242627 
852 1.61364 0.242645 
853 1.61302 0.242432 
854 1.61144 0.242183 
855 1.61012 0.241905 
856 1.60851 0.241623 
857 1.60688 0.241317 
858 1.60698 0.241036 
859 1.60522 0.240789 
860 1.6034 0.240509 
861 1.60145 0.24023 
862 1.59987 0.240016 
863 1.5983 0.239745 
864 1.59769 0.239392 
865 1.59678 0.23912 
866 1.59514 0.23942 
867 1.5936 0.239253 
868 1.59222 0.2388 
869 1.59095 0.238352 
870 1.58979 0.238285 
871 1.58768 0.238012 
872 1.58612 0.237675 
873 1.58448 0.237403 
874 1.58317 0.237132 
875 1.58218 0.236948 
876 1.58018 0.236642 
877 1.5798 0.236201 
878 1.57846 0.235932 
879 1.5767 0.236478 
880 1.57526 0.236084 
881 1.57349 0.235813 
882 1.57272 0.235553 
883 1.5732 0.235286 
884 1.57172 0.235074 
885 1.56994 0.23482 
886 1.56807 0.234555 
887 1.56623 0.234299 
888 1.56491 0.233912 
889 1.56329 0.234244 
890 1.56155 0.234095 
891 1.56176 0.233833 
892 1.56036 0.233776 
893 1.55935 0.234413 
894 1.55776 0.234443 
895 1.55691 0.234383 
896 1.55543 0.234153 
897 1.55386 0.233893 
898 1.55321 0.233797 
899 1.55161 0.233537 
900 1.54981 0.233279 
901 1.54781 0.23302 
902 1.54615 0.233133 
903 1.54505 0.232922 
904 1.54413 0.232668 
905 1.54259 0.232411 
906 1.54156 0.232151 
907 1.54021 0.23199 
908 1.53803 0.232274 
909 1.53652 0.232019 
910 1.53528 0.231652 
911 1.53365 0.231508 
912 1.53209 0.231257 
913 1.53192 0.230872 
914 1.53031 0.230841 
915 1.52864 0.230546 
916 1.52697 0.230628 
917 1.52563 0.231078 
918 1.52417 0.230826 
919 1.5231 0.230516 
920 1.52112 0.230266 
921 1.52001 0.230016 
922 1.51836 0.229719 
923 1.51718 0.229473 
924 1.51608 0.229225 
925 1.51441 0.228978 
926 1.51302 0.228731 
927 1.51081 0.228491 
928 1.50921 0.228245 
929 1.50841 0.228148 
930 1.50762 0.227902 
931 1.50719 0.227658 
932 1.50581 0.227414 
933 1.50424 0.22717 
934 1.50292 0.228298 
935 1.50132 0.228057 
936 1.49966 0.227814 
937 1.49862 0.227661 
938 1.49661 0.227419 
939 1.49492 0.227211 
940 1.49363 0.227073 
941 1.49297 0.226828 
942 1.49211 0.22762 
943 1.49072 0.227591 
944 1.48949 0.22735 
945 1.48826 0.22711 
946 1.48744 0.226867 
947 1.48572 0.226628 
948 1.48493 0.22639 
949 1.48366 0.226179 
950 1.48318 0.226078 
951 1.48166 0.225841 
952 1.48095 0.225711 
953 1.47993 0.225492 
954 1.47838 0.225924 
955 1.47708 0.225688 
956 1.47499 0.225812 
957 1.4735 0.225577 
958 1.47197 0.225379 
959 1.47092 0.224987 
960 1.46909 0.225357 
961 1.46761 0.22527 
962 1.46682 0.224849 
963 1.4655 0.224555 
964 1.46362 0.224322 
965 1.46211 0.224223 
966 1.46137 0.223991 
967 1.45986 0.223586 
968 1.45875 0.223355 
969 1.45737 0.223348 
970 1.45679 0.223265 
971 1.45564 0.223057 
972 1.45402 0.223081 
973 1.45264 0.222852 
974 1.45116 0.222597 
975 1.45017 0.222369 
976 1.44878 0.222439 
977 1.44694 0.222234 
978 1.44597 0.222007 
979 1.44461 0.221984 
980 1.44314 0.221757 
981 1.44198 0.221533 
982 1.44044 0.221308 
983 1.43943 0.22118 
984 1.43837 0.22156 
985 1.43714 0.22102 
986 1.43559 0.220796 
987 1.43402 0.220639 
988 1.43331 0.220385 
989 1.43232 0.220097 
990 1.43077 0.219875 
991 1.42957 0.219832 
992 1.42819 0.219516 
993 1.427 0.219295 
994 1.42566 0.219075 
995 1.4243 0.21871 
996 1.42326 0.218631 
997 1.42195 0.218412 
998 1.42059 0.218289 
999 1.41946 0.218234 
1000 1.41801 0.218097 
1100 1.3108 0.208212 
1200 1.22653 0.198401 
1300 1.15851 0.188017 
1400 1.09281 0.179024 
1500 1.03081 0.171147 
1600 0.977116 0.16477 
1700 0.927122 0.157805 
1800 0.889872 0.155278 
1900 0.850851 0.149606 
2000 0.815859 0.150422 
2100 0.787566 0.147358 
2200 0.76021 0.143068 
2300 0.738336 0.14163 
2400 0.718946 0.139235 
2500 0.698279 0.137007 
2600 0.674827 0.134812 
2700 0.655352 0.132901 
2800 0.634922 0.129577 
2900 0.616432 0.126398 
3000 0.599104 0.1249 
3100 0.583424 0.127982 
3200 0.568184 0.125114 
3300 0.556367 0.121689 
3400 0.542456 0.121253 
3500 0.529962 0.121673 
3600 0.518896 0.120649 
3700 0.507593 0.118493 
3800 0.497026 0.117713 
3900 0.492974 0.11649 
4000 0.486135 0.115463 
4100 0.478955 0.114386 
4200 0.470713 0.112028 
4300 0.461407 0.11002 
4400 0.452599 0.10816 
4500 0.443781 0.106299 
4600 0.434957 0.104245 
4700 0.426886 0.102121 
4800 0.419646 0.0999982 
4900 0.412546 0.0983089 
5000 0.406037 0.0970634 
5100 0.399834 0.0967062 
5200 0.392607 0.0959962 
5300 0.386205 0.0952443 
5400 0.380613 0.0943043 
5500 0.374504 0.092595 
5600 0.368713 0.0916989 
5700 0.3641 0.0909832 
5800 0.360082 0.0897543 
5900 0.354968 0.0886439 
6000 0.350439 0.0877714 
6100 0.345019 0.0871225 
6200 0.339729 0.0861733 
6300 0.334831 0.0856618 
6400 0.330706 0.0848352 
6500 0.326101 0.0835582 
6600 0.321673 0.082529 
6700 0.317619 0.0815803 
6800 0.313153 0.0805945 
6900 0.309536 0.0794909 
7000 0.305555 0.0785012 
7100 0.301563 0.0775132 
7200 0.297689 0.0767197 
7300 0.293784 0.0759118 
7400 0.290211 0.0748941 
7500 0.287295 0.0740787 
7600 0.283857 0.0729891 
7700 0.280675 0.0720822 
7800 0.277805 0.0713135 
7900 0.274807 0.0706664 
8000 0.272255 0.0698405 
8100 0.269438 0.0692365 
8200 0.266481 0.0684461 
8300 0.263506 0.0678986 
8400 0.260759 0.0671232 
8500 0.25857 0.0664147 
8600 0.25554 0.0658174 
8700 0.253636 0.0653221 
8800 0.252089 0.0647265 
8900 0.250165 0.064217 
9000 0.248368 0.0637698 
9100 0.245789 0.0631591 
9200 0.243219 0.0627294 
9300 0.24043 0.0621365 
9400 0.237812 0.0618843 
9500 0.235272 0.0614968 
9600 0.233131 0.0610514 
9700 0.231015 0.0605839 
9800 0.229056 0.0598561 
9900 0.226954 0.0592331 
10000 0.224763 0.0588159 
10100 0.222609 0.058218 
10200 0.220877 0.0579291 
10300 0.219014 0.057488 
10400 0.217432 0.057108 
10500 0.215734 0.0564465 
10600 0.213938 0.0558337 
10700 0.212393 0.0552414 
10800 0.210736 0.0547819 
10900 0.209022 0.0544564 
11000 0.207318 0.0539537 
11100 0.205609 0.0536726 
11200 0.203858 0.0531737 
11300 0.202244 0.0529598 
11400 0.200651 0.0525834 
11500 0.199044 0.052415 
11600 0.197444 0.0522394 
11700 0.196016 0.0518097 
11800 0.194563 0.0513355 
11900 0.193165 0.0508976 
12000 0.191364 0.0504652 
12100 0.190176 0.049902 
12200 0.188946 0.0494982 
12300 0.18743 0.0492004 
12400 0.185836 0.0488691 
12500 0.184742 0.0486833 
12600 0.183711 0.0484036 
12700 0.182435 0.0481074 
12800 0.181282 0.0477944 
12900 0.179901 0.0475718 
13000 0.178602 0.0473225 
13100 0.177343 0.0468811 
13200 0.176154 0.046714 
13300 0.174502 0.0463117 
13400 0.173597 0.0459938 
13500 0.172604 0.0457199 
13600 0.171529 0.0456596 
13700 0.170524 0.0455953 
13800 0.16931 0.0453978 
13900 0.168068 0.0450007 
14000 0.167088 0.0448937 
14100 0.16623 0.0448718 
14200 0.165278 0.0445861 
14300 0.164279 0.0442698 
14400 0.163161 0.0441647 
14500 0.162343 0.0440309 
14600 0.161232 0.0435835 
14700 0.160207 0.0433612 
14800 0.159264 0.043129 
14900 0.158313 0.0429246 
15000 0.157512 0.0428186 
15100 0.156574 0.042581 
15200 0.155659 0.042507 
15300 0.154769 0.0422492 
15400 0.153836 0.0419886 
15500 0.152933 0.0417924 
15600 0.151955 0.0415356 
15700 0.150906 0.0412041 
15800 0.149818 0.0409414 
15900 0.14892 0.0406999 
16000 0.147737 0.0404189 
16100 0.146852 0.0402536 
16200 0.146041 0.0401056 
16300 0.145315 0.0398708 
16400 0.14442 0.0396768 
16500 0.143707 0.0395477 
16600 0.142757 0.0394664 
16700 0.142095 0.0392947 
16800 0.141221 0.0391219 
16900 0.140476 0.0389197 
17000 0.139798 0.038822 
17100 0.139089 0.0385782 
17200 0.138377 0.0383935 
