0 0 0 
1 0.0193802 0 
2 2.23158 0 
3 1.78997 0 
4 2.66897 0.198545 
5 3.32558 0.314916 
6 2.85049 0.269928 
7 2.49418 0.236187 
8 3.2275 0.258665 
9 2.90475 0.232799 
10 2.67654 0.211635 
11 2.67466 0.327833 
12 2.51113 0.379108 
13 2.34602 0.400935 
14 2.51034 0.37665 
15 2.35902 0.405957 
16 2.23659 0.450082 
17 2.2365 0.439614 
18 2.11879 0.41788 
19 2.11834 0.461152 
20 2.12376 0.459772 
21 2.02722 0.481049 
22 1.99435 0.506215 
23 2.05499 0.496966 
24 2.14324 0.519755 
25 2.15149 0.538699 
26 2.09436 0.579024 
27 2.06542 0.64572 
28 1.99824 0.63385 
29 1.94597 0.678689 
30 1.97474 0.68725 
31 1.99583 0.682777 
32 1.93987 0.693032 
33 1.95047 0.730139 
34 1.91413 0.787778 
35 1.87854 0.767518 
36 1.83074 0.768446 
37 1.80819 0.748224 
38 1.76985 0.754065 
39 1.75565 0.735064 
40 1.71733 0.74962 
41 1.68192 0.742442 
42 1.65139 0.725907 
43 1.64523 0.741038 
44 1.66074 0.730801 
45 1.63469 0.726043 
46 1.63004 0.715476 
47 1.62267 0.710297 
48 1.59507 0.704579 
49 1.56386 0.690662 
50 1.53755 0.692909 
51 1.52296 0.693413 
52 1.52577 0.699566 
53 1.5098 0.692814 
54 1.48364 0.690321 
55 1.48779 0.680098 
56 1.47715 0.676432 
57 1.45461 0.687547 
58 1.45802 0.676344 
59 1.43847 0.666881 
60 1.42808 0.670904 
61 1.41201 0.66155 
62 1.39415 0.661747 
63 1.37614 0.650827 
64 1.36653 0.640913 
65 1.36919 0.637811 
66 1.38792 0.632626 
67 1.37535 0.624735 
68 1.36334 0.617496 
69 1.36863 0.612919 
70 1.3678 0.606305 
71 1.3815 0.600531 
72 1.3715 0.604131 
73 1.35828 0.599264 
74 1.35302 0.610011 
75 1.39912 0.607845 
76 1.38893 0.607295 
77 1.37334 0.613119 
78 1.36134 0.610723 
79 1.35801 0.618243 
80 1.35726 0.611642 
81 1.34913 0.60856 
82 1.34302 0.606969 
83 1.33659 0.599192 
84 1.32988 0.594358 
85 1.32217 0.592476 
86 1.31766 0.589313 
87 1.3113 0.586389 
88 1.30785 0.583148 
89 1.30629 0.577414 
90 1.29399 0.575457 
91 1.30719 0.58008 
92 1.29426 0.574806 
93 1.28225 0.569935 
94 1.27366 0.56747 
95 1.26588 0.561909 
96 1.28557 0.565486 
97 1.28566 0.560716 
98 1.28629 0.558497 
99 1.28549 0.554102 
100 1.27439 0.549295 
101 1.27 0.548583 
102 1.25638 0.543516 
103 1.24771 0.539917 
104 1.23457 0.536329 
105 1.2356 0.534299 
106 1.22358 0.531881 
107 1.21311 0.529048 
108 1.20781 0.524194 
109 1.19905 0.521425 
110 1.20063 0.516727 
111 1.19431 0.512482 
112 1.19046 0.518045 
113 1.18854 0.51546 
114 1.17774 0.516912 
115 1.16811 0.513689 
116 1.1607 0.511856 
117 1.15443 0.508219 
118 1.14455 0.508279 
119 1.13506 0.50417 
120 1.12487 0.502745 
121 1.11765 0.500333 
122 1.11168 0.497026 
123 1.10794 0.493422 
124 1.10017 0.490496 
125 1.09499 0.488291 
126 1.08607 0.490678 
127 1.07871 0.486366 
128 1.07654 0.483787 
129 1.07463 0.481731 
130 1.06974 0.480545 
131 1.06618 0.479214 
132 1.05586 0.476392 
133 1.05044 0.473204 
134 1.05185 0.471612 
135 1.04422 0.469656 
136 1.03799 0.470213 
137 1.02997 0.468954 
138 1.02825 0.464932 
139 1.02245 0.465007 
140 1.02194 0.462636 
141 1.01441 0.461971 
142 1.01139 0.459919 
143 1.00568 0.458805 
144 1.00177 0.456724 
145 0.993181 0.454408 
146 0.991116 0.461592 
147 0.981567 0.459019 
148 0.975965 0.458506 
149 0.970697 0.454807 
150 0.968743 0.453341 
151 0.964826 0.45107 
152 0.958969 0.448637 
153 0.955138 0.447139 
154 0.952746 0.447773 
155 0.947086 0.445576 
156 0.943557 0.443891 
157 0.942137 0.441057 
158 0.940624 0.438791 
159 0.935271 0.43722 
160 0.933486 0.435738 
161 0.941176 0.432734 
162 0.943538 0.430347 
163 0.943347 0.43097 
164 0.93617 0.427673 
165 0.932759 0.426143 
166 0.930368 0.42509 
167 0.927087 0.422705 
168 0.921677 0.421521 
169 0.916923 0.422275 
170 0.913482 0.420498 
171 0.932234 0.418617 
172 0.930723 0.416278 
173 0.925424 0.413774 
174 0.919084 0.413694 
175 0.915007 0.411691 
176 0.910162 0.409455 
177 0.906715 0.408528 
178 0.902574 0.408074 
179 0.899604 0.407444 
180 0.894927 0.405382 
181 0.893083 0.403188 
182 0.889837 0.401147 
183 0.887928 0.400362 
184 0.885716 0.399583 
185 0.882577 0.39866 
186 0.877526 0.397509 
187 0.88295 0.395202 
188 0.880256 0.394228 
189 0.876788 0.394068 
190 0.873378 0.394914 
191 0.86871 0.393127 
192 0.864402 0.39143 
193 0.861863 0.391211 
194 0.857778 0.390237 
195 0.856034 0.388568 
196 0.854181 0.386917 
197 0.851629 0.385358 
198 0.848622 0.384191 
199 0.845726 0.382308 
200 0.842649 0.380517 
201 0.838692 0.379706 
202 0.834584 0.377535 
203 0.831266 0.375722 
204 0.826572 0.374491 
205 0.822855 0.372824 
206 0.819183 0.371166 
207 0.814224 0.36892 
208 0.813788 0.367151 
209 0.809963 0.365777 
210 0.805388 0.364879 
211 0.801735 0.365383 
212 0.80387 0.36368 
213 0.7996 0.361977 
214 0.796979 0.360289 
215 0.794374 0.35801 
216 0.792072 0.355568 
217 0.788666 0.354349 
218 0.784441 0.352894 
219 0.785369 0.35144 
220 0.783878 0.349101 
221 0.779375 0.348524 
222 0.776317 0.347792 
223 0.773984 0.346893 
224 0.772623 0.345357 
225 0.771124 0.343951 
226 0.770905 0.342548 
227 0.769735 0.341131 
228 0.768383 0.340881 
229 0.766637 0.339702 
230 0.761609 0.338205 
231 0.758636 0.336884 
232 0.757099 0.336326 
233 0.754822 0.334997 
234 0.753183 0.333457 
235 0.750811 0.331835 
236 0.749999 0.330801 
237 0.746636 0.329384 
238 0.743883 0.328888 
239 0.745927 0.327841 
240 0.743787 0.326844 
241 0.742201 0.326159 
242 0.739186 0.325013 
243 0.736816 0.323679 
244 0.733739 0.322373 
245 0.732794 0.321217 
246 0.730836 0.320045 
247 0.727905 0.319133 
248 0.727572 0.317945 
249 0.72504 0.316656 
250 0.721732 0.315798 
251 0.719673 0.315216 
252 0.717022 0.314743 
253 0.714264 0.314019 
254 0.712105 0.312763 
255 0.710068 0.313563 
256 0.707778 0.313362 
257 0.70584 0.313038 
258 0.703145 0.311954 
259 0.700262 0.310577 
260 0.696916 0.309823 
261 0.694962 0.309375 
262 0.694744 0.309011 
263 0.692469 0.308458 
264 0.688517 0.309135 
265 0.688406 0.308141 
266 0.68758 0.307203 
267 0.694938 0.307725 
268 0.692573 0.306252 
269 0.690633 0.305105 
270 0.689216 0.304061 
271 0.687308 0.303406 
272 0.686082 0.302039 
273 0.683673 0.301546 
274 0.680719 0.300538 
275 0.677941 0.299395 
276 0.676754 0.298314 
277 0.677012 0.297241 
278 0.674482 0.296081 
279 0.674836 0.295168 
280 0.67459 0.295301 
281 0.671576 0.294464 
282 0.670363 0.293424 
283 0.66875 0.292497 
284 0.667855 0.291449 
285 0.666489 0.289897 
286 0.667249 0.288859 
287 0.664392 0.287947 
288 0.662098 0.287075 
289 0.659232 0.286324 
290 0.658373 0.285212 
291 0.655803 0.2841 
292 0.654629 0.283672 
293 0.654992 0.282999 
294 0.65349 0.283205 
295 0.651591 0.282571 
296 0.650624 0.282468 
297 0.649381 0.281448 
298 0.647594 0.280912 
299 0.645076 0.279976 
300 0.644832 0.278962 
301 0.642046 0.278854 
302 0.640307 0.279914 
303 0.638495 0.279026 
304 0.637422 0.280692 
305 0.637373 0.280178 
306 0.635159 0.279104 
307 0.632606 0.279046 
308 0.631034 0.278502 
309 0.6292 0.277596 
310 0.626406 0.276568 
311 0.624199 0.276158 
312 0.624381 0.275194 
313 0.621753 0.274926 
314 0.620322 0.274018 
315 0.621088 0.273614 
316 0.619293 0.27299 
317 0.617561 0.272289 
318 0.61608 0.272197 
319 0.614136 0.271792 
320 0.613164 0.2713 
321 0.611535 0.272375 
322 0.609142 0.271429 
323 0.609031 0.270599 
324 0.606722 0.269961 
325 0.605236 0.268834 
326 0.605284 0.268016 
327 0.60391 0.267701 
328 0.602124 0.267245 
329 0.600086 0.266435 
330 0.599983 0.265206 
331 0.599299 0.264739 
332 0.600451 0.263677 
333 0.597988 0.263292 
334 0.595774 0.262814 
335 0.593548 0.262526 
336 0.591689 0.262701 
337 0.589128 0.26201 
338 0.588291 0.260937 
339 0.586207 0.25987 
340 0.585099 0.259635 
341 0.584958 0.258845 
342 0.582417 0.259146 
343 0.581878 0.258505 
344 0.580861 0.257905 
345 0.581065 0.257404 
346 0.578785 0.256713 
347 0.578163 0.256199 
348 0.577446 0.255958 
349 0.57831 0.255734 
350 0.576029 0.255739 
351 0.574903 0.255433 
352 0.573443 0.254959 
353 0.572441 0.254164 
354 0.572055 0.253654 
355 0.570718 0.253186 
356 0.568645 0.252526 
357 0.57033 0.251832 
358 0.568796 0.251148 
359 0.567886 0.250659 
360 0.567772 0.249614 
361 0.566672 0.248987 
362 0.56581 0.248688 
363 0.565053 0.248627 
364 0.564036 0.24804 
365 0.562666 0.247893 
366 0.561654 0.247456 
367 0.560033 0.247189 
368 0.558543 0.246339 
369 0.556455 0.245656 
370 0.55493 0.245403 
371 0.553904 0.244875 
372 0.551771 0.245832 
373 0.550895 0.244908 
374 0.550482 0.244637 
375 0.549144 0.244242 
376 0.5475 0.243605 
377 0.547456 0.243277 
378 0.546392 0.243081 
379 0.546627 0.242488 
380 0.545883 0.241911 
381 0.544526 0.241385 
382 0.544413 0.240714 
383 0.543307 0.240363 
384 0.541604 0.239749 
385 0.538964 0.239385 
386 0.539025 0.238871 
387 0.538383 0.238043 
388 0.537511 0.237431 
389 0.535135 0.236465 
390 0.533818 0.236275 
391 0.532461 0.235977 
392 0.531548 0.235509 
393 0.530056 0.234911 
394 0.529353 0.234389 
395 0.528586 0.233798 
396 0.528713 0.233217 
397 0.529791 0.232633 
398 0.529135 0.232003 
399 0.528027 0.231615 
400 0.526641 0.23162 
401 0.524929 0.231016 
402 0.523573 0.23064 
403 0.522019 0.229867 
404 0.521115 0.229252 
405 0.518821 0.228835 
406 0.517806 0.228372 
407 0.516554 0.22901 
408 0.515478 0.228525 
409 0.51452 0.228019 
410 0.51372 0.228099 
411 0.514366 0.228336 
412 0.515735 0.228451 
413 0.514798 0.228057 
414 0.515599 0.227534 
415 0.513895 0.227012 
416 0.512852 0.226484 
417 0.511244 0.225821 
418 0.510785 0.225485 
419 0.508923 0.224907 
420 0.507409 0.225058 
421 0.507353 0.224647 
422 0.508311 0.223892 
423 0.506761 0.224373 
424 0.507786 0.224099 
425 0.506071 0.223818 
426 0.504952 0.22341 
427 0.503772 0.222886 
428 0.50244 0.222374 
429 0.501611 0.221882 
430 0.501425 0.221589 
431 0.501243 0.221082 
432 0.500554 0.22042 
433 0.499042 0.219893 
434 0.498914 0.219376 
435 0.49869 0.219075 
436 0.497887 0.219019 
437 0.496309 0.219391 
438 0.495754 0.219538 
439 0.495566 0.21928 
440 0.494637 0.218812 
441 0.493743 0.218719 
442 0.492862 0.218698 
443 0.492681 0.2195 
444 0.492127 0.218836 
445 0.491601 0.218354 
446 0.490475 0.218339 
447 0.489311 0.218184 
448 0.487935 0.21764 
449 0.486561 0.217269 
450 0.485688 0.216756 
451 0.484517 0.216704 
452 0.483453 0.217227 
453 0.483111 0.216753 
454 0.482248 0.216437 
455 0.48119 0.215919 
456 0.47907 0.215554 
457 0.479228 0.215285 
458 0.478552 0.215393 
459 0.478296 0.214719 
460 0.477267 0.214787 
461 0.475494 0.214765 
462 0.475162 0.214376 
463 0.474799 0.213817 
464 0.474102 0.213403 
465 0.473385 0.212907 
466 0.472577 0.212451 
467 0.471462 0.211725 
468 0.470538 0.210957 
469 0.469015 0.210801 
470 0.467453 0.210384 
471 0.465536 0.209943 
472 0.465843 0.20956 
473 0.465265 0.209031 
474 0.464329 0.208761 
475 0.462846 0.208377 
476 0.462595 0.208091 
477 0.461628 0.207763 
478 0.460912 0.207397 
479 0.461012 0.207007 
480 0.45991 0.206577 
481 0.460007 0.20627 
482 0.459491 0.206422 
483 0.458137 0.206653 
484 0.456383 0.206329 
485 0.456355 0.205606 
486 0.456066 0.206234 
487 0.455793 0.205922 
488 0.455772 0.205653 
489 0.45364 0.205705 
490 0.45339 0.205539 
491 0.452143 0.205345 
492 0.45158 0.204933 
493 0.451139 0.204491 
494 0.449543 0.204048 
495 0.449153 0.203637 
496 0.449178 0.203364 
497 0.449063 0.203084 
498 0.448784 0.202775 
499 0.448683 0.202369 
500 0.448499 0.201745 
501 0.447677 0.201347 
502 0.447165 0.20099 
503 0.446475 0.200455 
504 0.445594 0.20007 
505 0.44486 0.199674 
506 0.445698 0.198938 
507 0.444854 0.198338 
508 0.444208 0.197894 
509 0.444003 0.197599 
510 0.442998 0.19787 
511 0.443208 0.197482 
512 0.442284 0.197003 
513 0.442042 0.196619 
514 0.441765 0.196456 
515 0.440909 0.196075 
516 0.439993 0.195983 
517 0.438834 0.195591 
518 0.437991 0.196033 
519 0.438449 0.195619 
520 0.437235 0.195563 
521 0.43657 0.195193 
522 0.436352 0.19482 
523 0.435912 0.194479 
524 0.435297 0.194107 
525 0.434912 0.193692 
526 0.434598 0.193437 
527 0.434181 0.19307 
528 0.434056 0.19287 
529 0.433399 0.192753 
530 0.432899 0.193246 
531 0.431669 0.192906 
532 0.431447 0.192544 
533 0.431462 0.192759 
534 0.43219 0.192399 
535 0.431488 0.192044 
536 0.430928 0.191654 
537 0.430835 0.19123 
538 0.430434 0.190724 
539 0.428799 0.190061 
540 0.428259 0.189715 
541 0.427331 0.189348 
542 0.427528 0.18956 
543 0.427556 0.189193 
544 0.42662 0.188633 
545 0.425664 0.188551 
546 0.425331 0.188162 
547 0.424464 0.18758 
548 0.424182 0.187267 
549 0.423477 0.186852 
550 0.422772 0.186513 
551 0.421966 0.186663 
552 0.421293 0.186289 
553 0.421051 0.186074 
554 0.420952 0.185739 
555 0.420636 0.185772 
556 0.420127 0.185655 
557 0.419622 0.185392 
558 0.418922 0.185013 
559 0.418697 0.184496 
560 0.417962 0.184196 
561 0.417781 0.18394 
562 0.417255 0.183613 
563 0.415905 0.183337 
564 0.414968 0.182892 
565 0.413799 0.182569 
566 0.413762 0.182192 
567 0.413463 0.181871 
568 0.412178 0.181552 
569 0.412016 0.181372 
570 0.411299 0.181169 
571 0.410998 0.180629 
572 0.411826 0.180343 
573 0.411456 0.180063 
574 0.410176 0.179758 
575 0.409989 0.179362 
576 0.409478 0.179085 
577 0.40961 0.178839 
578 0.408903 0.178514 
579 0.40898 0.178559 
580 0.408749 0.178727 
581 0.40865 0.178746 
582 0.408394 0.178502 
583 0.407426 0.178574 
584 0.406734 0.178133 
585 0.406441 0.178009 
586 0.405972 0.177705 
587 0.405302 0.177344 
588 0.405153 0.17715 
589 0.404283 0.17669 
590 0.404006 0.176396 
591 0.404195 0.176099 
592 0.403494 0.175762 
593 0.402918 0.175826 
594 0.402926 0.175763 
595 0.402695 0.175272 
596 0.401869 0.174908 
597 0.401033 0.174908 
598 0.399712 0.174624 
599 0.399153 0.174434 
600 0.397786 0.174336 
601 0.396991 0.174491 
602 0.39621 0.174147 
603 0.39588 0.17378 
604 0.395262 0.173619 
605 0.394732 0.173334 
606 0.394647 0.173215 
607 0.393979 0.173079 
608 0.393845 0.172693 
609 0.39321 0.17241 
610 0.392725 0.171978 
611 0.392958 0.171902 
612 0.392417 0.171501 
613 0.393692 0.17132 
614 0.393171 0.171091 
615 0.393059 0.170588 
616 0.39155 0.170333 
617 0.391006 0.170077 
618 0.39014 0.1698 
619 0.389292 0.169535 
620 0.388665 0.169506 
621 0.387818 0.169418 
622 0.387165 0.169227 
623 0.387105 0.168956 
624 0.386656 0.168694 
625 0.385786 0.16846 
626 0.38538 0.168379 
627 0.384327 0.168368 
628 0.383632 0.168167 
629 0.383884 0.167815 
630 0.382717 0.167827 
631 0.382317 0.167575 
632 0.381757 0.167326 
633 0.381144 0.167499 
634 0.380505 0.167159 
635 0.379957 0.166941 
636 0.379009 0.167164 
637 0.378323 0.167291 
638 0.377091 0.167037 
639 0.376408 0.166774 
640 0.375526 0.166806 
641 0.375051 0.166351 
642 0.374574 0.166187 
643 0.374422 0.166062 
644 0.373901 0.16598 
645 0.373948 0.165942 
646 0.372592 0.165512 
647 0.372154 0.165333 
648 0.371305 0.165354 
649 0.370563 0.165118 
650 0.370287 0.164902 
651 0.370849 0.16494 
652 0.370281 0.16482 
653 0.36965 0.164798 
654 0.369925 0.164706 
655 0.369179 0.164555 
656 0.36886 0.164454 
657 0.368211 0.164265 
658 0.367666 0.164016 
659 0.366938 0.163776 
660 0.366668 0.163559 
661 0.366136 0.163538 
662 0.366384 0.163269 
663 0.366431 0.16357 
664 0.36588 0.163572 
665 0.365994 0.163639 
666 0.365385 0.163302 
667 0.364813 0.163259 
668 0.364634 0.163268 
669 0.36433 0.163207 
670 0.363997 0.162966 
671 0.363445 0.162615 
672 0.363208 0.162381 
673 0.362739 0.162186 
674 0.362541 0.161946 
675 0.362023 0.161533 
676 0.361989 0.1613 
677 0.361404 0.16193 
678 0.361451 0.161797 
679 0.360649 0.161496 
680 0.360033 0.161292 
681 0.359458 0.161142 
682 0.359215 0.160786 
683 0.359069 0.160812 
684 0.358446 0.160511 
685 0.358207 0.160307 
686 0.357956 0.159921 
687 0.357385 0.159713 
688 0.356585 0.159749 
689 0.356381 0.160095 
690 0.355827 0.15962 
691 0.355324 0.159653 
692 0.355619 0.159473 
693 0.355063 0.159289 
694 0.354772 0.159234 
695 0.354264 0.158746 
696 0.3539 0.158519 
697 0.354623 0.15828 
698 0.354388 0.158056 
699 0.353854 0.157838 
700 0.354739 0.157601 
701 0.354234 0.157809 
702 0.354182 0.157762 
703 0.353592 0.157506 
704 0.353306 0.157283 
705 0.353057 0.157311 
706 0.352707 0.157017 
707 0.352406 0.156978 
708 0.351856 0.156701 
709 0.351514 0.156787 
710 0.352633 0.156827 
711 0.3523 0.156614 
712 0.352161 0.156555 
713 0.351479 0.156336 
714 0.3513 0.156078 
715 0.350679 0.156094 
716 0.351486 0.156139 
717 0.351237 0.156066 
718 0.350654 0.155909 
719 0.350307 0.155823 
720 0.349863 0.155618 
721 0.348857 0.15527 
722 0.348146 0.155332 
723 0.347554 0.155458 
724 0.347305 0.155641 
725 0.347012 0.155337 
726 0.347147 0.155609 
727 0.346334 0.155299 
728 0.346174 0.155365 
729 0.345727 0.155062 
730 0.345444 0.155327 
731 0.345131 0.155287 
732 0.34487 0.155036 
733 0.343928 0.154769 
734 0.344288 0.154496 
735 0.343684 0.154339 
736 0.343097 0.154163 
737 0.34241 0.154031 
738 0.342468 0.153846 
739 0.342139 0.15381 
740 0.341677 0.153598 
741 0.34157 0.153386 
742 0.34109 0.153221 
743 0.341303 0.153321 
744 0.340959 0.153531 
745 0.340323 0.153337 
746 0.340947 0.153033 
747 0.340374 0.153316 
748 0.340754 0.153081 
749 0.340416 0.15287 
750 0.340733 0.15266 
751 0.340651 0.152259 
752 0.339613 0.152247 
753 0.339354 0.152045 
754 0.338827 0.151882 
755 0.338382 0.151677 
756 0.338298 0.151494 
757 0.33798 0.151292 
758 0.337875 0.151136 
759 0.337344 0.150874 
760 0.336703 0.150751 
761 0.33577 0.150792 
762 0.335767 0.150697 
763 0.335568 0.150724 
764 0.335101 0.150445 
765 0.33456 0.150441 
766 0.334087 0.150339 
767 0.333573 0.150317 
768 0.333251 0.150302 
769 0.332994 0.150251 
770 0.332385 0.150083 
771 0.331766 0.14993 
772 0.33115 0.149745 
773 0.330677 0.149551 
774 0.330379 0.1494 
775 0.331019 0.149328 
776 0.331375 0.149187 
777 0.330706 0.148877 
778 0.329657 0.148746 
779 0.329461 0.148554 
780 0.329739 0.148349 
781 0.328995 0.148148 
782 0.328364 0.148117 
783 0.328404 0.147854 
784 0.328059 0.147645 
785 0.327489 0.147401 
786 0.326682 0.14717 
787 0.326204 0.147031 
788 0.326391 0.146842 
789 0.325464 0.146975 
790 0.325143 0.146942 
791 0.3249 0.146812 
792 0.325061 0.146692 
793 0.324614 0.146629 
794 0.323915 0.146415 
795 0.323729 0.146296 
796 0.323687 0.146077 
797 0.323462 0.145853 
798 0.323324 0.145834 
799 0.323234 0.145598 
800 0.322986 0.145691 
801 0.322899 0.14555 
802 0.322279 0.145462 
803 0.321748 0.145327 
804 0.321502 0.145353 
805 0.321939 0.145256 
806 0.322493 0.145123 
807 0.321938 0.144913 
808 0.321692 0.144682 
809 0.321608 0.144468 
810 0.321092 0.144333 
811 0.321016 0.144336 
812 0.320505 0.144198 
813 0.320309 0.144004 
814 0.320254 0.143988 
815 0.319816 0.14392 
816 0.320345 0.143678 
817 0.319745 0.143612 
818 0.319422 0.143533 
819 0.31859 0.143398 
820 0.318498 0.143231 
821 0.318286 0.143069 
822 0.31809 0.142937 
823 0.317896 0.142745 
824 0.317758 0.142581 
825 0.317265 0.142474 
826 0.31685 0.142383 
827 0.316391 0.142232 
828 0.316093 0.142204 
829 0.315834 0.142151 
830 0.315522 0.142 
831 0.315015 0.141825 
832 0.314328 0.141631 
833 0.313815 0.141521 
834 0.313577 0.141581 
835 0.313982 0.141474 
836 0.312936 0.14145 
837 0.312671 0.141252 
838 0.311825 0.141103 
839 0.311726 0.140809 
840 0.311506 0.140658 
841 0.31121 0.140614 
842 0.310441 0.140476 
843 0.310907 0.140282 
844 0.310305 0.140248 
845 0.310092 0.140086 
846 0.309601 0.139905 
847 0.308426 0.139886 
848 0.308097 0.13997 
849 0.307761 0.139829 
850 0.307565 0.139787 
851 0.307157 0.139786 
852 0.306757 0.139748 
853 0.307512 0.13951 
854 0.306993 0.139461 
855 0.306782 0.13942 
856 0.307031 0.13958 
857 0.306831 0.139417 
858 0.306146 0.139348 
859 0.305234 0.139465 
860 0.305703 0.139356 
861 0.305986 0.139331 
862 0.305618 0.138986 
863 0.305124 0.13886 
864 0.304915 0.138543 
865 0.304186 0.138787 
866 0.303592 0.138814 
867 0.303586 0.138774 
868 0.303279 0.138652 
869 0.303378 0.138539 
870 0.303047 0.138609 
871 0.302788 0.138453 
872 0.302673 0.139456 
873 0.302354 0.139302 
874 0.302015 0.139142 
875 0.301652 0.138983 
876 0.301343 0.138957 
877 0.30141 0.138957 
878 0.301067 0.138848 
879 0.300531 0.138756 
880 0.300126 0.138598 
881 0.299423 0.138481 
882 0.299313 0.138311 
883 0.298561 0.138241 
884 0.298421 0.138284 
885 0.29892 0.138279 
886 0.298316 0.138048 
887 0.298422 0.137913 
888 0.297972 0.137835 
889 0.297484 0.137471 
890 0.297141 0.137348 
891 0.29667 0.137291 
892 0.296225 0.137192 
893 0.295864 0.137072 
894 0.295186 0.136852 
895 0.294811 0.136768 
896 0.295092 0.136644 
897 0.294645 0.136642 
898 0.294296 0.136481 
899 0.293366 0.136353 
900 0.293193 0.136184 
901 0.293286 0.136285 
902 0.293281 0.136057 
903 0.29301 0.13581 
904 0.293311 0.135709 
905 0.293015 0.135468 
906 0.293586 0.135309 
907 0.293613 0.135162 
908 0.293362 0.135018 
909 0.293121 0.134914 
910 0.292825 0.134803 
911 0.292547 0.134636 
912 0.292815 0.134406 
913 0.292778 0.134277 
914 0.292294 0.134172 
915 0.291754 0.133911 
916 0.291456 0.133807 
917 0.291755 0.133621 
918 0.291975 0.133476 
919 0.291674 0.133338 
920 0.290978 0.133098 
921 0.290451 0.133059 
922 0.29022 0.133157 
923 0.289979 0.132825 
924 0.290399 0.132594 
925 0.29014 0.132563 
926 0.290315 0.132417 
927 0.289688 0.1323 
928 0.28954 0.132379 
929 0.289685 0.132157 
930 0.289147 0.132038 
931 0.288871 0.131889 
932 0.288823 0.131867 
933 0.288496 0.131657 
934 0.287771 0.131584 
935 0.287761 0.131218 
936 0.287384 0.131024 
937 0.287061 0.131018 
938 0.28672 0.130889 
939 0.285805 0.130571 
940 0.286063 0.130425 
941 0.285966 0.130285 
942 0.285926 0.130408 
943 0.285578 0.130125 
944 0.285787 0.130061 
945 0.285638 0.12993 
946 0.285666 0.12991 
947 0.285799 0.129817 
948 0.285449 0.129734 
949 0.285064 0.129695 
950 0.284781 0.129563 
951 0.284056 0.129429 
952 0.284282 0.129244 
953 0.283901 0.129081 
954 0.28391 0.128937 
955 0.283587 0.128838 
956 0.283436 0.128748 
957 0.283263 0.128614 
958 0.283133 0.128714 
959 0.282771 0.128642 
960 0.283139 0.128283 
961 0.282844 0.128117 
962 0.282936 0.127975 
963 0.282543 0.127844 
964 0.282625 0.127888 
965 0.282807 0.127585 
966 0.282956 0.12744 
967 0.282607 0.127379 
968 0.282632 0.127218 
969 0.282833 0.127023 
970 0.282506 0.127092 
971 0.282073 0.127075 
972 0.281641 0.126927 
973 0.281202 0.126963 
974 0.280712 0.126833 
975 0.280602 0.126967 
976 0.279772 0.126777 
977 0.279645 0.126714 
978 0.279488 0.126753 
979 0.279554 0.126611 
980 0.279788 0.12651 
981 0.278965 0.126604 
982 0.278327 0.126514 
983 0.277441 0.126603 
984 0.277458 0.126548 
985 0.276743 0.126459 
986 0.27684 0.126364 
987 0.27664 0.126239 
988 0.276656 0.126167 
989 0.275924 0.126353 
990 0.276064 0.126344 
991 0.275655 0.126319 
992 0.275756 0.126058 
993 0.275435 0.126179 
994 0.275033 0.126134 
995 0.274685 0.126032 
996 0.274501 0.126115 
997 0.27405 0.125998 
998 0.273905 0.125967 
999 0.273933 0.12593 
1000 0.273453 0.125751 
1100 0.260135 0.116859 
1200 0.244688 0.10858 
1300 0.224853 0.102114 
1400 0.215808 0.0955119 
1500 0.206431 0.0912748 
1600 0.196135 0.0885645 
1700 0.187741 0.0850962 
1800 0.183742 0.0819004 
1900 0.177869 0.0796311 
2000 0.171202 0.0765632 
2100 0.163717 0.0730047 
2200 0.158986 0.0704384 
2300 0.155475 0.0687423 
2400 0.151179 0.0671211 
