0 1 0 
1 0.5 0.743204 
2 0.333333 0.856713 
3 0.25 1.06987 
4 0.225 0.919515 
5 0.908969 0.959632 
6 1.00461 0.842048 
7 0.893492 0.749624 
8 1.27772 0.700315 
9 1.25454 0.633967 
10 1.15943 0.586746 
11 1.51638 0.675954 
12 1.39974 0.658383 
13 1.68301 0.738811 
14 1.88418 0.767823 
15 1.78487 0.719834 
16 1.74235 0.773363 
17 1.6551 0.73731 
18 1.79515 0.70318 
19 1.75718 0.697954 
20 1.67479 0.674019 
21 1.73308 0.64615 
22 1.65795 0.705581 
23 1.58949 0.676182 
24 1.61178 0.707807 
25 1.59748 0.699291 
26 1.57307 0.687372 
27 1.53215 0.692028 
28 1.50087 0.668165 
29 1.53029 0.645893 
30 1.49339 0.637882 
31 1.46207 0.638475 
32 1.41966 0.619934 
33 1.3486 0.624358 
34 1.31153 0.609077 
35 1.2705 0.594573 
36 1.2443 0.57845 
37 1.23763 0.568016 
38 1.22689 0.553452 
39 1.22368 0.539615 
40 1.19383 0.526454 
41 1.16541 0.542194 
42 1.1456 0.55967 
43 1.14878 0.54695 
44 1.13737 0.532529 
45 1.13127 0.51688 
46 1.1079 0.503501 
47 1.08482 0.495474 
48 1.09376 0.496907 
49 1.08239 0.484157 
50 1.07025 0.488235 
51 1.05067 0.47888 
52 1.03085 0.469844 
53 1.00175 0.458365 
54 0.973094 0.451481 
55 0.955717 0.449648 
56 0.93895 0.456276 
57 0.928477 0.450285 
58 0.927184 0.448325 
59 0.911731 0.450151 
60 0.902292 0.442772 
61 0.880637 0.440391 
62 0.866658 0.433401 
63 0.864743 0.434606 
64 0.87519 0.428012 
65 0.878381 0.425117 
66 0.869486 0.421098 
67 0.868627 0.414906 
68 0.861968 0.41466 
69 0.866151 0.411171 
70 0.869989 0.405379 
71 0.869767 0.399749 
72 0.864771 0.394273 
73 0.853085 0.404706 
74 0.849792 0.39931 
75 0.841297 0.406602 
76 0.830458 0.406015 
77 0.825404 0.406701 
78 0.819555 0.401552 
79 0.813314 0.398063 
80 0.803273 0.390959 
81 0.793477 0.386403 
82 0.787112 0.381669 
83 0.784619 0.376547 
84 0.778519 0.372117 
85 0.775811 0.367791 
86 0.766831 0.363563 
87 0.757945 0.364791 
88 0.743904 0.360329 
89 0.736118 0.356599 
90 0.72962 0.352462 
91 0.713483 0.351626 
92 0.704364 0.349377 
93 0.698538 0.345192 
94 0.68971 0.341558 
95 0.678899 0.33973 
96 0.67938 0.336228 
97 0.67243 0.333257 
98 0.66423 0.331273 
99 0.653011 0.327714 
100 0.644021 0.324469 
101 0.62864 0.325833 
102 0.621828 0.324839 
103 0.624018 0.325 
104 0.6237 0.321905 
105 0.614675 0.318868 
106 0.611404 0.319427 
107 0.604675 0.316513 
108 0.612222 0.313683 
109 0.597241 0.313813 
110 0.596421 0.309752 
111 0.58471 0.309304 
112 0.583573 0.307981 
113 0.580576 0.305279 
114 0.576198 0.302625 
115 0.576528 0.300016 
116 0.571596 0.296856 
117 0.571736 0.291771 
118 0.569313 0.29115 
119 0.564879 0.289083 
120 0.566082 0.286873 
121 0.564902 0.284521 
122 0.569722 0.283414 
123 0.566858 0.291197 
124 0.565737 0.289223 
125 0.557896 0.28817 
126 0.555636 0.286771 
127 0.559153 0.285751 
128 0.560904 0.286991 
129 0.556589 0.288622 
130 0.557858 0.286884 
131 0.555741 0.283979 
132 0.548979 0.281844 
133 0.546056 0.278524 
134 0.542752 0.277295 
135 0.538832 0.275256 
136 0.533068 0.273433 
137 0.529205 0.271451 
138 0.525398 0.273503 
139 0.519298 0.274883 
140 0.520535 0.27242 
141 0.518954 0.270502 
142 0.510399 0.271512 
143 0.513968 0.272297 
144 0.510424 0.270419 
145 0.505782 0.268567 
146 0.503329 0.26674 
147 0.50754 0.265084 
148 0.509455 0.261571 
149 0.508729 0.259827 
150 0.507835 0.258204 
151 0.502927 0.256805 
152 0.496834 0.257574 
153 0.493608 0.256025 
154 0.49238 0.254373 
155 0.489544 0.252858 
156 0.486426 0.251887 
157 0.485148 0.250293 
158 0.477343 0.250471 
159 0.475956 0.252334 
160 0.476382 0.250767 
161 0.475219 0.249469 
162 0.472304 0.247939 
163 0.469424 0.247442 
164 0.468741 0.245943 
165 0.465917 0.244435 
166 0.463158 0.242971 
167 0.459248 0.241525 
168 0.456562 0.240527 
169 0.453876 0.239888 
170 0.451222 0.238485 
171 0.450369 0.237098 
172 0.447766 0.239552 
173 0.442737 0.238175 
174 0.440207 0.236814 
175 0.437706 0.235469 
176 0.433798 0.234138 
177 0.431361 0.232823 
178 0.428952 0.231522 
179 0.431871 0.230236 
180 0.431305 0.232644 
181 0.433416 0.231384 
182 0.431047 0.23012 
183 0.428705 0.228869 
184 0.426387 0.227632 
185 0.424095 0.226408 
186 0.421827 0.225198 
187 0.421309 0.224 
188 0.41908 0.222814 
189 0.416874 0.221642 
190 0.414529 0.220015 
191 0.41237 0.218842 
192 0.410233 0.218277 
193 0.408118 0.217152 
194 0.406107 0.216038 
195 0.404035 0.214936 
196 0.403184 0.213845 
197 0.405257 0.212765 
198 0.40322 0.211696 
199 0.403143 0.210638 
200 0.399263 0.20959 
201 0.395515 0.208552 
202 0.397833 0.207525 
203 0.399137 0.206507 
204 0.394606 0.2055 
205 0.39269 0.204502 
206 0.393184 0.201592 
207 0.392379 0.200622 
208 0.390502 0.199662 
209 0.391369 0.198522 
210 0.389767 0.201633 
211 0.386135 0.200682 
212 0.381578 0.198694 
213 0.379795 0.197765 
214 0.378028 0.196846 
215 0.37974 0.195934 
216 0.379509 0.193779 
217 0.377764 0.19289 
218 0.376039 0.192009 
219 0.37556 0.191136 
220 0.376762 0.190271 
221 0.375065 0.189414 
222 0.373383 0.188565 
223 0.374369 0.191316 
224 0.376798 0.190466 
225 0.37329 0.189623 
226 0.373613 0.188788 
227 0.374626 0.18796 
228 0.37299 0.187139 
229 0.371368 0.188441 
230 0.36976 0.187625 
231 0.368167 0.186816 
232 0.367824 0.186014 
233 0.364404 0.18522 
234 0.365974 0.184431 
235 0.364423 0.18365 
236 0.365476 0.182875 
237 0.36394 0.182871 
238 0.362418 0.182106 
239 0.364896 0.181348 
240 0.361526 0.184593 
241 0.360002 0.186481 
242 0.357229 0.185851 
243 0.355765 0.185867 
244 0.354313 0.185108 
245 0.355674 0.184356 
246 0.355078 0.183609 
247 0.353646 0.182869 
248 0.352226 0.182135 
249 0.348724 0.181406 
250 0.347335 0.180683 
251 0.345957 0.179966 
252 0.341874 0.179255 
253 0.340528 0.178549 
254 0.339193 0.177849 
255 0.339323 0.177154 
256 0.338003 0.176909 
257 0.336693 0.176224 
258 0.335561 0.177262 
259 0.334271 0.17658 
260 0.335375 0.175904 
261 0.334095 0.175232 
262 0.332825 0.174566 
263 0.331564 0.173905 
264 0.330313 0.173249 
265 0.329071 0.172597 
266 0.327839 0.171951 
267 0.324895 0.171309 
268 0.323687 0.170672 
269 0.322488 0.17004 
270 0.321298 0.169413 
271 0.320117 0.16879 
272 0.318945 0.16761 
273 0.317781 0.166999 
274 0.313408 0.166392 
275 0.313594 0.165789 
276 0.312461 0.16519 
277 0.313754 0.164596 
278 0.312629 0.162393 
279 0.311513 0.162541 
280 0.312253 0.161962 
281 0.313381 0.161388 
282 0.312274 0.160818 
283 0.311174 0.160251 
284 0.310083 0.160996 
285 0.311851 0.160433 
286 0.310764 0.159874 
287 0.311965 0.159319 
288 0.312307 0.158768 
289 0.309597 0.15822 
290 0.308533 0.157677 
291 0.307477 0.157137 
292 0.307901 0.155967 
293 0.306853 0.155437 
294 0.306602 0.15491 
295 0.305566 0.157476 
296 0.306685 0.156946 
297 0.30601 0.156419 
298 0.304986 0.155896 
299 0.30397 0.155376 
300 0.304572 0.15486 
301 0.303564 0.154347 
302 0.302562 0.153838 
303 0.301567 0.153332 
304 0.300578 0.152829 
305 0.300184 0.15233 
306 0.299207 0.151833 
307 0.298235 0.15134 
308 0.29727 0.150851 
309 0.296311 0.150364 
310 0.296329 0.149881 
311 0.295181 0.1494 
312 0.294238 0.148923 
313 0.293301 0.148449 
314 0.29237 0.147977 
315 0.291445 0.147509 
316 0.289697 0.147477 
317 0.288786 0.147013 
318 0.287881 0.146553 
319 0.286981 0.146095 
320 0.286087 0.14564 
321 0.285199 0.145187 
322 0.284316 0.144738 
323 0.283438 0.144291 
324 0.282566 0.143847 
325 0.282697 0.143406 
326 0.281833 0.142512 
327 0.280974 0.142077 
328 0.280119 0.141646 
329 0.279271 0.141216 
330 0.278427 0.13984 
331 0.277588 0.139419 
332 0.276455 0.139001 
333 0.274251 0.138584 
334 0.273433 0.138171 
335 0.272619 0.140554 
336 0.270783 0.140137 
337 0.271533 0.139722 
338 0.269666 0.13931 
339 0.268873 0.1389 
340 0.269649 0.138493 
341 0.268861 0.139906 
342 0.266288 0.139498 
343 0.263349 0.139092 
344 0.261497 0.138689 
345 0.260741 0.139007 
346 0.259989 0.138606 
347 0.259242 0.138208 
348 0.258499 0.137812 
349 0.260226 0.137418 
350 0.257939 0.137027 
351 0.257206 0.136638 
352 0.256478 0.136251 
353 0.254774 0.135866 
354 0.255834 0.135483 
355 0.255116 0.135102 
356 0.255484 0.134724 
357 0.254644 0.134348 
358 0.253935 0.133973 
359 0.252039 0.133601 
360 0.249269 0.134967 
361 0.246737 0.134595 
362 0.246057 0.134224 
363 0.245382 0.133855 
364 0.244709 0.133488 
365 0.244041 0.133741 
366 0.243376 0.133377 
367 0.241207 0.133015 
368 0.240554 0.132654 
369 0.242539 0.132296 
370 0.241885 0.131939 
371 0.243559 0.131584 
372 0.240738 0.131232 
373 0.240094 0.130881 
374 0.241458 0.130532 
375 0.23914 0.130184 
376 0.238506 0.129839 
377 0.237875 0.129496 
378 0.237247 0.129154 
379 0.236623 0.128814 
380 0.236002 0.128476 
381 0.235384 0.12814 
382 0.234769 0.127805 
383 0.234158 0.127472 
384 0.23355 0.127141 
385 0.234818 0.126812 
386 0.234211 0.126484 
387 0.235833 0.126158 
388 0.233437 0.125834 
389 0.231387 0.125511 
390 0.230796 0.12519 
391 0.230207 0.124871 
392 0.229621 0.124553 
393 0.23087 0.124237 
394 0.230286 0.123922 
395 0.229704 0.12361 
396 0.227692 0.123298 
397 0.228933 0.122988 
398 0.226467 0.12268 
399 0.227601 0.122373 
400 0.22487 0.122068 
401 0.22431 0.121765 
402 0.226173 0.121462 
403 0.225613 0.121162 
404 0.225056 0.120863 
405 0.226652 0.120565 
406 0.226096 0.120269 
407 0.227672 0.119974 
408 0.227115 0.119681 
409 0.228416 0.119389 
410 0.229199 0.117673 
411 0.228642 0.117388 
412 0.228089 0.117104 
413 0.227538 0.116821 
414 0.226989 0.116539 
415 0.226444 0.118443 
416 0.225901 0.119796 
417 0.22536 0.11951 
418 0.224822 0.119225 
419 0.224287 0.118941 
420 0.223754 0.118658 
421 0.223224 0.118377 
422 0.222696 0.118097 
423 0.220652 0.117819 
424 0.220132 0.117541 
425 0.218677 0.117265 
426 0.218165 0.116991 
427 0.215871 0.116718 
428 0.215368 0.116445 
429 0.212838 0.116175 
430 0.212345 0.11653 
431 0.211853 0.11626 
432 0.211364 0.115992 
433 0.210877 0.115724 
434 0.210392 0.115458 
435 0.20991 0.115193 
436 0.209429 0.11493 
437 0.210224 0.114667 
438 0.209746 0.114406 
439 0.209269 0.114146 
440 0.207165 0.113887 
441 0.208801 0.11363 
442 0.209259 0.113373 
443 0.208788 0.113118 
444 0.208319 0.112864 
445 0.207852 0.112611 
446 0.207387 0.112359 
447 0.208879 0.112108 
448 0.208414 0.111858 
449 0.207951 0.11161 
450 0.205882 0.111362 
451 0.205944 0.111116 
452 0.205493 0.110871 
453 0.205041 0.110626 
454 0.203321 0.110383 
455 0.202875 0.110141 
456 0.202431 0.1099 
457 0.204126 0.10966 
458 0.205507 0.109421 
459 0.206792 0.109183 
460 0.206343 0.108947 
461 0.205896 0.108711 
462 0.205452 0.108476 
463 0.205009 0.108242 
464 0.202595 0.108009 
465 0.20216 0.107778 
466 0.200249 0.107547 
467 0.199821 0.107317 
468 0.199395 0.107088 
469 0.198971 0.10686 
470 0.200097 0.106633 
471 0.199673 0.106408 
472 0.19925 0.106183 
473 0.19883 0.105959 
474 0.198412 0.105736 
475 0.199284 0.105513 
476 0.198866 0.105292 
477 0.199492 0.105072 
478 0.200832 0.104853 
479 0.200413 0.104634 
480 0.198548 0.104417 
481 0.198136 0.1042 
482 0.197726 0.103984 
483 0.197245 0.103769 
484 0.196838 0.103555 
485 0.198171 0.103342 
486 0.19719 0.10313 
487 0.196786 0.102919 
488 0.1946 0.102708 
489 0.193273 0.102499 
490 0.191447 0.10229 
491 0.191058 0.102082 
492 0.190671 0.101875 
493 0.191192 0.101669 
494 0.189003 0.101463 
495 0.188622 0.101259 
496 0.188243 0.101055 
497 0.185969 0.100852 
498 0.18585 0.10065 
499 0.186275 0.100449 
500 0.185904 0.100248 
501 0.185156 0.100049 
502 0.184788 0.0998496 
503 0.184421 0.0996515 
504 0.184603 0.0994542 
505 0.184238 0.0992576 
506 0.183875 0.0990619 
507 0.182683 0.0988669 
508 0.183533 0.0986726 
509 0.182007 0.0984791 
510 0.181651 0.0982864 
511 0.181296 0.0980945 
512 0.18121 0.0979032 
513 0.180858 0.0977128 
514 0.179337 0.097523 
515 0.178989 0.097334 
516 0.178643 0.0971458 
517 0.178298 0.0969582 
518 0.177955 0.0967714 
519 0.177613 0.0965853 
520 0.177272 0.0963999 
521 0.176932 0.0962153 
522 0.175157 0.0960313 
523 0.174968 0.095848 
524 0.174635 0.0956655 
525 0.174303 0.0954836 
526 0.173972 0.0953024 
527 0.173642 0.0951219 
528 0.173314 0.0949421 
529 0.172987 0.094763 
530 0.172661 0.0945845 
531 0.172337 0.0944067 
532 0.172014 0.0942296 
533 0.171691 0.0940531 
534 0.17137 0.0938773 
535 0.172527 0.0937022 
536 0.172206 0.0935277 
537 0.171886 0.0933538 
538 0.171567 0.0931806 
539 0.171249 0.0930081 
540 0.170932 0.0928362 
541 0.170617 0.0926649 
542 0.170303 0.0924942 
543 0.16999 0.0923242 
544 0.169678 0.0921548 
545 0.169367 0.091986 
546 0.16703 0.0918178 
547 0.166725 0.0916503 
548 0.166421 0.0915543 
549 0.166118 0.0913878 
550 0.166627 0.091222 
551 0.166325 0.0910567 
552 0.166024 0.0908921 
553 0.165724 0.090728 
554 0.165426 0.0905645 
555 0.1638 0.0904016 
556 0.164606 0.0902393 
557 0.164311 0.0901057 
558 0.164017 0.0899445 
559 0.162178 0.0897838 
560 0.162739 0.0897936 
561 0.163812 0.0896338 
562 0.165516 0.0894746 
563 0.165222 0.089316 
564 0.163648 0.0891579 
565 0.163359 0.0890004 
566 0.16349 0.0889796 
567 0.163203 0.0888229 
568 0.162916 0.0886668 
569 0.161133 0.0885113 
570 0.159395 0.0883563 
571 0.15763 0.0882018 
572 0.156785 0.0880479 
573 0.158203 0.0878945 
574 0.157928 0.0877416 
575 0.157654 0.0875893 
576 0.158936 0.0874375 
577 0.158661 0.0872862 
578 0.160251 0.0871355 
579 0.159975 0.0869852 
580 0.159699 0.0868355 
581 0.159321 0.0866863 
582 0.160546 0.086585 
583 0.161913 0.0864367 
584 0.161636 0.0862889 
585 0.16136 0.0861417 
586 0.161085 0.0859949 
587 0.162133 0.0858487 
588 0.161858 0.0857029 
589 0.162282 0.0855577 
590 0.163045 0.0854129 
591 0.16277 0.0852686 
592 0.162496 0.0851248 
593 0.163315 0.0849815 
594 0.16391 0.0848387 
595 0.164868 0.0846964 
596 0.164592 0.0845545 
597 0.164317 0.0844131 
598 0.164768 0.0842722 
599 0.164493 0.0841317 
600 0.164219 0.0839917 
601 0.164788 0.0838522 
602 0.164994 0.0837131 
603 0.164721 0.0835745 
604 0.164449 0.0834364 
605 0.164177 0.0832987 
606 0.163907 0.0831615 
607 0.163637 0.0830247 
608 0.164586 0.0828884 
609 0.165295 0.0827525 
610 0.165024 0.0826171 
611 0.164754 0.0824821 
612 0.16492 0.0823475 
613 0.164651 0.0822134 
614 0.165791 0.0820797 
615 0.165522 0.0819465 
616 0.165254 0.0818137 
617 0.165532 0.0816813 
618 0.165265 0.0815493 
619 0.164998 0.0814178 
620 0.165972 0.0812867 
621 0.166781 0.081156 
622 0.166709 0.0810257 
623 0.16768 0.0808959 
624 0.167412 0.0807664 
625 0.167144 0.0806374 
626 0.166878 0.0805088 
627 0.166612 0.0803806 
628 0.167235 0.0802528 
629 0.166969 0.0801254 
630 0.166705 0.0799985 
631 0.166441 0.0798719 
632 0.166178 0.0797457 
633 0.165916 0.0796199 
634 0.165655 0.0794945 
635 0.165394 0.0793695 
636 0.165135 0.0792449 
637 0.164876 0.0791207 
638 0.164618 0.0789969 
639 0.164361 0.0788735 
640 0.164104 0.0787504 
641 0.163849 0.0786278 
642 0.164393 0.0785055 
643 0.164365 0.0783836 
644 0.16411 0.0782621 
645 0.163856 0.0781409 
646 0.164274 0.0780201 
647 0.164021 0.0778997 
648 0.163768 0.0777797 
649 0.163516 0.07766 
650 0.163863 0.0775407 
651 0.164054 0.0774218 
652 0.163803 0.0773033 
653 0.163552 0.0771851 
654 0.163302 0.0770672 
655 0.163053 0.0769497 
656 0.162805 0.0768326 
657 0.162558 0.0767158 
658 0.162311 0.0765994 
659 0.162065 0.0764834 
660 0.16182 0.0763677 
661 0.161576 0.0758579 
662 0.161495 0.0747519 
663 0.161554 0.0751558 
664 0.161311 0.0750428 
665 0.161069 0.0762277 
666 0.160827 0.0761134 
667 0.160586 0.0759995 
668 0.160346 0.076482 
669 0.160107 0.0763678 
670 0.159868 0.076254 
671 0.159656 0.0761405 
672 0.159419 0.0760274 
673 0.159182 0.0759146 
674 0.158946 0.0758021 
675 0.158711 0.07569 
676 0.15866 0.0759497 
677 0.158426 0.0758377 
678 0.158192 0.075726 
679 0.15796 0.0756146 
680 0.157728 0.0755036 
681 0.157496 0.0753929 
682 0.157266 0.0752825 
683 0.157036 0.0751724 
684 0.156807 0.0750627 
685 0.156578 0.0749532 
686 0.156376 0.0748441 
687 0.156149 0.0747354 
688 0.155922 0.0746269 
689 0.155444 0.0745187 
690 0.155219 0.0744109 
691 0.154994 0.0743681 
692 0.154771 0.0742608 
693 0.154548 0.0741538 
694 0.154325 0.0740471 
695 0.154104 0.0739407 
696 0.153882 0.0738346 
697 0.153662 0.0737288 
698 0.153442 0.0736234 
699 0.153223 0.0735182 
700 0.153004 0.0734133 
701 0.152786 0.0733087 
702 0.152569 0.0732044 
703 0.151812 0.0731005 
704 0.151597 0.0729968 
705 0.151382 0.0728934 
706 0.151168 0.0727903 
707 0.150955 0.0726875 
708 0.150742 0.0725849 
709 0.151288 0.0719548 
710 0.151076 0.0710231 
711 0.150863 0.0709234 
712 0.150652 0.0708239 
713 0.150441 0.0707247 
714 0.15023 0.0706258 
715 0.149473 0.0705271 
716 0.149265 0.0704288 
717 0.149818 0.0703307 
718 0.149609 0.0707835 
719 0.149402 0.0706852 
720 0.149194 0.0705872 
721 0.148988 0.0704894 
722 0.148782 0.0703919 
723 0.148576 0.0702947 
724 0.148371 0.0701977 
725 0.148167 0.070101 
726 0.147963 0.0700046 
727 0.14776 0.0699084 
728 0.14811 0.0698125 
729 0.147907 0.0697169 
730 0.147526 0.0696215 
731 0.147324 0.0695264 
732 0.147123 0.0694316 
733 0.146923 0.069337 
734 0.146723 0.0692426 
735 0.146524 0.0691486 
736 0.146325 0.0690547 
737 0.146126 0.0689612 
738 0.145929 0.0688678 
739 0.145273 0.0687748 
740 0.145077 0.068682 
741 0.144881 0.0685894 
742 0.144686 0.0684971 
743 0.144492 0.068405 
744 0.144298 0.0683132 
745 0.144104 0.0682216 
746 0.143911 0.0681303 
747 0.143719 0.0680392 
748 0.143354 0.0679484 
749 0.143163 0.0688234 
750 0.142973 0.0687318 
751 0.143448 0.0686404 
752 0.143258 0.0685492 
753 0.142783 0.0684583 
754 0.142594 0.0683676 
755 0.142032 0.0682772 
756 0.141844 0.0688905 
757 0.141285 0.0687996 
758 0.141098 0.068709 
759 0.140913 0.0686186 
760 0.140728 0.0681284 
761 0.140323 0.068039 
762 0.139635 0.0683281 
763 0.139453 0.0683259 
764 0.13927 0.0682366 
765 0.139089 0.0681475 
766 0.138672 0.0680587 
767 0.139257 0.06797 
768 0.139076 0.0678817 
769 0.138896 0.0677935 
770 0.139472 0.0677056 
771 0.138686 0.0676179 
772 0.138506 0.0675304 
773 0.137568 0.0674431 
774 0.1368 0.0673561 
775 0.137389 0.0672693 
776 0.137212 0.0671827 
777 0.137036 0.0670964 
778 0.13686 0.0670103 
779 0.136684 0.0669243 
780 0.136509 0.0668387 
781 0.135447 0.0667532 
782 0.135274 0.0666679 
783 0.134768 0.0665829 
784 0.134597 0.0664981 
785 0.134426 0.0664135 
786 0.134255 0.0663291 
787 0.13374 0.0662449 
788 0.13357 0.066161 
789 0.132812 0.0660772 
790 0.132644 0.0659937 
791 0.132476 0.0659103 
792 0.132309 0.0658272 
793 0.131073 0.0653014 
794 0.130408 0.0652193 
795 0.129491 0.0651374 
796 0.129329 0.0650556 
797 0.129167 0.0649741 
798 0.130228 0.0648928 
799 0.131179 0.0648117 
800 0.131419 0.0647308 
801 0.131256 0.0646501 
802 0.132048 0.0645695 
803 0.132222 0.0644892 
804 0.132057 0.0644091 
805 0.132681 0.0643292 
806 0.132516 0.0642495 
807 0.131697 0.06417 
808 0.131534 0.0640907 
809 0.131372 0.0640115 
810 0.130328 0.0639326 
811 0.13117 0.0638539 
812 0.131009 0.0634596 
813 0.131632 0.0633817 
814 0.130815 0.0633039 
815 0.131441 0.0629348 
816 0.13128 0.0628578 
817 0.131119 0.0627809 
818 0.130959 0.0627043 
819 0.130799 0.0626278 
820 0.13064 0.0625515 
821 0.130481 0.0624754 
822 0.130323 0.0623995 
823 0.130818 0.0623238 
824 0.129719 0.0624282 
825 0.129562 0.0623527 
826 0.129405 0.0624063 
827 0.128968 0.062331 
828 0.129324 0.0624884 
829 0.129517 0.0624131 
830 0.129208 0.062338 
831 0.129053 0.062263 
832 0.128007 0.0621883 
833 0.127853 0.0621137 
834 0.127183 0.0620393 
835 0.127031 0.0620879 
836 0.126177 0.0620137 
837 0.125666 0.0619397 
838 0.125516 0.0618659 
839 0.125008 0.0617922 
840 0.124036 0.0620597 
841 0.125185 0.0619859 
842 0.125036 0.0619124 
843 0.123742 0.0618391 
844 0.123789 0.0621684 
845 0.124937 0.0620949 
846 0.125769 0.0620216 
847 0.125621 0.0619485 
848 0.125473 0.0618755 
849 0.126166 0.0618027 
850 0.126479 0.0617301 
851 0.126427 0.0616577 
852 0.126279 0.0619425 
853 0.125891 0.06187 
854 0.125744 0.0617338 
855 0.126531 0.0616617 
856 0.126622 0.0615898 
857 0.125679 0.061518 
858 0.126466 0.0616862 
859 0.126137 0.0616144 
860 0.12599 0.0615429 
861 0.125818 0.0614715 
862 0.125418 0.0614002 
863 0.124846 0.0613292 
864 0.123694 0.0612583 
865 0.124119 0.0611875 
866 0.125132 0.061117 
867 0.124554 0.0610466 
868 0.125106 0.0609763 
869 0.124962 0.0609062 
870 0.124818 0.0608363 
871 0.125616 0.0607665 
872 0.125306 0.0605284 
873 0.124593 0.0604592 
874 0.123688 0.0603901 
875 0.123381 0.0599776 
876 0.122554 0.0599092 
877 0.122415 0.059841 
878 0.122275 0.0597729 
879 0.122136 0.059705 
880 0.122787 0.0596372 
881 0.122648 0.0595696 
882 0.121824 0.0595021 
883 0.121686 0.0594348 
884 0.121549 0.0592645 
885 0.122199 0.0591976 
886 0.122187 0.0591309 
887 0.121208 0.0594757 
888 0.120838 0.0594088 
889 0.121366 0.059342 
890 0.12123 0.0592754 
891 0.120164 0.059209 
892 0.120029 0.0591427 
893 0.119008 0.0589983 
894 0.118875 0.0589324 
895 0.118841 0.0584735 
896 0.118708 0.0584083 
897 0.118576 0.0583433 
898 0.117375 0.0582784 
899 0.117245 0.0582137 
900 0.117114 0.058149 
901 0.116985 0.0580846 
902 0.115666 0.0580203 
903 0.115538 0.0585046 
904 0.11593 0.0584399 
905 0.115802 0.0583754 
906 0.115283 0.0583111 
907 0.116452 0.0582469 
908 0.116847 0.0581828 
909 0.117812 0.0581189 
910 0.118865 0.0580551 
911 0.117671 0.0579914 
912 0.117542 0.057463 
913 0.116232 0.0574002 
914 0.116554 0.0573374 
915 0.117345 0.0572748 
916 0.116822 0.0572124 
917 0.116695 0.05715 
918 0.117286 0.0570879 
919 0.117158 0.0570258 
920 0.117059 0.0569639 
921 0.116932 0.0569021 
922 0.117321 0.0574758 
923 0.116402 0.0568909 
924 0.116276 0.0568294 
925 0.116548 0.056768 
926 0.117034 0.0567068 
927 0.116593 0.0566457 
928 0.116468 0.0560436 
929 0.115177 0.0559833 
930 0.115442 0.0559232 
931 0.115319 0.0558632 
932 0.113928 0.0564872 
933 0.113806 0.0558702 
934 0.113684 0.0558104 
935 0.113563 0.0557508 
936 0.113442 0.0556913 
937 0.113928 0.0556319 
938 0.114052 0.0555727 
939 0.114003 0.0555136 
940 0.113882 0.0554546 
941 0.114268 0.0553957 
942 0.115398 0.0560083 
943 0.115624 0.0559489 
944 0.116586 0.0558897 
945 0.117304 0.0558307 
946 0.11718 0.0557717 
947 0.117056 0.0557129 
948 0.116933 0.0556542 
949 0.11681 0.0555956 
950 0.116687 0.0555371 
951 0.117284 0.0548481 
952 0.117456 0.0547905 
953 0.116376 0.0547331 
954 0.11588 0.0546758 
955 0.115357 0.0546186 
956 0.114162 0.0545615 
957 0.115225 0.0545045 
958 0.115104 0.0544477 
959 0.114985 0.054391 
960 0.115122 0.0543344 
961 0.115003 0.0542779 
962 0.114883 0.0542215 
963 0.114339 0.0541653 
964 0.114221 0.0541092 
965 0.113653 0.0540532 
966 0.113973 0.0539973 
967 0.114921 0.0539415 
968 0.114802 0.0538858 
969 0.114816 0.0538303 
970 0.114857 0.0537748 
971 0.114908 0.0537195 
972 0.114789 0.0536643 
973 0.11554 0.0536092 
974 0.115421 0.0535542 
975 0.11454 0.0534993 
976 0.114422 0.0534446 
977 0.113435 0.0533899 
978 0.112323 0.0533354 
979 0.112836 0.053281 
980 0.112721 0.0532267 
981 0.112606 0.0531725 
982 0.112492 0.0531184 
983 0.112377 0.0530644 
984 0.112513 0.0530105 
985 0.111805 0.0529567 
986 0.111691 0.0529031 
987 0.111578 0.0538601 
988 0.111465 0.0538057 
989 0.111353 0.0537513 
990 0.11124 0.0536971 
991 0.111128 0.053643 
992 0.111016 0.0535889 
993 0.110905 0.053535 
994 0.110793 0.0534812 
995 0.111352 0.0534275 
996 0.111241 0.0533903 
997 0.111129 0.0533368 
998 0.11065 0.0532835 
999 0.110539 0.0532302 
1000 0.111292 0.053177 
1100 0.105566 0.0493905 
1200 0.0988278 0.0478411 
1300 0.0915712 0.0441638 
1400 0.0866234 0.0410115 
1500 0.0821603 0.0386075 
1600 0.077703 0.0384171 
1700 0.0713175 0.037484 
1800 0.0673812 0.0351361 
1900 0.0658213 0.0335091 
2000 0.0642831 0.0329382 
2100 0.0625164 0.0313705 
2200 0.0598911 0.0299246 
2300 0.0590052 0.0280805 
2400 0.0557234 0.0276364 
2500 0.0575105 0.0265683 
2600 0.0568382 0.0252331 
2700 0.055524 0.0239802 
2800 0.0564168 0.0243761 
2900 0.051578 0.0237203 
3000 0.0513832 0.0229299 
3100 0.049983 0.0218556 
3200 0.0493859 0.0214122 
3300 0.0482145 0.0209245 
3400 0.0463547 0.0207077 
3500 0.0442691 0.0201731 
3600 0.0438325 0.0198226 
3700 0.0438531 0.019287 
3800 0.0418472 0.0187796 
3900 0.0403927 0.0182982 
4000 0.0395263 0.0178409 
4100 0.0391568 0.0174058 
4200 0.0383793 0.0169915 
4300 0.0385443 0.0165964 
4400 0.0380847 0.0162193 
4500 0.0363647 0.015859 
4600 0.0356312 0.0155143 
4700 0.0362162 0.0151584 
4800 0.0356723 0.015003 
4900 0.0359729 0.0146 
5000 0.0362749 0.0148512 
5100 0.0352632 0.0148121 
5200 0.0359264 0.0144195 
5300 0.0356586 0.013979 
5400 0.0355355 0.0139671 
5500 0.0347166 0.0143418 
5600 0.0338453 0.0143625 
5700 0.0333139 0.0141106 
5800 0.0324976 0.0138673 
5900 0.0313612 0.0136323 
6000 0.0312054 0.0134051 
6100 0.031526 0.0131854 
6200 0.0313841 0.0129728 
6300 0.0311372 0.0127669 
6400 0.0306403 0.0125675 
6500 0.0297751 0.0123741 
6600 0.0290735 0.0121882 
6700 0.0287689 0.0119064 
6800 0.0292506 0.0115143 
6900 0.0291499 0.0119726 
7000 0.0285737 0.0120691 
7100 0.02643 0.0120418 
7200 0.0252529 0.0119885 
7300 0.0251691 0.011688 
7400 0.0245639 0.0110962 
7500 0.0247273 0.0115254 
7600 0.025233 0.0116099 
7700 0.0252483 0.0114592 
7800 0.0244796 0.0113123 
7900 0.0240176 0.0111691 
8000 0.0237454 0.0110295 
8100 0.0234536 0.0108934 
8200 0.0229695 0.0107605 
8300 0.0218913 0.0106309 
8400 0.0223801 0.0105044 
8500 0.0236713 0.0103808 
8600 0.0241151 0.0102601 
8700 0.0229436 0.0101342 
8800 0.0238882 0.0100828 
8900 0.0243252 0.00996954 
9000 0.0244893 0.00985884 
9100 0.0246885 0.00970554 
9200 0.0247989 0.00964534 
9300 0.024546 0.00961645 
9400 0.0239422 0.00951416 
9500 0.0235047 0.00941402 
9600 0.0238773 0.00931597 
9700 0.023631 0.00921994 
9800 0.0236741 0.00912586 
9900 0.0236353 0.00903369 
10000 0.0236683 0.00894337 
10100 0.0237569 0.00885483 
10200 0.0232366 0.00876802 
10300 0.0230042 0.0086829 
10400 0.0226425 0.00859942 
10500 0.0226473 0.00851753 
10600 0.0224144 0.00843718 
10700 0.0221496 0.00835834 
10800 0.0220886 0.00828096 
10900 0.0222869 0.00820499 
11000 0.0214033 0.00813041 
11100 0.0212067 0.00805717 
11200 0.0212401 0.00798523 
11300 0.0213667 0.00791457 
11400 0.0212037 0.00784515 
11500 0.0209602 0.00777694 
11600 0.0211007 0.0077099 
11700 0.021056 0.00764401 
11800 0.0208411 0.00757924 
11900 0.0206636 0.00751555 
12000 0.0203121 0.00745293 
12100 0.0198761 0.00739134 
12200 0.0197078 0.00733076 
12300 0.0197333 0.00727116 
12400 0.0194045 0.00721253 
12500 0.019012 0.00715484 
12600 0.0187239 0.00709806 
12700 0.0180399 0.00704217 
12800 0.0180577 0.00698716 
12900 0.0190265 0.006933 
13000 0.0190191 0.00687967 
13100 0.0187916 0.00682716 
13200 0.0190464 0.00677544 
13300 0.0194509 0.0067245 
13400 0.0196176 0.00667432 
13500 0.0191177 0.00662489 
13600 0.0187424 0.00657618 
13700 0.0186791 0.00652818 
13800 0.0183167 0.00648088 
13900 0.0182908 0.00643426 
14000 0.018308 0.0063883 
14100 0.0182962 0.006343 
14200 0.0177476 0.00629833 
14300 0.0175961 0.00625429 
14400 0.0173623 0.00624811 
14500 0.0172456 0.00606619 
14600 0.0173609 0.00608531 
14700 0.0173268 0.00629629 
14800 0.0174836 0.00629384 
14900 0.0172946 0.00625844 
15000 0.0169845 0.00621672 
15100 0.0170728 0.00617155 
15200 0.0169694 0.00611422 
15300 0.0165683 0.00574838 
15400 0.0159379 0.00569842 
15500 0.0160187 0.00601302 
15600 0.0162083 0.00611664 
15700 0.0158118 0.00607768 
15800 0.0161771 0.00603922 
15900 0.0157922 0.00600124 
16000 0.0161452 0.00596373 
16100 0.0160661 0.0059267 
16200 0.015672 0.00589011 
16300 0.0157169 0.00585398 
16400 0.0157772 0.00581829 
16500 0.0158134 0.00578303 
16600 0.0156672 0.00574819 
16700 0.0150284 0.00571377 
16800 0.0152043 0.00567976 
16900 0.0152398 0.00564616 
17000 0.0151147 0.00561295 
17100 0.0149339 0.00558013 
17200 0.0151992 0.00554768 
17300 0.0150428 0.00551562 
17400 0.0152845 0.00548392 
17500 0.0153634 0.00545259 
17600 0.0150019 0.00542161 
17700 0.0154577 0.00539098 
17800 0.0152842 0.00536069 
17900 0.0153493 0.00533075 
18000 0.015588 0.00530113 
18100 0.0156296 0.00527185 
18200 0.0161802 0.00524288 
18300 0.0158377 0.00521424 
18400 0.0157521 0.0051859 
18500 0.0157628 0.00515787 
18600 0.0162935 0.00513014 
18700 0.0163996 0.00510271 
18800 0.0161343 0.00507557 
18900 0.0159276 0.00504871 
19000 0.0159968 0.00502214 
19100 0.0162604 0.00499585 
19200 0.0158136 0.00496983 
19300 0.0156359 0.00494408 
19400 0.014923 0.0049186 
19500 0.0151834 0.00489338 
19600 0.0151029 0.00486841 
19700 0.0146041 0.0048437 
19800 0.0149153 0.00481924 
19900 0.0147294 0.00479502 
20000 0.014628 0.00477105 
20100 0.0142291 0.00474731 
20200 0.0142164 0.00472381 
20300 0.0143833 0.00470054 
20400 0.013964 0.0046775 
20500 0.0134082 0.00465469 
20600 0.0137072 0.00463209 
20700 0.013368 0.00460972 
20800 0.0135003 0.00458755 
20900 0.0133554 0.00456561 
21000 0.0129787 0.00454387 
21100 0.0131983 0.00452233 
21200 0.0133728 0.004501 
21300 0.0131361 0.00447987 
21400 0.0131815 0.00445894 
21500 0.0135258 0.0044382 
21600 0.0138954 0.00441765 
21700 0.0139345 0.0043973 
21800 0.0140731 0.00437713 
21900 0.0140843 0.00435714 
22000 0.0140332 0.00433734 
22100 0.0139994 0.00431771 
22200 0.0142297 0.00429826 
22300 0.0139531 0.00427899 
22400 0.0140478 0.00425989 
22500 0.0138388 0.00424095 
22600 0.0137691 0.00422219 
22700 0.0135928 0.00420359 
22800 0.0138886 0.00418516 
22900 0.0140133 0.00416688 
23000 0.014036 0.00414876 
23100 0.0139682 0.0041308 
23200 0.0140159 0.004113 
23300 0.0137007 0.00409535 
23400 0.0135165 0.00407785 
23500 0.013233 0.0040605 
23600 0.0130428 0.00404329 
23700 0.0127883 0.00402623 
23800 0.0126322 0.00400932 
23900 0.0128249 0.00399254 
24000 0.0126227 0.00397591 
24100 0.0128912 0.00395941 
24200 0.0129351 0.00394305 
24300 0.013049 0.00392682 
24400 0.013026 0.00391073 
24500 0.0131151 0.00389477 
24600 0.0128272 0.00387894 
24700 0.0125998 0.00386323 
24800 0.0123504 0.00384766 
24900 0.0122351 0.0038322 
25000 0.0122127 0.00381688 
25100 0.0120942 0.00380167 
25200 0.0121863 0.00378658 
25300 0.0120781 0.00377162 
25400 0.0120126 0.00375677 
25500 0.0119423 0.00374204 
25600 0.0117294 0.00372742 
25700 0.0120051 0.00371292 
25800 0.0117944 0.00369853 
25900 0.011762 0.00368425 
26000 0.0116754 0.00367008 
26100 0.0117091 0.00365602 
26200 0.0117111 0.00364206 
26300 0.011646 0.00362822 
26400 0.0115304 0.00361447 
26500 0.0116627 0.00360083 
26600 0.0118199 0.0035873 
26700 0.0116211 0.00357386 
26800 0.0118598 0.00356053 
26900 0.0117984 0.00354729 
27000 0.0116387 0.00353416 
27100 0.0118123 0.00352111 
27200 0.0118111 0.00350817 
27300 0.0117867 0.00349532 
27400 0.0117816 0.00348256 
27500 0.0118012 0.0034699 
27600 0.011961 0.00345733 
27700 0.0121868 0.00344485 
27800 0.0121564 0.00343246 
27900 0.0121617 0.00342015 
28000 0.0122637 0.00340794 
28100 0.0120133 0.00339581 
28200 0.0119106 0.00338377 
28300 0.0120913 0.00337181 
28400 0.0122294 0.00335994 
28500 0.0120897 0.00334815 
28600 0.0119527 0.00333645 
28700 0.0115001 0.00332482 
28800 0.0113646 0.00331328 
28900 0.0112717 0.00330181 
29000 0.011305 0.00329043 
29100 0.0114171 0.00327912 
29200 0.0115613 0.00326789 
29300 0.0114562 0.00325674 
29400 0.0116204 0.00324566 
29500 0.0115536 0.00323466 
29600 0.011836 0.00322373 
29700 0.011913 0.00321288 
29800 0.0119921 0.0032021 
29900 0.0119311 0.00319139 
30000 0.0118523 0.00318075 
30100 0.0117765 0.00317018 
30200 0.0113827 0.00315969 
30300 0.0112951 0.00314926 
30400 0.0111161 0.0031389 
30500 0.0108538 0.00312861 
30600 0.0109819 0.00311839 
30700 0.0109222 0.00310823 
30800 0.0106665 0.00309814 
30900 0.0111412 0.00308811 
31000 0.0111858 0.00307815 
31100 0.0111709 0.00306825 
31200 0.011367 0.00305842 
31300 0.0114709 0.00304865 
31400 0.0113309 0.00303894 
31500 0.0111959 0.00302929 
31600 0.0115183 0.00301971 
31700 0.0115419 0.00301018 
31800 0.0114637 0.00300071 
31900 0.0114201 0.00299131 
32000 0.0113411 0.00298196 
32100 0.0112176 0.00297267 
32200 0.0114295 0.00296344 
32300 0.0114226 0.00295427 
32400 0.011597 0.00294515 
32500 0.0115831 0.00293609 
32600 0.0117004 0.00292708 
32700 0.0116165 0.00291813 
32800 0.0114115 0.00290923 
32900 0.0114718 0.00290039 
33000 0.0113626 0.0028916 
33100 0.0115365 0.00288287 
33200 0.0116072 0.00287418 
33300 0.0114672 0.00286555 
33400 0.0113086 0.00285697 
33500 0.0109967 0.00284844 
33600 0.0107054 0.00283997 
33700 0.0111521 0.00283154 
33800 0.0109738 0.00282316 
33900 0.0110243 0.00281484 
34000 0.0108398 0.00280656 
34100 0.0107313 0.00279833 
34200 0.0102881 0.00279014 
34300 0.0105773 0.00278201 
34400 0.0104872 0.00277392 
34500 0.0103924 0.00276588 
34600 0.0104609 0.00275789 
34700 0.0105804 0.00274994 
34800 0.0105323 0.00274204 
34900 0.0105293 0.00273418 
35000 0.0104106 0.00272637 
35100 0.0102999 0.0027186 
35200 0.0103806 0.00271088 
35300 0.0105096 0.0027032 
35400 0.0103749 0.00269557 
35500 0.0100801 0.00268797 
35600 0.0104232 0.00268042 
35700 0.0103166 0.00267291 
35800 0.010246 0.00266545 
35900 0.01042 0.00265802 
36000 0.0105346 0.00265064 
36100 0.0106658 0.0026433 
36200 0.0105775 0.002636 
36300 0.0107372 0.00262874 
36400 0.0104632 0.00262151 
36500 0.0105613 0.00261433 
36600 0.0101889 0.00260719 
36700 0.0100731 0.00260009 
36800 0.00996518 0.00259302 
36900 0.0100239 0.00258599 
37000 0.010301 0.002579 
37100 0.0100645 0.00257205 
37200 0.0100754 0.00256514 
37300 0.0100392 0.00255826 
37400 0.0100492 0.00255142 
37500 0.0102329 0.00254462 
37600 0.0102105 0.00253785 
37700 0.00986201 0.00253112 
37800 0.0100011 0.00252442 
37900 0.0100834 0.00251776 
38000 0.0100744 0.00251114 
38100 0.00995828 0.00250455 
38200 0.00983395 0.00249799 
38300 0.00966373 0.00249147 
38400 0.00976223 0.00248498 
38500 0.00954867 0.00247853 
38600 0.00937938 0.0024721 
38700 0.00945048 0.00246572 
38800 0.00931345 0.00245936 
38900 0.00944295 0.00245304 
39000 0.00964444 0.00244675 
39100 0.00962919 0.00244049 
39200 0.00942865 0.00243427 
39300 0.00939126 0.00242807 
39400 0.00941887 0.00242191 
39500 0.00938567 0.00241578 
39600 0.00949849 0.00240968 
39700 0.00940644 0.00240361 
39800 0.00937578 0.00239757 
39900 0.00935002 0.00239156 
40000 0.00937132 0.00238558 
40100 0.00954088 0.00237963 
40200 0.00944111 0.00237372 
40300 0.00942517 0.00236783 
40400 0.00940475 0.00236196 
40500 0.00935001 0.00235613 
40600 0.00933272 0.00235033 
40700 0.00919337 0.00234455 
40800 0.0094342 0.00233881 
40900 0.0092301 0.00233309 
41000 0.00921722 0.0023274 
41100 0.00925366 0.00232174 
41200 0.00933352 0.0023161 
41300 0.00934851 0.00231049 
41400 0.00922942 0.00230491 
41500 0.00911421 0.00229936 
41600 0.00911958 0.00229383 
41700 0.00913242 0.00228833 
41800 0.00919666 0.00228286 
41900 0.00932025 0.00227741 
42000 0.00920015 0.00227199 
42100 0.00913774 0.00226659 
42200 0.0090594 0.00226122 
42300 0.00896945 0.00225587 
42400 0.00914971 0.00225055 
42500 0.00887123 0.00224526 
42600 0.00898939 0.00223999 
42700 0.00879609 0.00223474 
42800 0.00863352 0.00222952 
42900 0.00867329 0.00222432 
43000 0.00860282 0.00221915 
43100 0.00854706 0.002214 
43200 0.00848482 0.00220888 
43300 0.00870287 0.00220378 
43400 0.0085952 0.0021987 
43500 0.00879646 0.00219364 
43600 0.00888482 0.00218861 
43700 0.00888668 0.00218361 
43800 0.00869513 0.00217862 
43900 0.008892 0.00217366 
44000 0.00891533 0.00216872 
44100 0.00888617 0.0021638 
44200 0.00877552 0.0021589 
44300 0.00891707 0.00215403 
44400 0.00914546 0.00214918 
44500 0.00929788 0.00214435 
44600 0.00938659 0.00213954 
44700 0.00941351 0.00213476 
44800 0.00947394 0.00212999 
44900 0.00944901 0.00212525 
45000 0.00924781 0.00212052 
45100 0.00933073 0.00211582 
45200 0.00953818 0.00211114 
45300 0.00945122 0.00210648 
45400 0.00957251 0.00210184 
45500 0.00956704 0.00209722 
45600 0.00951131 0.00209262 
45700 0.00932662 0.00208804 
45800 0.00918946 0.00208349 
45900 0.00905442 0.00207895 
46000 0.00916526 0.00207443 
46100 0.00899134 0.00206993 
46200 0.00873073 0.00206545 
46300 0.00886194 0.00206099 
46400 0.0086898 0.00205654 
46500 0.00856656 0.00205212 
46600 0.00850735 0.00204772 
46700 0.00850819 0.00204333 
46800 0.00839189 0.00203897 
46900 0.00852559 0.00203462 
47000 0.00849227 0.00203029 
47100 0.00839486 0.00202598 
47200 0.00849616 0.00202169 
47300 0.00823858 0.00201741 
47400 0.00807123 0.00201316 
47500 0.00811499 0.00200892 
47600 0.00798564 0.0020047 
47700 0.00810446 0.0020005 
47800 0.00802065 0.00199631 
47900 0.00816332 0.00199214 
48000 0.00817077 0.00195632 
48100 0.00800947 0.00198893 
48200 0.00802058 0.0019946 
48300 0.00821432 0.00199119 
48400 0.00803617 0.00198733 
48500 0.0082635 0.00198362 
48600 0.00859775 0.00197954 
48700 0.00860184 0.00194919 
48800 0.00889545 0.00194822 
48900 0.00895474 0.00196509 
49000 0.00896959 0.00197838 
49100 0.0089943 0.00197952 
49200 0.00883859 0.00197954 
49300 0.00875753 0.00197553 
49400 0.00884647 0.00197153 
49500 0.0087293 0.00196754 
49600 0.00861804 0.00196358 
49700 0.0086002 0.00195963 
49800 0.00853614 0.00195569 
49900 0.00863512 0.00195177 
50000 0.00859321 0.00194787 
50100 0.00849046 0.00194398 
50200 0.00845606 0.00194011 
50300 0.0084305 0.00193625 
50400 0.00832106 0.00193241 
50500 0.00838424 0.00192858 
50600 0.0083821 0.00192477 
50700 0.00848809 0.00192098 
50800 0.00845759 0.00191719 
50900 0.00851495 0.00191343 
51000 0.00861187 0.00190968 
51100 0.00862151 0.00190594 
51200 0.0084555 0.00190222 
51300 0.008633 0.00189851 
51400 0.0084035 0.00189482 
51500 0.00841378 0.00189114 
51600 0.0084624 0.00188747 
51700 0.00863634 0.00188382 
51800 0.00871094 0.00188018 
51900 0.00880106 0.00187656 
52000 0.00878536 0.00187295 
52100 0.00862182 0.00186936 
52200 0.00862764 0.00186578 
52300 0.00867715 0.00186221 
52400 0.00861041 0.00185866 
52500 0.00850463 0.00185512 
52600 0.00839075 0.00185159 
52700 0.00841118 0.00184807 
52800 0.00847121 0.00184457 
52900 0.00841581 0.00184109 
53000 0.00825192 0.00183761 
53100 0.00841436 0.00183415 
53200 0.00837666 0.00183071 
53300 0.00843546 0.00182727 
53400 0.00822467 0.00182385 
53500 0.00827063 0.00182044 
53600 0.00828585 0.00181704 
53700 0.00834499 0.00181366 
53800 0.00839267 0.00181029 
53900 0.00845018 0.00180693 
54000 0.00846327 0.00180359 
54100 0.0084038 0.00180025 
54200 0.00836493 0.00179693 
54300 0.00836075 0.00179362 
54400 0.00840922 0.00179032 
54500 0.0084337 0.00178704 
54600 0.00849599 0.00178377 
54700 0.00838968 0.0017805 
54800 0.00841724 0.00177726 
54900 0.00838226 0.00177402 
55000 0.00838467 0.00177079 
55100 0.00853186 0.00176758 
55200 0.00853364 0.00176438 
55300 0.0086078 0.00176119 
55400 0.00865032 0.00175801 
55500 0.00868514 0.00175484 
55600 0.00869701 0.00175168 
55700 0.00859932 0.00174854 
55800 0.0087207 0.00174541 
55900 0.00868927 0.00174228 
56000 0.00862854 0.00173917 
56100 0.00863675 0.00173607 
56200 0.00882256 0.00173298 
56300 0.00886875 0.00172991 
56400 0.00872446 0.00172684 
56500 0.00884008 0.00172378 
56600 0.00881711 0.00172074 
56700 0.00876907 0.0017177 
56800 0.00866444 0.00171468 
56900 0.00872199 0.00171166 
57000 0.00865286 0.00170866 
57100 0.00853604 0.00170567 
57200 0.00848754 0.00170269 
57300 0.00855894 0.00169972 
57400 0.00867731 0.00169675 
57500 0.00857423 0.0016938 
57600 0.00864727 0.00169086 
57700 0.00860884 0.00168793 
57800 0.00868352 0.00168501 
57900 0.00867335 0.0016821 
58000 0.00867502 0.0016792 
58100 0.00886314 0.00167631 
58200 0.00884872 0.00167343 
58300 0.00881829 0.00167056 
58400 0.0087941 0.0016677 
58500 0.00869423 0.00166485 
58600 0.00862126 0.00166201 
58700 0.00858936 0.00165918 
58800 0.00858469 0.00165636 
58900 0.00857023 0.00165354 
59000 0.00856532 0.00165074 
59100 0.00844732 0.00164795 
59200 0.00843817 0.00164516 
59300 0.00842219 0.00164239 
59400 0.00835211 0.00163963 
59500 0.00832999 0.00163687 
59600 0.00831917 0.00163412 
59700 0.00832262 0.00163139 
59800 0.00825933 0.00162866 
59900 0.00827012 0.00162594 
60000 0.00822436 0.00162323 
60100 0.00822025 0.00162053 
60200 0.00817022 0.00161784 
60300 0.00825888 0.00161515 
60400 0.00838638 0.00161248 
60500 0.00845956 0.00160981 
60600 0.00844338 0.00160716 
60700 0.00838443 0.00160451 
60800 0.00830421 0.00160187 
60900 0.00831386 0.00159924 
61000 0.00832316 0.00159662 
61100 0.0083346 0.00159401 
61200 0.00828926 0.0015914 
61300 0.00831278 0.00158881 
61400 0.00826937 0.00158622 
61500 0.00821384 0.00158364 
61600 0.00810504 0.00158107 
61700 0.00805046 0.00157851 
61800 0.00803699 0.00157595 
61900 0.00796818 0.00157341 
62000 0.0078545 0.00157087 
62100 0.00786925 0.00156834 
62200 0.00783258 0.00156582 
62300 0.00781194 0.0015633 
62400 0.00783797 0.0015608 
62500 0.00778918 0.0015583 
62600 0.00782884 0.00155581 
62700 0.00775372 0.00155333 
62800 0.00769821 0.00155086 
62900 0.00769283 0.00154839 
63000 0.00756722 0.00154593 
63100 0.0076141 0.00154348 
63200 0.0076461 0.00154104 
63300 0.00762758 0.00153861 
63400 0.00764404 0.00153618 
63500 0.0076109 0.00153376 
63600 0.00746465 0.00153135 
63700 0.00756644 0.00152895 
63800 0.00756457 0.00152655 
63900 0.00752039 0.00152416 
64000 0.00748488 0.00152178 
64100 0.00743415 0.00151941 
64200 0.0073894 0.00151704 
64300 0.00728349 0.00151468 
64400 0.00729844 0.00151233 
64500 0.00734473 0.00150998 
64600 0.00734152 0.00150765 
64700 0.00745021 0.00150532 
64800 0.00748693 0.00150299 
64900 0.00736374 0.00150068 
65000 0.00748996 0.00149837 
65100 0.00737615 0.00149607 
65200 0.00729463 0.00149377 
65300 0.00744402 0.00149148 
65400 0.0073431 0.0014892 
65500 0.0073195 0.00148693 
65600 0.00750171 0.00148466 
65700 0.00744547 0.0014824 
65800 0.00731364 0.00148015 
65900 0.00722098 0.0014779 
66000 0.00722132 0.00147567 
66100 0.00723794 0.00147343 
66200 0.00715116 0.00147121 
66300 0.0071558 0.00146899 
66400 0.0071106 0.00146678 
66500 0.00712629 0.00146457 
66600 0.0072387 0.00146237 
66700 0.00729738 0.00146018 
66800 0.00729177 0.00145799 
66900 0.00723145 0.00145581 
67000 0.00713655 0.00145364 
67100 0.00710813 0.00145147 
67200 0.00728443 0.00144931 
67300 0.00729569 0.00144716 
67400 0.00734086 0.00144501 
67500 0.00718135 0.00144287 
67600 0.0070784 0.00144074 
67700 0.00724045 0.00143861 
67800 0.00725831 0.00143649 
67900 0.0071217 0.00143437 
68000 0.00707845 0.00143226 
68100 0.00702265 0.00143016 
68200 0.00695825 0.00142806 
68300 0.00701177 0.00142597 
68400 0.00704889 0.00142389 
68500 0.00713714 0.00142181 
68600 0.00702843 0.00141974 
68700 0.00707438 0.00141767 
68800 0.00703351 0.00141561 
68900 0.00697962 0.00141356 
69000 0.00695402 0.00141151 
69100 0.00699461 0.00140946 
69200 0.00702047 0.00140743 
69300 0.00695861 0.0014054 
69400 0.00713549 0.00140337 
69500 0.00725599 0.00140135 
69600 0.00719432 0.00139934 
69700 0.00720501 0.00139733 
69800 0.00728341 0.00139533 
69900 0.00715227 0.00139333 
70000 0.00710633 0.00139134 
70100 0.00702249 0.00138936 
70200 0.00713332 0.00138738 
70300 0.00704838 0.00138541 
70400 0.00704177 0.00138344 
70500 0.00695183 0.00138148 
70600 0.00693343 0.00137952 
70700 0.00689531 0.00137757 
70800 0.00700119 0.00137562 
70900 0.00711646 0.00137368 
71000 0.00699449 0.00137175 
71100 0.00683977 0.00136982 
71200 0.00679028 0.00136789 
71300 0.00672664 0.00136598 
71400 0.00662885 0.00136406 
71500 0.00667965 0.00136215 
71600 0.00669969 0.00136025 
71700 0.00660233 0.00135835 
71800 0.00652403 0.00135646 
71900 0.00655546 0.00135458 
72000 0.00643599 0.0013527 
72100 0.00649793 0.00135082 
72200 0.0065711 0.00134895 
72300 0.00660254 0.00134708 
72400 0.00658993 0.00134522 
72500 0.00654699 0.00134337 
72600 0.00657492 0.00134152 
72700 0.00673825 0.00133967 
72800 0.00676118 0.00133783 
72900 0.00679451 0.001336 
73000 0.00684867 0.00133417 
73100 0.00674317 0.00133234 
73200 0.00674884 0.00133052 
73300 0.00677056 0.0013287 
73400 0.00680036 0.00132689 
73500 0.00665495 0.00132509 
73600 0.00667325 0.00132329 
73700 0.00667148 0.00132149 
73800 0.00669907 0.0013197 
73900 0.0067187 0.00131792 
74000 0.00675288 0.00131614 
74100 0.00675961 0.00131436 
74200 0.00669959 0.00131259 
74300 0.00667853 0.00131082 
74400 0.00661018 0.00130906 
74500 0.0066827 0.0013073 
74600 0.0066493 0.00130555 
74700 0.00677492 0.0013038 
74800 0.00674315 0.00130206 
74900 0.00682561 0.00130032 
75000 0.00683168 0.00129859 
75100 0.0067471 0.00129686 
75200 0.00673142 0.00129513 
75300 0.00659526 0.00129341 
75400 0.00658902 0.0012917 
75500 0.00657139 0.00128999 
75600 0.00649561 0.00128828 
75700 0.00638873 0.00128658 
75800 0.00641787 0.00128488 
75900 0.00652456 0.00128319 
76000 0.0065196 0.0012815 
76100 0.00638838 0.00127982 
76200 0.00635303 0.00127814 
76300 0.0064488 0.00127646 
76400 0.0063998 0.00127479 
76500 0.00638745 0.00127313 
76600 0.00635763 0.00127146 
76700 0.00644569 0.00126981 
76800 0.00635422 0.00126815 
76900 0.00639989 0.0012665 
77000 0.00643069 0.00126486 
77100 0.00640554 0.00126322 
77200 0.00633303 0.00126158 
77300 0.00643177 0.00125995 
77400 0.00650415 0.00125832 
77500 0.00654273 0.0012567 
77600 0.0065532 0.00125508 
77700 0.00651189 0.00125346 
77800 0.0064781 0.00125185 
77900 0.00662206 0.00125025 
78000 0.00658695 0.00124864 
78100 0.00654968 0.00124704 
78200 0.00648736 0.00124545 
78300 0.00650675 0.00124386 
78400 0.0064653 0.00124227 
78500 0.00643583 0.00124069 
78600 0.00641594 0.00123911 
78700 0.00651068 0.00123754 
78800 0.0064972 0.00123597 
78900 0.00647067 0.0012344 
79000 0.00645323 0.00123284 
79100 0.00647891 0.00123128 
79200 0.00638884 0.00122972 
79300 0.00643952 0.00122817 
79400 0.00643474 0.00122663 
79500 0.00653274 0.00122508 
79600 0.00648718 0.00122354 
79700 0.0065321 0.00122201 
79800 0.00656627 0.00122048 
79900 0.00661044 0.00121895 
80000 0.00655607 0.00121743 
80100 0.00651159 0.00121591 
80200 0.00651811 0.00121439 
80300 0.0064606 0.00121288 
80400 0.00651758 0.00121137 
80500 0.0064503 0.00120987 
80600 0.00640454 0.00120836 
80700 0.00642466 0.00120687 
80800 0.00645985 0.00120537 
80900 0.00639867 0.00120388 
81000 0.00641128 0.0012024 
81100 0.00635126 0.00120091 
81200 0.00631027 0.00119944 
81300 0.00625858 0.00119796 
81400 0.00627656 0.00119649 
81500 0.00628112 0.00119502 
81600 0.00631149 0.00119356 
81700 0.00634023 0.0011921 
81800 0.00638222 0.00119064 
81900 0.00642511 0.00118918 
82000 0.00647598 0.00118773 
82100 0.00641923 0.00118629 
82200 0.00655465 0.00118484 
82300 0.00660825 0.0011834 
82400 0.00657504 0.00118197 
82500 0.00663398 0.00118054 
82600 0.00655353 0.00117911 
82700 0.00654145 0.00117768 
82800 0.0066262 0.00117626 
82900 0.00661851 0.00117484 
83000 0.00667252 0.00117342 
83100 0.00659337 0.00117201 
83200 0.00664564 0.0011706 
83300 0.00667259 0.0011692 
83400 0.00664125 0.0011678 
83500 0.0066789 0.0011664 
83600 0.00670225 0.001165 
83700 0.00667295 0.00116361 
83800 0.00669606 0.00116222 
83900 0.00677629 0.00116084 
84000 0.00681315 0.00115946 
84100 0.00686318 0.00115808 
84200 0.00686022 0.0011567 
84300 0.00678875 0.00115533 
84400 0.00682225 0.00115396 
84500 0.00676953 0.00115259 
84600 0.00663655 0.00115123 
84700 0.00671341 0.00114987 
84800 0.0067014 0.00114852 
84900 0.0065868 0.00114716 
85000 0.00658721 0.00114581 
85100 0.00660377 0.00114447 
85200 0.00674099 0.00114313 
85300 0.00676055 0.00114178 
85400 0.00670212 0.00114045 
85500 0.00659525 0.00113911 
85600 0.00659988 0.00113778 
85700 0.00657704 0.00113646 
85800 0.00661345 0.00113513 
85900 0.00657315 0.00113381 
86000 0.00663151 0.00113249 
86100 0.00652563 0.00113118 
86200 0.00658009 0.00112986 
86300 0.00664506 0.00112855 
86400 0.0066865 0.00112725 
86500 0.00672171 0.00112595 
86600 0.00666941 0.00112465 
86700 0.00662681 0.00112335 
86800 0.00664653 0.00112205 
86900 0.00660591 0.00112076 
87000 0.00664882 0.00111947 
87100 0.00665384 0.00111819 
87200 0.00662359 0.00111691 
87300 0.0065952 0.00111563 
87400 0.00659731 0.00111435 
87500 0.00661389 0.00111308 
87600 0.00663812 0.00111181 
87700 0.00659494 0.00111054 
87800 0.0066526 0.00110927 
87900 0.00659028 0.00110801 
88000 0.00656965 0.00110675 
88100 0.00652289 0.0011055 
88200 0.0064803 0.00110424 
88300 0.00648931 0.00110299 
88400 0.00655329 0.00110175 
88500 0.00653886 0.0011005 
88600 0.00653422 0.00109926 
88700 0.0065696 0.00109802 
88800 0.00659952 0.00109678 
88900 0.00661276 0.00109555 
89000 0.00652953 0.00109432 
89100 0.00645794 0.00109309 
89200 0.00641109 0.00109186 
89300 0.00638158 0.00109064 
89400 0.00644847 0.00108942 
89500 0.00654237 0.0010882 
89600 0.00657077 0.00108699 
89700 0.00650064 0.00108578 
89800 0.00655883 0.00108457 
89900 0.00657626 0.00108336 
90000 0.00652465 0.00108216 
90100 0.00645064 0.00108096 
90200 0.00643475 0.00107976 
90300 0.0064713 0.00107856 
90400 0.00644462 0.00107737 
90500 0.00654758 0.00107618 
90600 0.00649743 0.00107499 
90700 0.00645911 0.00107381 
90800 0.00653267 0.00107262 
90900 0.00646567 0.00107144 
91000 0.00644862 0.00107027 
91100 0.00638547 0.00106909 
91200 0.00638608 0.00106792 
91300 0.00642509 0.00106675 
91400 0.0064477 0.00106558 
91500 0.00647611 0.00106442 
91600 0.00654141 0.00106326 
91700 0.00651754 0.0010621 
91800 0.00651193 0.00106094 
91900 0.0065085 0.00105979 
92000 0.00648775 0.00105863 
92100 0.00649456 0.00105748 
92200 0.00652177 0.00105634 
92300 0.00657905 0.00105519 
92400 0.00653588 0.00105405 
92500 0.00655778 0.00105291 
92600 0.00650128 0.00105177 
92700 0.00651121 0.00105064 
92800 0.00647124 0.00104951 
92900 0.00644929 0.00104838 
93000 0.00635997 0.00104725 
93100 0.00632843 0.00104613 
93200 0.00629157 0.001045 
93300 0.00629349 0.00104388 
93400 0.0062892 0.00104277 
93500 0.00628369 0.00104165 
93600 0.0062626 0.00104054 
93700 0.00622058 0.00103943 
93800 0.00610042 0.00103832 
93900 0.00604432 0.00103721 
94000 0.00608993 0.00103611 
94100 0.00606721 0.00103501 
94200 0.00605886 0.00103391 
94300 0.0061359 0.00103281 
94400 0.0061292 0.00103172 
94500 0.00607447 0.00103063 
94600 0.00605269 0.00102954 
94700 0.00607692 0.00102845 
94800 0.00605862 0.00102737 
94900 0.00602781 0.00102628 
95000 0.00603627 0.0010252 
95100 0.00600344 0.00102413 
95200 0.00601503 0.00102305 
95300 0.00601612 0.00102198 
95400 0.00601683 0.00102091 
95500 0.00596002 0.00101984 
95600 0.00596118 0.00101877 
95700 0.00594663 0.00101771 
95800 0.00596784 0.00101664 
95900 0.00591396 0.00101558 
96000 0.00586475 0.00101452 
96100 0.00600995 0.00101347 
96200 0.00603275 0.00101242 
96300 0.00596181 0.00101136 
96400 0.00601167 0.00101032 
96500 0.00610257 0.00100927 
96600 0.00607287 0.00100822 
96700 0.00605424 0.00100718 
96800 0.0060504 0.00100614 
96900 0.00595758 0.0010051 
97000 0.00592487 0.00100407 
97100 0.00584483 0.00100303 
97200 0.00571028 0.001002 
97300 0.00572007 0.00100097 
97400 0.00577362 0.000999943 
97500 0.00572152 0.000998917 
97600 0.00577143 0.000997893 
97700 0.00574805 0.000996872 
97800 0.00566385 0.000995853 
97900 0.00571612 0.000994836 
98000 0.00574499 0.00099382 
98100 0.00575368 0.000992807 
98200 0.00580693 0.000991796 
98300 0.00573534 0.000990787 
98400 0.00575074 0.000989781 
98500 0.00578775 0.000988776 
98600 0.00577125 0.000987773 
98700 0.00586135 0.000986772 
98800 0.00581239 0.000985773 
98900 0.00577233 0.000984777 
99000 0.00575529 0.000983782 
99100 0.0057173 0.000982789 
99200 0.00576839 0.000981799 
99300 0.00572108 0.00098081 
99400 0.00583847 0.000979823 
99500 0.00583892 0.000978838 
99600 0.00588685 0.000977856 
99700 0.00586976 0.000976875 
99800 0.00583261 0.000975896 
99900 0.00583551 0.000974919 
100000 0.00598262 0.000973944 
110000 0.00557698 0.000956776 
120000 0.00548777 0.000877045 
130000 0.00538405 0.00080958 
140000 0.00505184 0.000751754 
150000 0.00491715 0.000701637 
160000 0.00470204 0.000657785 
170000 0.0050873 0.000654062 
180000 0.0047506 0.000617726 
190000 0.00448832 0.000585214 
200000 0.00423586 0.000555953 
210000 0.00406253 0.000529479 
220000 0.00405 0.000511016 
230000 0.00412275 0.000488798 
240000 0.00417999 0.000468431 
250000 0.00412639 0.000449694 
260000 0.00380386 0.000432398 
270000 0.00379132 0.000416383 
280000 0.00372823 0.000401513 
290000 0.0034916 0.000391495 
300000 0.00322969 0.000388041 
310000 0.00317459 0.000375524 
320000 0.00298 0.000363789 
330000 0.00319003 0.000352765 
340000 0.00309797 0.000342389 
350000 0.00312135 0.000332607 
360000 0.00296382 0.000325027 
370000 0.00292257 0.000317422 
380000 0.0030046 0.000309069 
390000 0.00293415 0.000301445 
400000 0.00289588 0.000293909 
410000 0.00281743 0.000286741 
420000 0.00279421 0.000279914 
430000 0.00288271 0.000273404 
440000 0.00283695 0.00026719 
450000 0.00280671 0.000261253 
460000 0.00278957 0.000255573 
470000 0.00260529 0.000250136 
480000 0.00268287 0.000244925 
490000 0.00274113 0.000239926 
500000 0.0026148 0.000239375 
510000 0.00245209 0.000264468 
520000 0.00235181 0.000259382 
530000 0.00227639 0.000254488 
540000 0.00226219 0.000249776 
550000 0.00219486 0.000245234 
560000 0.00216293 0.000240855 
570000 0.00209479 0.00023663 
580000 0.00210567 0.00023255 
590000 0.00207532 0.000228608 
600000 0.00208807 0.000224798 
610000 0.00207776 0.000221113 
620000 0.00201012 0.000217547 
630000 0.00204494 0.000214093 
640000 0.00199612 0.000210748 
650000 0.00194763 0.000207506 
660000 0.00197956 0.000204362 
670000 0.00186883 0.000201312 
680000 0.00190213 0.000198351 
690000 0.00192508 0.000195477 
700000 0.00192485 0.000192684 
710000 0.00184477 0.00018997 
720000 0.00180771 0.000187332 
730000 0.00191621 0.000184766 
740000 0.00193331 0.000182269 
750000 0.00192169 0.000179839 
760000 0.00190976 0.000177472 
770000 0.00195142 0.000175167 
780000 0.00191657 0.000172922 
790000 0.00191895 0.000170733 
800000 0.00192496 0.000168599 
810000 0.00195976 0.000166517 
820000 0.00191336 0.000164487 
830000 0.00192407 0.000162505 
840000 0.00192557 0.00016057 
850000 0.00191668 0.000158681 
860000 0.00193654 0.000156836 
870000 0.00194364 0.000155033 
880000 0.00191932 0.000153272 
890000 0.00193954 0.000151549 
900000 0.0019336 0.000149866 
910000 0.00189425 0.000148219 
920000 0.00192101 0.000146608 
930000 0.00185568 0.000145031 
940000 0.00182415 0.000143488 
950000 0.00176803 0.000141978 
960000 0.0017491 0.000140499 
970000 0.00177962 0.00013905 
980000 0.00178615 0.000137632 
990000 0.00180299 0.000136241 
1000000 0.00181093 0.000134879 
1010000 0.00180766 0.000133544 
1020000 0.00177839 0.000132234 
1030000 0.00178299 0.00013095 
1040000 0.00172476 0.000129691 
1050000 0.00172355 0.000128456 
1060000 0.00174994 0.000127364 
1070000 0.00171687 0.000126868 
1080000 0.00170533 0.000125693 
1090000 0.00170812 0.00012454 
1100000 0.00171832 0.000123408 
1110000 0.00168441 0.000122296 
1120000 0.00169331 0.000121204 
1130000 0.00167023 0.000120131 
1140000 0.00165532 0.000119078 
1150000 0.00162459 0.000118042 
1160000 0.00160946 0.000117025 
1170000 0.00160446 0.000116024 
1180000 0.00158302 0.000115041 
1190000 0.00161575 0.000114074 
1200000 0.00158147 0.000113124 
1210000 0.00155426 0.000112189 
1220000 0.00153346 0.000111269 
1230000 0.00153027 0.000110365 
1240000 0.00156211 0.000109475 
1250000 0.00153857 0.000108599 
1260000 0.00150647 0.000107737 
1270000 0.00150465 0.000106889 
1280000 0.0015005 0.000106054 
1290000 0.00151196 0.000105231 
1300000 0.00150497 0.000104422 
1310000 0.00149954 0.000103625 
1320000 0.00151599 0.00010284 
1330000 0.0014976 0.000102067 
1340000 0.00150776 0.000101305 
1350000 0.0014996 0.000100554 
1360000 0.00151303 9.98151e-05 
1370000 0.00149805 9.90866e-05 
1380000 0.00148 9.83685e-05 
1390000 0.00146253 9.76608e-05 
1400000 0.00146305 9.69633e-05 
1410000 0.00146769 9.62756e-05 
1420000 0.00147151 9.55976e-05 
1430000 0.00147416 9.49291e-05 
1440000 0.00146534 9.42698e-05 
1450000 0.00146001 9.36197e-05 
1460000 0.00144979 9.29785e-05 
1470000 0.0014379 9.2346e-05 
1480000 0.00143235 9.1722e-05 
1490000 0.00142961 9.11064e-05 
1500000 0.00142539 9.04991e-05 
1510000 0.00141735 8.98997e-05 
1520000 0.00140916 8.93083e-05 
1530000 0.00140048 8.87246e-05 
1540000 0.00139138 8.81484e-05 
1550000 0.00138241 8.75797e-05 
1560000 0.00137354 8.70183e-05 
1570000 0.0013648 8.64641e-05 
1580000 0.00135616 8.59168e-05 
1590000 0.00134763 8.53765e-05 
1600000 0.00133921 8.48429e-05 
1610000 0.00133089 8.43159e-05 
1620000 0.00132267 8.37954e-05 
1630000 0.00131456 8.32813e-05 
1640000 0.00130654 8.27735e-05 
1650000 0.00129862 8.22719e-05 
1660000 0.0012908 8.17763e-05 
1670000 0.00128307 8.12866e-05 
1680000 0.00127543 8.08027e-05 
1690000 0.00126789 8.03246e-05 
1700000 0.00126118 7.98521e-05 
1710000 0.00125381 7.93851e-05 
1720000 0.00124652 7.89236e-05 
1730000 0.00123976 7.84674e-05 
1740000 0.00123263 7.80164e-05 
1750000 0.00122559 7.75706e-05 
1760000 0.00121863 7.71299e-05 
1770000 0.00121209 7.66941e-05 
1780000 0.00120533 7.62633e-05 
1790000 0.00119859 7.58372e-05 
1800000 0.00119194 7.54159e-05 
1810000 0.00118535 7.49992e-05 
1820000 0.00118097 7.45871e-05 
1830000 0.00117564 7.41796e-05 
1840000 0.00116922 7.37764e-05 
1850000 0.00116137 7.33776e-05 
1860000 0.00116171 7.29831e-05 
1870000 0.00115827 7.25928e-05 
1880000 0.0011537 7.22067e-05 
1890000 0.00114816 7.18247e-05 
1900000 0.00114439 7.14466e-05 
1910000 0.00113985 7.10726e-05 
1920000 0.00113554 7.07024e-05 
1930000 0.00113417 7.03361e-05 
1940000 0.00112982 6.99735e-05 
1950000 0.00111118 6.96147e-05 
1960000 0.00112597 6.92595e-05 
1970000 0.00111944 6.89079e-05 
1980000 0.00110217 6.85599e-05 
1990000 0.00110873 6.82154e-05 
2000000 0.00109538 6.78743e-05 
2010000 0.00109978 6.75366e-05 
2020000 0.00110764 6.72023e-05 
2030000 0.00111217 6.68712e-05 
2040000 0.00110563 6.65434e-05 
2050000 0.00110049 6.62188e-05 
2060000 0.00108438 6.58974e-05 
2070000 0.00107589 6.5579e-05 
2080000 0.00107163 6.52638e-05 
2090000 0.00107889 6.49515e-05 
2100000 0.001085 6.46422e-05 
2110000 0.00107352 6.43358e-05 
2120000 0.00108394 6.40324e-05 
2130000 0.00108442 6.37317e-05 
2140000 0.00108013 6.34339e-05 
2150000 0.00108567 6.31389e-05 
2160000 0.00108693 6.28466e-05 
2170000 0.00108133 6.2557e-05 
2180000 0.00106679 6.227e-05 
2190000 0.00105829 6.19857e-05 
2200000 0.00104927 6.17039e-05 
2210000 0.00105595 6.14247e-05 
2220000 0.00105553 6.1148e-05 
2230000 0.00104463 6.08738e-05 
2240000 0.00102767 6.06021e-05 
2250000 0.000995068 6.03327e-05 
2260000 0.000998142 6.00658e-05 
2270000 0.000979293 5.98012e-05 
2280000 0.000998626 5.95389e-05 
2290000 0.00100101 5.92789e-05 
2300000 0.000988668 5.90211e-05 
2310000 0.000981048 5.87656e-05 
2320000 0.000982668 5.85123e-05 
2330000 0.000958289 5.82612e-05 
2340000 0.000985106 5.80122e-05 
2350000 0.000961222 5.77654e-05 
2360000 0.000948053 5.75206e-05 
2370000 0.000946735 5.72779e-05 
2380000 0.000964787 5.70372e-05 
2390000 0.000983116 5.67986e-05 
2400000 0.000975134 5.65619e-05 
2410000 0.000972484 5.63272e-05 
2420000 0.000934527 5.60945e-05 
2430000 0.000923695 5.58636e-05 
2440000 0.000909248 5.56347e-05 
2450000 0.000909677 5.54076e-05 
2460000 0.000894982 5.51824e-05 
2470000 0.000893676 5.4959e-05 
2480000 0.000897429 5.47373e-05 
2490000 0.000890663 5.45175e-05 
2500000 0.000875234 5.42994e-05 
2510000 0.000899141 5.40831e-05 
2520000 0.000859846 5.38685e-05 
2530000 0.000894259 5.36556e-05 
2540000 0.000899663 5.34443e-05 
2550000 0.000889404 5.32348e-05 
2560000 0.000901683 5.30268e-05 
2570000 0.000915753 5.28205e-05 
2580000 0.000890714 5.26157e-05 
2590000 0.000903089 5.24126e-05 
2600000 0.000910905 5.2211e-05 
2610000 0.000909515 5.2011e-05 
2620000 0.000915751 5.18125e-05 
2630000 0.000925186 5.16154e-05 
2640000 0.000924755 5.14199e-05 
2650000 0.000906375 5.12259e-05 
2660000 0.000917557 5.10333e-05 
2670000 0.000915292 5.08422e-05 
2680000 0.000925472 5.06525e-05 
2690000 0.000911412 5.04642e-05 
2700000 0.000899221 5.02773e-05 
2710000 0.000891404 5.00917e-05 
2720000 0.00089479 4.99076e-05 
2730000 0.000866607 4.97248e-05 
2740000 0.00086264 4.95433e-05 
2750000 0.000873191 4.93631e-05 
2760000 0.00085861 4.91843e-05 
2770000 0.000877839 4.90067e-05 
2780000 0.000890853 4.88304e-05 
2790000 0.000907176 4.86554e-05 
2800000 0.000903189 4.84817e-05 
2810000 0.000901884 4.83091e-05 
2820000 0.000894425 4.81378e-05 
2830000 0.000902035 4.79677e-05 
2840000 0.000895 4.77988e-05 
2850000 0.000895865 4.76311e-05 
2860000 0.00090711 4.74646e-05 
2870000 0.000902372 4.72992e-05 
2880000 0.000883087 4.71349e-05 
2890000 0.00085025 4.69718e-05 
2900000 0.000846911 4.68099e-05 
2910000 0.000833271 4.6649e-05 
2920000 0.000836839 4.64893e-05 
2930000 0.000851453 4.63306e-05 
2940000 0.000837698 4.6173e-05 
2950000 0.000842614 4.60165e-05 
2960000 0.000859493 4.5861e-05 
2970000 0.000846384 4.57066e-05 
2980000 0.000847021 4.55532e-05 
2990000 0.000829787 4.54009e-05 
3000000 0.000834025 4.52495e-05 
3010000 0.000810898 4.50992e-05 
3020000 0.000803852 4.49499e-05 
3030000 0.000806428 4.48015e-05 
3040000 0.000821449 4.46542e-05 
3050000 0.000816861 4.45077e-05 
3060000 0.000831967 4.43623e-05 
3070000 0.000822858 4.42178e-05 
3080000 0.000808628 4.40742e-05 
3090000 0.000808216 4.39316e-05 
3100000 0.000791641 4.37899e-05 
3110000 0.000798841 4.36491e-05 
3120000 0.000803217 4.35092e-05 
3130000 0.000794798 4.33702e-05 
3140000 0.000806699 4.3232e-05 
3150000 0.000821494 4.30948e-05 
3160000 0.000815884 4.29584e-05 
3170000 0.000834443 4.28229e-05 
3180000 0.00082531 4.26882e-05 
3190000 0.000817897 4.25544e-05 
3200000 0.000802835 4.24214e-05 
3210000 0.000799194 4.22893e-05 
3220000 0.0007902 4.2158e-05 
3230000 0.000791736 4.20274e-05 
3240000 0.000796579 4.18977e-05 
3250000 0.000783917 4.17688e-05 
3260000 0.000783565 4.16407e-05 
3270000 0.000773673 4.15133e-05 
3280000 0.000780496 4.13868e-05 
3290000 0.000774189 4.1261e-05 
3300000 0.000783292 4.11359e-05 
3310000 0.000789795 4.10117e-05 
3320000 0.000775915 4.08881e-05 
3330000 0.000768247 4.07654e-05 
3340000 0.000780624 4.06433e-05 
3350000 0.000778695 4.0522e-05 
3360000 0.00077547 4.04014e-05 
3370000 0.00076685 4.02815e-05 
3380000 0.00076422 4.01623e-05 
3390000 0.000758837 4.00438e-05 
3400000 0.000753884 3.99261e-05 
3410000 0.000768418 3.9809e-05 
3420000 0.000765788 3.96926e-05 
3430000 0.000762619 3.95769e-05 
3440000 0.000769158 3.94618e-05 
3450000 0.00075555 3.93474e-05 
3460000 0.000745001 3.92337e-05 
3470000 0.000743225 3.91206e-05 
3480000 0.000741904 3.90082e-05 
3490000 0.000746982 3.88965e-05 
3500000 0.000746983 3.87853e-05 
3510000 0.000750289 3.86748e-05 
3520000 0.00073698 3.8565e-05 
3530000 0.000735748 3.84557e-05 
3540000 0.000734191 3.83471e-05 
3550000 0.000721778 3.82391e-05 
3560000 0.000713942 3.81316e-05 
3570000 0.000704151 3.80248e-05 
3580000 0.00070725 3.79186e-05 
3590000 0.000715271 3.7813e-05 
3600000 0.000737438 3.7708e-05 
3610000 0.000740461 3.76035e-05 
3620000 0.000720722 3.74996e-05 
3630000 0.000723278 3.73963e-05 
3640000 0.000718351 3.72936e-05 
3650000 0.000715386 3.71914e-05 
3660000 0.000716061 3.70898e-05 
3670000 0.000692952 3.69887e-05 
3680000 0.000690296 3.68882e-05 
3690000 0.000687609 3.67882e-05 
3700000 0.000691238 3.66888e-05 
3710000 0.000700932 3.65899e-05 
3720000 0.000703393 3.64916e-05 
3730000 0.000699753 3.63937e-05 
3740000 0.000684245 3.62964e-05 
3750000 0.000706033 3.61996e-05 
3760000 0.000683326 3.61034e-05 
3770000 0.000691317 3.60076e-05 
3780000 0.000678946 3.59123e-05 
3790000 0.000713661 3.59958e-05 
3800000 0.000766336 3.60291e-05 
3810000 0.000766085 3.59345e-05 
3820000 0.000761579 3.58405e-05 
3830000 0.000744823 3.57469e-05 
3840000 0.000745209 3.56538e-05 
3850000 0.000720414 3.55612e-05 
3860000 0.000713291 3.54691e-05 
3870000 0.000729393 3.53774e-05 
3880000 0.000712948 3.52862e-05 
3890000 0.000706685 3.51955e-05 
3900000 0.000716856 3.51053e-05 
3910000 0.000719138 3.50155e-05 
3920000 0.000712593 3.49262e-05 
3930000 0.00073365 3.48373e-05 
3940000 0.00070907 3.47489e-05 
3950000 0.000719427 3.46609e-05 
3960000 0.000720633 3.45734e-05 
3970000 0.000725145 3.44863e-05 
3980000 0.000725031 3.43997e-05 
3990000 0.000715375 3.43134e-05 
4000000 0.000723971 3.42277e-05 
4010000 0.000729473 3.41423e-05 
4020000 0.000732159 3.40574e-05 
4030000 0.000724447 3.39729e-05 
4040000 0.000743058 3.38888e-05 
4050000 0.000748914 3.38051e-05 
4060000 0.000745449 3.37218e-05 
4070000 0.000751276 3.3639e-05 
4080000 0.000729403 3.35565e-05 
4090000 0.000719892 3.34745e-05 
4100000 0.000720675 3.33928e-05 
4110000 0.000699981 3.33116e-05 
4120000 0.000703857 3.32307e-05 
4130000 0.00069581 3.31503e-05 
4140000 0.000681739 3.30702e-05 
4150000 0.000683068 3.29905e-05 
4160000 0.000686183 3.29112e-05 
4170000 0.000674951 3.28323e-05 
4180000 0.000663415 3.27537e-05 
4190000 0.000674378 3.26756e-05 
4200000 0.00068364 3.25978e-05 
4210000 0.000679361 3.25203e-05 
4220000 0.000698053 3.24433e-05 
4230000 0.000702393 3.23666e-05 
4240000 0.000709869 3.22902e-05 
4250000 0.000704125 3.22143e-05 
4260000 0.000698489 3.21386e-05 
4270000 0.000695415 3.20634e-05 
4280000 0.000683732 3.19885e-05 
4290000 0.000671248 3.19139e-05 
4300000 0.000657633 3.18397e-05 
4310000 0.000666014 3.17658e-05 
4320000 0.000683412 3.16923e-05 
4330000 0.000689948 3.16191e-05 
4340000 0.000687254 3.15462e-05 
4350000 0.000692943 3.14737e-05 
4360000 0.00069687 3.14015e-05 
4370000 0.000689731 3.13297e-05 
4380000 0.000691732 3.12581e-05 
4390000 0.000691814 3.11869e-05 
4400000 0.000672639 3.11161e-05 
4410000 0.000662538 3.10455e-05 
4420000 0.000654909 3.09753e-05 
4430000 0.000673441 3.09053e-05 
4440000 0.000667096 3.08357e-05 
4450000 0.000675924 3.07664e-05 
4460000 0.000679928 3.06975e-05 
4470000 0.000674501 3.06288e-05 
4480000 0.000666962 3.05604e-05 
4490000 0.000682256 3.04923e-05 
4500000 0.000677306 3.04246e-05 
4510000 0.000687549 3.03571e-05 
4520000 0.000689229 3.029e-05 
4530000 0.000667225 3.02231e-05 
4540000 0.000672041 3.01565e-05 
4550000 0.000670953 3.00902e-05 
4560000 0.000672888 3.00243e-05 
4570000 0.000674813 2.99586e-05 
4580000 0.000660859 2.98932e-05 
4590000 0.000672538 2.9828e-05 
4600000 0.000674012 2.97632e-05 
4610000 0.000655227 2.96986e-05 
4620000 0.000639394 2.96343e-05 
4630000 0.000643709 2.95703e-05 
4640000 0.000629788 2.95066e-05 
4650000 0.000632833 2.94431e-05 
4660000 0.000639332 2.938e-05 
4670000 0.000639515 2.93171e-05 
4680000 0.000663187 2.92544e-05 
4690000 0.000654129 2.9192e-05 
4700000 0.000650079 2.91299e-05 
4710000 0.000654682 2.90681e-05 
4720000 0.000661207 2.90065e-05 
4730000 0.000665449 2.89452e-05 
4740000 0.000690647 2.88841e-05 
4750000 0.000701619 2.88233e-05 
4760000 0.000698673 2.87627e-05 
4770000 0.000703311 2.87024e-05 
4780000 0.000714534 2.86424e-05 
4790000 0.000709829 2.85826e-05 
4800000 0.000695383 2.8523e-05 
4810000 0.000681408 2.84637e-05 
4820000 0.000687861 2.84047e-05 
4830000 0.000695691 2.83459e-05 
4840000 0.000711337 2.82873e-05 
4850000 0.000714785 2.8229e-05 
4860000 0.000704947 2.81709e-05 
4870000 0.00070632 2.81131e-05 
4880000 0.00069128 2.80555e-05 
4890000 0.000685535 2.79981e-05 
4900000 0.000681889 2.79409e-05 
4910000 0.000685413 2.7884e-05 
4920000 0.000700886 2.78274e-05 
4930000 0.000691538 2.77709e-05 
4940000 0.00068423 2.77147e-05 
4950000 0.000679172 2.76587e-05 
4960000 0.000687588 2.7603e-05 
4970000 0.000682111 2.75474e-05 
4980000 0.000685578 2.74921e-05 
4990000 0.000681257 2.7437e-05 
5000000 0.000670434 2.73821e-05 
5010000 0.000675972 2.73275e-05 
5020000 0.000681902 2.7273e-05 
5030000 0.000696154 2.72188e-05 
5040000 0.000690204 2.71648e-05 
5050000 0.000691802 2.7111e-05 
5060000 0.000692136 2.70574e-05 
5070000 0.000690644 2.70041e-05 
5080000 0.000694427 2.69509e-05 
5090000 0.00070344 2.6898e-05 
5100000 0.000701347 2.68452e-05 
5110000 0.000705583 2.67927e-05 
5120000 0.000703299 2.67404e-05 
5130000 0.00069387 2.66882e-05 
5140000 0.000690856 2.66363e-05 
5150000 0.000683716 2.65846e-05 
5160000 0.000686794 2.65331e-05 
5170000 0.000689497 2.64817e-05 
5180000 0.000686868 2.64306e-05 
5190000 0.000678464 2.63797e-05 
5200000 0.000677099 2.6329e-05 
5210000 0.000681768 2.62784e-05 
5220000 0.000672027 2.62281e-05 
5230000 0.000676073 2.61779e-05 
5240000 0.000673058 2.6128e-05 
5250000 0.000667195 2.60782e-05 
5260000 0.00066692 2.60286e-05 
5270000 0.000670506 2.59792e-05 
5280000 0.000664498 2.593e-05 
5290000 0.000660762 2.5881e-05 
5300000 0.000662965 2.58322e-05 
5310000 0.000664275 2.57835e-05 
5320000 0.000661339 2.57351e-05 
5330000 0.000661537 2.56868e-05 
5340000 0.000669911 2.56387e-05 
5350000 0.000667295 2.55908e-05 
5360000 0.000653919 2.5543e-05 
5370000 0.000650913 2.54955e-05 
5380000 0.000646069 2.54481e-05 
5390000 0.000649551 2.54009e-05 
5400000 0.000656133 2.53538e-05 
5410000 0.000652062 2.5307e-05 
5420000 0.000643686 2.52603e-05 
5430000 0.000650621 2.52137e-05 
5440000 0.000641201 2.51674e-05 
5450000 0.00064619 2.51212e-05 
5460000 0.000641196 2.50752e-05 
5470000 0.00064882 2.50294e-05 
5480000 0.000643246 2.49837e-05 
5490000 0.000643171 2.49382e-05 
5500000 0.000650153 2.48928e-05 
5510000 0.000652254 2.48477e-05 
5520000 0.000660752 2.48027e-05 
5530000 0.000658263 2.47578e-05 
5540000 0.000664043 2.47131e-05 
5550000 0.000664293 2.46686e-05 
5560000 0.000668973 2.46242e-05 
5570000 0.000663034 2.458e-05 
5580000 0.000657677 2.4536e-05 
5590000 0.000653044 2.44921e-05 
5600000 0.000651376 2.44483e-05 
5610000 0.000649124 2.44047e-05 
5620000 0.000632073 2.43613e-05 
5630000 0.000634001 2.43181e-05 
5640000 0.000630836 2.42749e-05 
5650000 0.000625331 2.4232e-05 
5660000 0.000627044 2.41892e-05 
5670000 0.000627056 2.41465e-05 
5680000 0.000629837 2.4104e-05 
5690000 0.000627791 2.40616e-05 
5700000 0.000586868 2.41743e-05 
5710000 0.000606565 2.4132e-05 
5720000 0.000647937 2.41958e-05 
5730000 0.000656693 2.41536e-05 
5740000 0.000646315 2.41115e-05 
5750000 0.000652785 2.40695e-05 
5760000 0.000653571 2.40278e-05 
5770000 0.000654471 2.39861e-05 
5780000 0.000659781 2.39446e-05 
5790000 0.000656705 2.39033e-05 
5800000 0.000659884 2.38621e-05 
5810000 0.000663615 2.3821e-05 
5820000 0.000663474 2.37801e-05 
5830000 0.000646847 2.37393e-05 
5840000 0.000648968 2.36986e-05 
5850000 0.000646381 2.36581e-05 
5860000 0.000650372 2.36177e-05 
5870000 0.000645194 2.35775e-05 
5880000 0.000661703 2.35374e-05 
5890000 0.000665823 2.34974e-05 
5900000 0.000669187 2.34576e-05 
5910000 0.000676348 2.34179e-05 
5920000 0.000677525 2.33784e-05 
5930000 0.000672584 2.33389e-05 
5940000 0.000662618 2.32996e-05 
5950000 0.000670007 2.32605e-05 
5960000 0.000685367 2.32215e-05 
5970000 0.000691731 2.31826e-05 
5980000 0.000676437 2.31438e-05 
5990000 0.000672857 2.31052e-05 
6000000 0.000661074 2.30666e-05 
6010000 0.000658596 2.30283e-05 
6020000 0.000650992 2.299e-05 
6030000 0.00064599 2.29519e-05 
6040000 0.000642189 2.29139e-05 
6050000 0.000649557 2.2876e-05 
6060000 0.000644511 2.28383e-05 
6070000 0.000630925 2.28006e-05 
6080000 0.000625208 2.27631e-05 
6090000 0.000620468 2.27258e-05 
6100000 0.000620701 2.26885e-05 
6110000 0.000617195 2.26514e-05 
6120000 0.0006106 2.26144e-05 
6130000 0.000606701 2.25775e-05 
6140000 0.000608298 2.25407e-05 
6150000 0.000606898 2.2504e-05 
6160000 0.00060261 2.24675e-05 
6170000 0.000606804 2.24311e-05 
6180000 0.000602246 2.23948e-05 
6190000 0.000617124 2.23586e-05 
6200000 0.000619524 2.23226e-05 
6210000 0.000620385 2.22866e-05 
6220000 0.000626132 2.22508e-05 
6230000 0.00061999 2.22151e-05 
6240000 0.000620602 2.21795e-05 
6250000 0.000623053 2.2144e-05 
6260000 0.000622145 2.21086e-05 
6270000 0.000622776 2.20733e-05 
6280000 0.000620036 2.20382e-05 
6290000 0.000625022 2.20032e-05 
6300000 0.000618378 2.19682e-05 
6310000 0.000619854 2.19334e-05 
6320000 0.000618123 2.18987e-05 
6330000 0.000621057 2.18641e-05 
6340000 0.000627093 2.18296e-05 
6350000 0.000623157 2.17953e-05 
6360000 0.000619661 2.1761e-05 
6370000 0.000619301 2.17268e-05 
6380000 0.000618791 2.16928e-05 
6390000 0.000607787 2.16588e-05 
6400000 0.000609791 2.1625e-05 
6410000 0.000603369 2.15912e-05 
6420000 0.000601444 2.15576e-05 
6430000 0.000608195 2.15241e-05 
6440000 0.000608548 2.14907e-05 
6450000 0.000622288 2.14573e-05 
6460000 0.000623009 2.14241e-05 
6470000 0.000622525 2.1391e-05 
6480000 0.000623507 2.1358e-05 
6490000 0.000621102 2.13251e-05 
6500000 0.000620363 2.12923e-05 
6510000 0.00062233 2.12596e-05 
6520000 0.000633813 2.1227e-05 
6530000 0.000640319 2.11945e-05 
6540000 0.000644325 2.11621e-05 
6550000 0.000638267 2.11298e-05 
6560000 0.000634276 2.10975e-05 
6570000 0.000623413 2.10654e-05 
6580000 0.00062115 2.10334e-05 
6590000 0.000624618 2.10015e-05 
6600000 0.000618815 2.09697e-05 
6610000 0.000613078 2.0938e-05 
6620000 0.000622508 2.09063e-05 
6630000 0.000624769 2.08748e-05 
6640000 0.000624406 2.08434e-05 
6650000 0.000628227 2.0812e-05 
6660000 0.000639815 2.07808e-05 
6670000 0.000627643 2.07496e-05 
6680000 0.000622181 2.07185e-05 
6690000 0.000621542 2.06876e-05 
6700000 0.000621121 2.06567e-05 
6710000 0.000622429 2.06259e-05 
6720000 0.000630563 2.05952e-05 
6730000 0.000632502 2.05646e-05 
6740000 0.000631828 2.05341e-05 
6750000 0.000623665 2.05037e-05 
6760000 0.000622667 2.04734e-05 
6770000 0.000617713 2.04431e-05 
6780000 0.000615748 2.0413e-05 
6790000 0.000617845 2.03829e-05 
6800000 0.000616913 2.03529e-05 
6810000 0.000612904 2.0323e-05 
6820000 0.000612405 2.02932e-05 
6830000 0.000606325 2.02635e-05 
6840000 0.000607725 2.02339e-05 
6850000 0.000602276 2.02044e-05 
6860000 0.000602229 2.01749e-05 
6870000 0.000599355 2.01455e-05 
6880000 0.000595839 2.01163e-05 
6890000 0.000592152 2.00871e-05 
6900000 0.000587743 2.0058e-05 
6910000 0.000580086 2.00289e-05 
6920000 0.000576017 2e-05 
6930000 0.000571093 1.99711e-05 
6940000 0.000571701 1.99423e-05 
6950000 0.000573485 1.99137e-05 
6960000 0.000570809 1.9885e-05 
6970000 0.000573512 1.98565e-05 
6980000 0.00057772 1.98281e-05 
6990000 0.000571319 1.97997e-05 
7000000 0.000564171 1.97714e-05 
7010000 0.000567289 1.97432e-05 
7020000 0.000579252 1.97151e-05 
7030000 0.000586791 1.9687e-05 
7040000 0.000574711 1.96591e-05 
7050000 0.000569835 1.96312e-05 
7060000 0.00057157 1.96034e-05 
7070000 0.000564788 1.95757e-05 
7080000 0.000561152 1.9548e-05 
7090000 0.000569191 1.95204e-05 
7100000 0.000568581 1.94929e-05 
7110000 0.00056427 1.94655e-05 
7120000 0.000559155 1.94382e-05 
7130000 0.000559094 1.94109e-05 
7140000 0.000544828 1.93837e-05 
7150000 0.00055053 1.93566e-05 
7160000 0.000549064 1.93296e-05 
7170000 0.000546763 1.93026e-05 
7180000 0.00055266 1.92758e-05 
7190000 0.000554203 1.92489e-05 
7200000 0.000561877 1.92222e-05 
7210000 0.000552363 1.91955e-05 
7220000 0.000534154 1.9169e-05 
7230000 0.000527362 1.91424e-05 
7240000 0.000524764 1.9116e-05 
7250000 0.000515151 1.90896e-05 
7260000 0.000520036 1.90633e-05 
7270000 0.000525034 1.90371e-05 
7280000 0.000520652 1.9011e-05 
7290000 0.000528166 1.89849e-05 
7300000 0.000530791 1.89589e-05 
7310000 0.000530904 1.8933e-05 
7320000 0.000531976 1.89071e-05 
7330000 0.000541718 1.88813e-05 
7340000 0.000548735 1.88556e-05 
7350000 0.00054739 1.88299e-05 
7360000 0.000540784 1.88043e-05 
7370000 0.000541608 1.87788e-05 
7380000 0.000551195 1.87534e-05 
7390000 0.000557372 1.8728e-05 
7400000 0.000568534 1.87027e-05 
7410000 0.000562527 1.86774e-05 
7420000 0.000561187 1.86523e-05 
7430000 0.000564596 1.86272e-05 
7440000 0.000566712 1.86021e-05 
7450000 0.00056229 1.85772e-05 
7460000 0.000559553 1.85523e-05 
7470000 0.000554146 1.85274e-05 
7480000 0.000558406 1.85027e-05 
7490000 0.000554105 1.8478e-05 
7500000 0.000563264 1.84533e-05 
7510000 0.000562364 1.84287e-05 
7520000 0.000568281 1.84042e-05 
7530000 0.000562605 1.83798e-05 
7540000 0.000570569 1.83554e-05 
7550000 0.000566413 1.83311e-05 
7560000 0.000562318 1.83069e-05 
7570000 0.000563911 1.82827e-05 
7580000 0.000566763 1.82586e-05 
7590000 0.000557276 1.82345e-05 
7600000 0.000555407 1.82105e-05 
7610000 0.000557812 1.81866e-05 
7620000 0.000554097 1.81627e-05 
7630000 0.000557228 1.81389e-05 
7640000 0.000557549 1.81152e-05 
7650000 0.00055711 1.80915e-05 
7660000 0.000555659 1.80679e-05 
7670000 0.000558158 1.80443e-05 
7680000 0.00056318 1.80208e-05 
7690000 0.000564651 1.79974e-05 
7700000 0.000569023 1.7974e-05 
7710000 0.000558807 1.79507e-05 
7720000 0.000565803 1.79274e-05 
7730000 0.000566962 1.79043e-05 
7740000 0.000567852 1.78811e-05 
7750000 0.000568947 1.78581e-05 
7760000 0.000574319 1.7835e-05 
7770000 0.000574152 1.78121e-05 
7780000 0.000562992 1.77892e-05 
7790000 0.000562701 1.77664e-05 
7800000 0.000561604 1.77436e-05 
7810000 0.00054792 1.77209e-05 
7820000 0.000553286 1.76982e-05 
7830000 0.000544534 1.76756e-05 
7840000 0.000542623 1.7653e-05 
7850000 0.000546228 1.76306e-05 
7860000 0.000550509 1.76081e-05 
7870000 0.000542155 1.75858e-05 
7880000 0.000543652 1.75634e-05 
7890000 0.000540552 1.75412e-05 
7900000 0.000532953 1.7519e-05 
7910000 0.000523116 1.74968e-05 
7920000 0.000527137 1.74747e-05 
7930000 0.000533727 1.74527e-05 
7940000 0.000538535 1.74307e-05 
7950000 0.000543172 1.74088e-05 
7960000 0.000552774 1.73869e-05 
7970000 0.000554573 1.73651e-05 
7980000 0.000549301 1.73433e-05 
7990000 0.000551943 1.73216e-05 
8000000 0.00054827 1.73e-05 
8010000 0.000542819 1.72784e-05 
8020000 0.000545625 1.72568e-05 
8030000 0.00055147 1.72354e-05 
8040000 0.000551044 1.72139e-05 
8050000 0.000560755 1.71925e-05 
8060000 0.000552076 1.71712e-05 
8070000 0.000556316 1.71499e-05 
8080000 0.00055702 1.71287e-05 
8090000 0.000562237 1.71075e-05 
8100000 0.000561937 1.70864e-05 
8110000 0.000557045 1.70653e-05 
8120000 0.000557782 1.70443e-05 
8130000 0.000561771 1.70234e-05 
8140000 0.000557284 1.70024e-05 
8150000 0.000560081 1.69816e-05 
8160000 0.000560119 1.69608e-05 
8170000 0.000557491 1.694e-05 
8180000 0.000557615 1.69193e-05 
8190000 0.000554772 1.68986e-05 
8200000 0.000558788 1.6878e-05 
8210000 0.000562494 1.68575e-05 
8220000 0.000561068 1.6837e-05 
8230000 0.00056042 1.68165e-05 
8240000 0.000568337 1.67961e-05 
8250000 0.000567574 1.67757e-05 
8260000 0.000565431 1.67554e-05 
8270000 0.000559853 1.67352e-05 
8280000 0.000556692 1.6715e-05 
8290000 0.000557173 1.66948e-05 
8300000 0.000557398 1.66747e-05 
8310000 0.000565163 1.66546e-05 
8320000 0.000570208 1.66346e-05 
8330000 0.000578364 1.66146e-05 
8340000 0.000581592 1.65947e-05 
8350000 0.000573898 1.65748e-05 
8360000 0.000579381 1.6555e-05 
8370000 0.000577763 1.65352e-05 
8380000 0.00056524 1.65155e-05 
8390000 0.000569303 1.64958e-05 
8400000 0.000572173 1.64762e-05 
8410000 0.00058008 1.64566e-05 
8420000 0.000578708 1.6437e-05 
8430000 0.000571879 1.64175e-05 
8440000 0.000571012 1.63981e-05 
8450000 0.000572275 1.63787e-05 
8460000 0.000566876 1.63593e-05 
8470000 0.000565888 1.634e-05 
8480000 0.000558173 1.63207e-05 
8490000 0.000558127 1.63015e-05 
8500000 0.000557999 1.62823e-05 
8510000 0.000556153 1.62632e-05 
8520000 0.000550383 1.62441e-05 
8530000 0.000549213 1.62251e-05 
8540000 0.000549586 1.62061e-05 
8550000 0.000553562 1.61871e-05 
8560000 0.000552633 1.61682e-05 
8570000 0.000548536 1.61493e-05 
8580000 0.000539211 1.61305e-05 
8590000 0.000534399 1.61117e-05 
8600000 0.000536236 1.6093e-05 
8610000 0.00053306 1.60743e-05 
8620000 0.000532833 1.60557e-05 
8630000 0.000538199 1.60371e-05 
8640000 0.00053517 1.60185e-05 
8650000 0.000537677 1.6e-05 
8660000 0.000535538 1.59815e-05 
8670000 0.00053821 1.59631e-05 
8680000 0.000542862 1.59447e-05 
8690000 0.000545905 1.59263e-05 
8700000 0.000542962 1.5908e-05 
8710000 0.000549227 1.58898e-05 
8720000 0.000542057 1.58715e-05 
8730000 0.000537655 1.58534e-05 
8740000 0.00053582 1.58352e-05 
8750000 0.000539197 1.58171e-05 
8760000 0.000542857 1.57991e-05 
8770000 0.000542338 1.57811e-05 
8780000 0.00054128 1.57631e-05 
8790000 0.000541401 1.57452e-05 
8800000 0.000539404 1.57273e-05 
8810000 0.000548955 1.57094e-05 
8820000 0.000546653 1.56916e-05 
8830000 0.000543666 1.56738e-05 
8840000 0.0005446 1.56561e-05 
8850000 0.000540886 1.56384e-05 
8860000 0.000544281 1.56208e-05 
8870000 0.000536315 1.56031e-05 
8880000 0.000539621 1.55856e-05 
8890000 0.000542906 1.5568e-05 
8900000 0.000539182 1.55506e-05 
8910000 0.000550622 1.55331e-05 
8920000 0.000547242 1.55157e-05 
8930000 0.000543532 1.54983e-05 
8940000 0.000538502 1.5481e-05 
8950000 0.000539255 1.54637e-05 
8960000 0.000542504 1.54464e-05 
8970000 0.00053591 1.54292e-05 
8980000 0.000541363 1.5412e-05 
8990000 0.000544798 1.53949e-05 
9000000 0.000542611 1.53778e-05 
9010000 0.00054834 1.53607e-05 
9020000 0.00054445 1.53437e-05 
9030000 0.000539707 1.53267e-05 
9040000 0.00053355 1.53097e-05 
9050000 0.000533761 1.52928e-05 
9060000 0.000532979 1.52759e-05 
9070000 0.000531163 1.52591e-05 
9080000 0.000533663 1.52423e-05 
9090000 0.000536707 1.52255e-05 
9100000 0.000533791 1.52088e-05 
9110000 0.000530876 1.51921e-05 
9120000 0.00053145 1.51754e-05 
9130000 0.000526726 1.51588e-05 
9140000 0.000524363 1.51422e-05 
9150000 0.000526808 1.51257e-05 
9160000 0.000524774 1.51092e-05 
9170000 0.000524457 1.50927e-05 
9180000 0.000526661 1.50762e-05 
9190000 0.000524565 1.50598e-05 
9200000 0.000526384 1.50435e-05 
9210000 0.000528925 1.50271e-05 
9220000 0.000526456 1.50108e-05 
9230000 0.000525527 1.49946e-05 
9240000 0.000528221 1.49783e-05 
9250000 0.000526762 1.49622e-05 
9260000 0.000530145 1.4946e-05 
9270000 0.000528837 1.49299e-05 
9280000 0.000534224 1.49138e-05 
9290000 0.000534102 1.48977e-05 
9300000 0.000534668 1.48817e-05 
9310000 0.000535004 1.48657e-05 
9320000 0.000535133 1.48498e-05 
9330000 0.00053049 1.48339e-05 
9340000 0.000532479 1.4818e-05 
9350000 0.000533864 1.48021e-05 
9360000 0.000535138 1.47863e-05 
9370000 0.000541514 1.47705e-05 
9380000 0.000539436 1.47548e-05 
9390000 0.000538782 1.47391e-05 
9400000 0.000539072 1.47234e-05 
9410000 0.000538333 1.47077e-05 
9420000 0.000542629 1.46921e-05 
9430000 0.000537751 1.46766e-05 
9440000 0.000535548 1.4661e-05 
9450000 0.000522447 1.46455e-05 
9460000 0.000523155 1.463e-05 
9470000 0.000520083 1.46146e-05 
9480000 0.000511597 1.45991e-05 
9490000 0.000512037 1.45838e-05 
9500000 0.000506921 1.45684e-05 
9510000 0.000509562 1.45531e-05 
9520000 0.000520931 1.45378e-05 
9530000 0.000516279 1.45226e-05 
9540000 0.000511345 1.45073e-05 
9550000 0.000512348 1.44921e-05 
9560000 0.000515731 1.4477e-05 
9570000 0.000512963 1.44619e-05 
9580000 0.000522414 1.44468e-05 
9590000 0.000524977 1.44317e-05 
9600000 0.000524448 1.44167e-05 
9610000 0.000523992 1.44017e-05 
9620000 0.000529218 1.43867e-05 
9630000 0.000530837 1.43717e-05 
9640000 0.000526896 1.43568e-05 
9650000 0.000526364 1.4342e-05 
9660000 0.000523267 1.43271e-05 
9670000 0.000524539 1.43123e-05 
9680000 0.00052961 1.42975e-05 
9690000 0.000529485 1.42828e-05 
9700000 0.00052613 1.4268e-05 
9710000 0.000521128 1.42533e-05 
9720000 0.000511768 1.42387e-05 
9730000 0.000513896 1.4224e-05 
9740000 0.000517348 1.42094e-05 
9750000 0.00051588 1.41949e-05 
9760000 0.00051673 1.41803e-05 
9770000 0.000512604 1.41658e-05 
9780000 0.000509766 1.41513e-05 
9790000 0.000510353 1.41369e-05 
9800000 0.00051246 1.41224e-05 
9810000 0.000516133 1.4108e-05 
9820000 0.000513677 1.40937e-05 
9830000 0.000511872 1.40793e-05 
9840000 0.000513684 1.4065e-05 
9850000 0.000513055 1.40508e-05 
9860000 0.000513156 1.40365e-05 
9870000 0.000512713 1.40223e-05 
9880000 0.00051517 1.40081e-05 
9890000 0.000518104 1.39939e-05 
9900000 0.000513677 1.39798e-05 
9910000 0.000515035 1.39657e-05 
9920000 0.000517795 1.39516e-05 
9930000 0.000512163 1.39376e-05 
9940000 0.000514274 1.39235e-05 
9950000 0.000511248 1.39095e-05 
9960000 0.000514055 1.38956e-05 
9970000 0.000511447 1.38816e-05 
9980000 0.000510041 1.38677e-05 
9990000 0.000504706 1.38538e-05 
10000000 0.00050464 1.384e-05 
11000000 0.000470106 1.25818e-05 
12000000 0.000448291 1.15333e-05 
13000000 0.000391127 1.06461e-05 
14000000 0.000371809 9.88571e-06 
15000000 0.000406978 9.22831e-06 
16000000 0.000386803 8.65155e-06 
17000000 0.000451506 8.14263e-06 
18000000 0.000391131 7.8958e-06 
