0 0 0 
1 0 0 
2 0 0 
3 0 0 
4 1.17241 0.423367 
5 0.986266 2.38381 
6 0.853308 3.88654 
7 0.746644 4.92184 
8 0.663684 5.16793 
9 0.597315 5.87031 
10 2.16351 5.93806 
11 1.98322 6.49682 
12 2.13733 6.0071 
13 1.98466 5.67858 
14 3.04493 5.43799 
15 2.85462 5.86171 
16 4.43041 5.65913 
17 6.24688 5.35708 
18 5.98435 5.11488 
19 5.81355 4.94356 
20 6.30324 4.7437 
21 6.01673 4.63134 
22 5.7818 4.47277 
23 5.55252 4.35848 
24 5.57241 4.22263 
25 5.37621 4.10745 
26 5.29999 3.96367 
27 5.1598 3.82948 
28 5.15836 3.73607 
29 4.99788 3.64299 
30 4.86048 3.57864 
31 4.72718 3.47761 
32 4.64309 3.39542 
33 4.51983 3.3431 
34 4.42307 3.29195 
35 4.3002 3.22298 
36 4.24996 3.20453 
37 4.14988 3.12748 
38 4.08206 3.10028 
39 3.99901 3.0709 
40 3.90151 3.06065 
41 3.96631 3.11328 
42 3.9565 3.07025 
43 3.87252 3.01746 
44 3.80107 2.95693 
45 3.73026 2.92502 
46 3.72731 2.91292 
47 3.69169 2.90369 
48 3.61913 2.89581 
49 3.55104 2.85197 
50 3.48584 2.84303 
51 3.44624 2.85486 
52 3.38914 2.8463 
53 3.33118 2.80736 
54 3.3473 2.79142 
55 3.31804 2.7628 
56 3.30352 2.73844 
57 3.25878 2.69223 
58 3.23247 2.67922 
59 3.26099 2.66492 
60 3.23906 2.64523 
61 3.27331 2.6257 
62 3.25971 2.63999 
63 3.21141 2.62388 
64 3.18773 2.58591 
65 3.14341 2.57972 
66 3.11319 2.56857 
67 3.07495 2.54616 
68 3.03306 2.51295 
69 3.00283 2.50802 
70 2.97657 2.47561 
71 2.9379 2.46342 
72 2.96893 2.45344 
73 2.93507 2.44913 
74 2.90326 2.44634 
75 2.90056 2.4259 
76 2.86701 2.42668 
77 2.89444 2.41985 
78 2.8972 2.40476 
79 2.87164 2.3779 
80 2.83823 2.37559 
81 2.81124 2.37267 
82 2.7794 2.35076 
83 2.75386 2.32652 
84 2.75653 2.33337 
85 2.7927 2.34388 
86 2.78406 2.33319 
87 2.78449 2.31538 
88 2.76086 2.30408 
89 2.73871 2.31312 
90 2.71871 2.30381 
91 2.69345 2.28073 
92 2.67847 2.25753 
93 2.65861 2.25554 
94 2.63639 2.23614 
95 2.61581 2.21482 
96 2.58558 2.22942 
97 2.57646 2.24453 
98 2.55354 2.22376 
99 2.54167 2.21211 
100 2.54013 2.20571 
101 2.52742 2.18641 
102 2.52451 2.17581 
103 2.50271 2.18028 
104 2.48625 2.17481 
105 2.46638 2.15553 
106 2.4442 2.14414 
107 2.42545 2.15099 
108 2.41127 2.14728 
109 2.39616 2.12826 
110 2.37705 2.11253 
111 2.35735 2.10057 
112 2.34078 2.11065 
113 2.32505 2.09309 
114 2.30864 2.09017 
115 2.29401 2.07229 
116 2.27552 2.06096 
117 2.27992 2.04349 
118 2.26251 2.03945 
119 2.24872 2.04989 
120 2.2371 2.03295 
121 2.21988 2.01672 
122 2.20452 2.01158 
123 2.19391 1.99933 
124 2.19434 1.99235 
125 2.19919 1.98031 
126 2.19443 1.96573 
127 2.18517 1.96853 
128 2.17457 1.95495 
129 2.16579 1.95758 
130 2.16045 1.95862 
131 2.14558 1.96528 
132 2.13273 1.98588 
133 2.12277 2.00736 
134 2.1081 2.00493 
135 2.09299 1.99471 
136 2.09038 1.99343 
137 2.08264 1.98984 
138 2.07469 1.97559 
139 2.06045 1.9669 
140 2.05065 1.97496 
141 2.03826 1.97804 
142 2.02486 1.97201 
143 2.01129 1.97785 
144 2.01113 1.97463 
145 1.99973 1.96975 
146 1.99083 1.96003 
147 1.97771 1.95105 
148 1.98881 1.95055 
149 1.98095 1.9394 
150 1.96843 1.93273 
151 1.95299 1.92534 
152 1.94088 1.93813 
153 1.92928 1.9267 
154 1.9206 1.9156 
155 1.91056 1.90456 
156 1.901 1.89267 
157 1.89225 1.89045 
158 1.89932 1.89529 
159 1.89117 1.88377 
160 1.89418 1.87408 
161 1.8851 1.86255 
162 1.87889 1.86558 
163 1.87106 1.86012 
164 1.86071 1.86314 
165 1.85324 1.8574 
166 1.85252 1.8747 
167 1.85864 1.87611 
168 1.85645 1.8706 
169 1.85908 1.87198 
170 1.85325 1.86123 
171 1.84865 1.85167 
172 1.84137 1.84449 
173 1.83527 1.85329 
174 1.83154 1.84296 
175 1.82404 1.85333 
176 1.8375 1.85403 
177 1.83113 1.84482 
178 1.82672 1.83772 
179 1.82244 1.84413 
180 1.81651 1.83842 
181 1.80844 1.83194 
182 1.80011 1.82526 
183 1.79765 1.83652 
184 1.78905 1.84007 
185 1.78229 1.84063 
186 1.77542 1.8323 
187 1.7685 1.82829 
188 1.75985 1.82204 
189 1.75076 1.81866 
190 1.74569 1.82037 
191 1.73813 1.82112 
192 1.73094 1.81202 
193 1.74005 1.80605 
194 1.75359 1.81123 
195 1.74475 1.80595 
196 1.74301 1.79908 
197 1.73454 1.79362 
198 1.72712 1.78862 
199 1.72052 1.78255 
200 1.71339 1.77632 
201 1.70738 1.77998 
202 1.70293 1.77306 
203 1.69868 1.76488 
204 1.6962 1.75633 
205 1.69025 1.74811 
206 1.6861 1.74077 
207 1.67862 1.74165 
208 1.6804 1.73425 
209 1.67449 1.72751 
210 1.67079 1.72499 
211 1.66411 1.71761 
212 1.65818 1.71976 
213 1.65368 1.72791 
214 1.6469 1.7203 
215 1.63965 1.71309 
216 1.64006 1.70592 
217 1.63505 1.70588 
218 1.63146 1.70894 
219 1.63361 1.70459 
220 1.62674 1.70371 
221 1.62139 1.69707 
222 1.61619 1.69338 
223 1.61268 1.68615 
224 1.60828 1.68044 
225 1.60367 1.67414 
226 1.59692 1.67168 
227 1.59841 1.66435 
228 1.59393 1.65826 
229 1.59162 1.65416 
230 1.58569 1.65013 
231 1.58204 1.64325 
232 1.58504 1.63674 
233 1.57969 1.64187 
234 1.57325 1.6355 
235 1.56978 1.62879 
236 1.56544 1.62648 
237 1.56532 1.62057 
238 1.56278 1.6149 
239 1.55947 1.61573 
240 1.55244 1.61264 
241 1.54693 1.6088 
242 1.54088 1.60259 
243 1.53553 1.59603 
244 1.53341 1.59654 
245 1.52779 1.59005 
246 1.5228 1.5879 
247 1.5177 1.5816 
248 1.51254 1.57671 
249 1.50677 1.57035 
250 1.50113 1.5649 
251 1.4979 1.55816 
252 1.49339 1.55264 
253 1.49325 1.54734 
254 1.48795 1.54518 
255 1.48398 1.53914 
256 1.47891 1.53325 
257 1.47509 1.52712 
258 1.47167 1.52293 
259 1.46824 1.51935 
260 1.46395 1.5186 
261 1.46086 1.51708 
262 1.45653 1.5139 
263 1.45489 1.51116 
264 1.44916 1.50545 
265 1.44806 1.50297 
266 1.44464 1.49732 
267 1.44002 1.49642 
268 1.43642 1.491 
269 1.433 1.48839 
270 1.43094 1.48291 
271 1.42858 1.47875 
272 1.42638 1.47366 
273 1.42207 1.47057 
274 1.4188 1.47007 
275 1.41807 1.46966 
276 1.41464 1.46505 
277 1.40975 1.46067 
278 1.41238 1.45976 
279 1.40972 1.45455 
280 1.40762 1.44959 
281 1.40207 1.44483 
282 1.3984 1.44211 
283 1.39449 1.43703 
284 1.39166 1.43214 
285 1.38684 1.42714 
286 1.38322 1.42197 
287 1.38218 1.41867 
288 1.37895 1.41423 
289 1.37466 1.40948 
290 1.37076 1.40712 
291 1.36625 1.40313 
292 1.36303 1.39999 
293 1.36177 1.39527 
294 1.35889 1.39533 
295 1.3548 1.3916 
296 1.3505 1.38675 
297 1.34827 1.38174 
298 1.34923 1.37801 
299 1.34574 1.37337 
300 1.34356 1.3686 
301 1.33941 1.36353 
302 1.33755 1.36447 
303 1.33455 1.36774 
304 1.33314 1.36306 
305 1.3289 1.36356 
306 1.32588 1.35969 
307 1.32342 1.35612 
308 1.32011 1.35409 
309 1.31981 1.35056 
310 1.31596 1.34728 
311 1.31198 1.3431 
312 1.30864 1.34245 
313 1.30854 1.34428 
314 1.30689 1.34091 
315 1.3038 1.33986 
316 1.3028 1.3357 
317 1.30033 1.33288 
318 1.29654 1.33024 
319 1.29532 1.32788 
320 1.29427 1.32691 
321 1.29044 1.32443 
322 1.28796 1.32052 
323 1.28441 1.31763 
324 1.28434 1.3164 
325 1.28084 1.31496 
326 1.284 1.31341 
327 1.28124 1.31054 
328 1.27844 1.30728 
329 1.27488 1.30332 
330 1.27071 1.30483 
331 1.26724 1.30286 
332 1.26769 1.29898 
333 1.26587 1.29509 
334 1.26151 1.29486 
335 1.258 1.29287 
336 1.25414 1.28903 
337 1.2554 1.28522 
338 1.25282 1.28671 
339 1.25047 1.29248 
340 1.24963 1.28869 
341 1.24807 1.28837 
342 1.2442 1.28876 
343 1.24489 1.28998 
344 1.24349 1.29259 
345 1.24099 1.28992 
346 1.23887 1.2866 
347 1.23623 1.28303 
348 1.23273 1.28087 
349 1.23028 1.27941 
350 1.23207 1.28082 
351 1.23032 1.27718 
352 1.22739 1.27468 
353 1.22886 1.27873 
354 1.22649 1.27535 
355 1.22331 1.27643 
356 1.22118 1.27286 
357 1.21827 1.2693 
358 1.21503 1.26637 
359 1.21282 1.26728 
360 1.21241 1.26716 
361 1.21136 1.27136 
362 1.20851 1.26786 
363 1.20505 1.26413 
364 1.2015 1.26088 
365 1.19993 1.26094 
366 1.19697 1.25834 
367 1.19465 1.26143 
368 1.19364 1.25922 
369 1.19088 1.25753 
370 1.18816 1.25414 
371 1.18593 1.25077 
372 1.18321 1.24767 
373 1.18232 1.24521 
374 1.1826 1.24189 
375 1.18066 1.23903 
376 1.17764 1.23575 
377 1.17683 1.23312 
378 1.1741 1.23001 
379 1.17393 1.22894 
380 1.17262 1.22556 
381 1.16988 1.2299 
382 1.16866 1.22799 
383 1.16758 1.22479 
384 1.16535 1.22317 
385 1.16997 1.22015 
386 1.16839 1.21831 
387 1.16688 1.21586 
388 1.16539 1.21273 
389 1.16388 1.21037 
390 1.16209 1.20736 
391 1.15996 1.20429 
392 1.15773 1.20122 
393 1.15628 1.1984 
394 1.15465 1.19571 
395 1.15282 1.19372 
396 1.15153 1.19108 
397 1.14967 1.18933 
398 1.14714 1.18643 
399 1.14426 1.1844 
400 1.14152 1.1815 
401 1.13908 1.17858 
402 1.13638 1.17993 
403 1.1335 1.17712 
404 1.13352 1.17422 
405 1.13075 1.17595 
406 1.12775 1.17979 
407 1.12683 1.17685 
408 1.12465 1.17459 
409 1.12177 1.17254 
410 1.11858 1.17108 
411 1.11717 1.16836 
412 1.11414 1.16803 
413 1.11357 1.16591 
414 1.11143 1.16467 
415 1.11088 1.16418 
416 1.10994 1.16147 
417 1.10824 1.15869 
418 1.10597 1.15557 
419 1.10931 1.15285 
420 1.10717 1.14934 
421 1.10535 1.14814 
422 1.10413 1.1446 
423 1.10178 1.14378 
424 1.1005 1.14286 
425 1.09907 1.14039 
426 1.09708 1.1399 
427 1.09416 1.13724 
428 1.09192 1.13512 
429 1.0905 1.13616 
430 1.08835 1.13353 
431 1.08702 1.13165 
432 1.08527 1.13643 
433 1.08511 1.13641 
434 1.08256 1.13959 
435 1.08056 1.13923 
436 1.07917 1.13767 
437 1.07789 1.13492 
438 1.0754 1.1368 
439 1.07373 1.13444 
440 1.07313 1.13302 
441 1.07035 1.13056 
442 1.06739 1.12795 
443 1.06442 1.12548 
444 1.06379 1.12341 
445 1.06194 1.12362 
446 1.06025 1.12125 
447 1.0576 1.11942 
448 1.05624 1.11729 
449 1.05457 1.11847 
450 1.05291 1.12033 
451 1.0509 1.11832 
452 1.04785 1.11586 
453 1.04648 1.1147 
454 1.04552 1.11312 
455 1.04349 1.11039 
456 1.04093 1.10894 
457 1.0395 1.11099 
458 1.03725 1.10893 
459 1.03624 1.10739 
460 1.03597 1.10527 
461 1.03473 1.10358 
462 1.03271 1.10185 
463 1.02961 1.10484 
464 1.0276 1.10739 
465 1.02622 1.10551 
466 1.02379 1.10279 
467 1.02108 1.1043 
468 1.01836 1.10214 
469 1.01599 1.10056 
470 1.01439 1.10303 
471 1.01239 1.10168 
472 1.01032 1.10019 
473 1.00847 1.0984 
474 1.00723 1.0965 
475 1.0065 1.09511 
476 1.00343 1.09314 
477 1.00151 1.09166 
478 1.0007 1.0896 
479 0.998373 1.09004 
480 0.9957 1.09088 
481 0.9936 1.08963 
482 0.992269 1.08846 
483 0.990757 1.08933 
484 0.989989 1.08839 
485 0.988746 1.08691 
486 0.986615 1.08541 
487 0.985168 1.08334 
488 0.984775 1.08179 
489 0.981673 1.08182 
490 0.979299 1.07962 
491 0.978328 1.07744 
492 0.977513 1.07711 
493 0.975755 1.07616 
494 0.974374 1.07499 
495 0.974109 1.07335 
496 0.974944 1.07168 
497 0.973771 1.06985 
498 0.973263 1.06842 
499 0.973387 1.06917 
500 0.972287 1.06822 
501 0.970403 1.0664 
502 0.968735 1.06471 
503 0.967726 1.06352 
504 0.968976 1.06188 
505 0.968352 1.0617 
506 0.967078 1.05992 
507 0.965219 1.05934 
508 0.963587 1.05812 
509 0.962375 1.05829 
510 0.961658 1.05655 
511 0.959701 1.05682 
512 0.958307 1.05577 
513 0.95665 1.0544 
514 0.956674 1.05294 
515 0.95551 1.05124 
516 0.953514 1.04963 
517 0.952512 1.04817 
518 0.952285 1.0468 
519 0.951064 1.04502 
520 0.949261 1.04406 
521 0.948068 1.04234 
522 0.947106 1.04129 
523 0.945708 1.04044 
524 0.945842 1.03968 
525 0.944084 1.03858 
526 0.942345 1.04025 
527 0.942552 1.04021 
528 0.940208 1.03854 
529 0.940214 1.0379 
530 0.93857 1.03674 
531 0.935905 1.03577 
532 0.934392 1.03415 
533 0.93326 1.03225 
534 0.932762 1.0313 
535 0.931113 1.0296 
536 0.929895 1.02819 
537 0.929164 1.02663 
538 0.928003 1.02472 
539 0.926912 1.02516 
540 0.925254 1.02767 
541 0.924596 1.02609 
542 0.923294 1.02462 
543 0.92415 1.02313 
544 0.921936 1.02244 
545 0.919951 1.02245 
546 0.918255 1.02059 
547 0.917736 1.02014 
548 0.917286 1.02 
549 0.916276 1.01864 
550 0.915257 1.01916 
551 0.914558 1.01756 
552 0.913067 1.01795 
553 0.912566 1.02088 
554 0.9116 1.0212 
555 0.910773 1.02077 
556 0.909297 1.01949 
557 0.907702 1.01763 
558 0.906081 1.01564 
559 0.904168 1.01509 
560 0.903429 1.01361 
561 0.90274 1.01163 
562 0.901957 1.0116 
563 0.900368 1.01047 
564 0.899535 1.00885 
565 0.899064 1.00833 
566 0.897683 1.00887 
567 0.896261 1.00825 
568 0.895784 1.0072 
569 0.895483 1.00653 
570 0.895532 1.00526 
571 0.893828 1.00444 
572 0.893304 1.00329 
573 0.892789 1.00182 
574 0.890938 1.00012 
575 0.8899 0.998555 
576 0.889078 0.997399 
577 0.88733 0.996019 
578 0.886637 0.997284 
579 0.88467 0.995668 
580 0.883242 0.996889 
581 0.882736 0.997698 
582 0.881997 0.998198 
583 0.88103 0.997002 
584 0.880107 0.995718 
585 0.878337 0.994333 
586 0.87737 0.992669 
587 0.876731 0.991178 
588 0.87546 0.989983 
589 0.874858 0.989397 
590 0.873843 0.987799 
591 0.873446 0.987528 
592 0.873101 0.985959 
593 0.872166 0.987811 
594 0.870487 0.986923 
595 0.871969 0.985402 
596 0.87198 0.983993 
597 0.870637 0.983357 
598 0.869512 0.98193 
599 0.869135 0.982308 
600 0.868433 0.981759 
601 0.866905 0.980944 
602 0.866595 0.979933 
603 0.865672 0.978886 
604 0.864241 0.977409 
605 0.862859 0.97709 
606 0.863163 0.976248 
607 0.862794 0.976264 
608 0.861943 0.975488 
609 0.860711 0.977264 
610 0.860573 0.975632 
611 0.859647 0.974385 
612 0.859747 0.973178 
613 0.859651 0.971609 
614 0.858305 0.97218 
615 0.857931 0.970633 
616 0.861827 0.9694 
617 0.860682 0.968169 
618 0.859402 0.967225 
619 0.858711 0.965787 
620 0.858168 0.965621 
621 0.857389 0.964492 
622 0.85765 0.963276 
623 0.857045 0.961868 
624 0.856053 0.960345 
625 0.854722 0.962272 
626 0.853023 0.960715 
627 0.851751 0.959499 
628 0.851558 0.958982 
629 0.851625 0.957761 
630 0.850295 0.958242 
631 0.849399 0.96017 
632 0.847996 0.959311 
633 0.84805 0.958023 
634 0.846837 0.956867 
635 0.846103 0.955199 
636 0.844752 0.953767 
637 0.843976 0.952271 
638 0.844053 0.951311 
639 0.843356 0.951854 
640 0.842355 0.952421 
641 0.841739 0.951713 
642 0.841016 0.95037 
643 0.841736 0.950845 
644 0.840779 0.94976 
645 0.839841 0.949435 
646 0.83979 0.949705 
647 0.838826 0.948384 
648 0.837824 0.946923 
649 0.836321 0.945439 
650 0.835458 0.944508 
651 0.8373 0.943416 
652 0.836308 0.94354 
653 0.835382 0.944137 
654 0.837434 0.942713 
655 0.836518 0.942555 
656 0.83524 0.943146 
657 0.834545 0.941713 
658 0.834288 0.940472 
659 0.83323 0.939133 
660 0.833822 0.939132 
661 0.832838 0.938588 
662 0.83192 0.9373 
663 0.830364 0.935889 
664 0.829204 0.934527 
665 0.829845 0.933239 
666 0.82859 0.932192 
667 0.828842 0.931634 
668 0.828536 0.931926 
669 0.827485 0.931239 
670 0.826272 0.929523 
671 0.825188 0.928396 
672 0.823968 0.927467 
673 0.822625 0.92647 
674 0.822104 0.924951 
675 0.821098 0.923736 
676 0.820165 0.922875 
677 0.820078 0.921955 
678 0.81955 0.92072 
679 0.820312 0.919335 
680 0.818742 0.91815 
681 0.817109 0.916803 
682 0.816733 0.915968 
683 0.815097 0.915498 
684 0.814312 0.914527 
685 0.812916 0.913299 
686 0.811378 0.912304 
687 0.809843 0.911629 
688 0.808834 0.910755 
689 0.80806 0.909636 
690 0.807269 0.909368 
691 0.806133 0.908305 
692 0.805734 0.907023 
693 0.805015 0.905773 
694 0.803539 0.905506 
695 0.802746 0.904205 
696 0.801946 0.903076 
697 0.801659 0.901914 
698 0.800528 0.900943 
699 0.799599 0.900718 
700 0.798561 0.901623 
701 0.798841 0.900727 
702 0.797814 0.901229 
703 0.797191 0.899842 
704 0.796112 0.899195 
705 0.795718 0.898067 
706 0.795503 0.897225 
707 0.794217 0.896361 
708 0.794052 0.896433 
709 0.792785 0.895227 
710 0.791968 0.895461 
711 0.790706 0.895631 
712 0.790239 0.894873 
713 0.789645 0.894121 
714 0.789316 0.89315 
715 0.788312 0.892678 
716 0.787109 0.891529 
717 0.786249 0.890317 
718 0.785512 0.889928 
719 0.785139 0.888988 
720 0.783704 0.888494 
721 0.783097 0.887673 
722 0.781512 0.88763 
723 0.781484 0.886443 
724 0.781926 0.885222 
725 0.781804 0.884014 
726 0.780854 0.883126 
727 0.780096 0.8823 
728 0.781151 0.881097 
729 0.780434 0.880359 
730 0.779264 0.879514 
731 0.777852 0.878769 
732 0.777548 0.878048 
733 0.777842 0.877089 
734 0.776864 0.87617 
735 0.776757 0.874999 
736 0.776334 0.875049 
737 0.776128 0.875562 
738 0.775124 0.874565 
739 0.775189 0.874701 
740 0.773971 0.874024 
741 0.773873 0.873045 
742 0.772644 0.872488 
743 0.772408 0.873149 
744 0.773378 0.872392 
745 0.772298 0.871437 
746 0.77159 0.870507 
747 0.77095 0.870739 
748 0.775133 0.869577 
749 0.776523 0.868772 
750 0.775402 0.867795 
751 0.774421 0.866814 
752 0.773395 0.866101 
753 0.774155 0.864952 
754 0.773225 0.863897 
755 0.772103 0.863501 
756 0.771378 0.862971 
757 0.770252 0.862324 
758 0.769276 0.861488 
759 0.768344 0.860354 
760 0.767537 0.862238 
761 0.76701 0.861439 
762 0.766676 0.860513 
763 0.766442 0.859506 
764 0.765981 0.858531 
765 0.767502 0.858102 
766 0.766807 0.857183 
767 0.766075 0.856478 
768 0.765639 0.855693 
769 0.765101 0.854584 
770 0.765157 0.854465 
771 0.764668 0.853474 
772 0.763246 0.853319 
773 0.762224 0.852479 
774 0.76263 0.851482 
775 0.762032 0.852877 
776 0.761004 0.851989 
777 0.760115 0.850792 
778 0.75951 0.850273 
779 0.758371 0.84974 
780 0.758317 0.849441 
781 0.757833 0.848728 
782 0.757404 0.847774 
783 0.75773 0.846757 
784 0.757762 0.846441 
785 0.757269 0.845756 
786 0.756062 0.845131 
787 0.755435 0.844267 
788 0.754119 0.843261 
789 0.753809 0.843099 
790 0.75251 0.842962 
791 0.751735 0.843408 
792 0.750842 0.843029 
793 0.751185 0.84204 
794 0.750257 0.841321 
795 0.750397 0.840559 
796 0.750114 0.839789 
797 0.749631 0.839048 
798 0.749139 0.838975 
799 0.74806 0.838381 
800 0.748074 0.837561 
801 0.747062 0.837025 
802 0.746541 0.836038 
803 0.746952 0.835023 
804 0.746169 0.834273 
805 0.745276 0.833238 
806 0.744678 0.832722 
807 0.74473 0.832013 
808 0.743856 0.83107 
809 0.74363 0.830806 
810 0.743415 0.830616 
811 0.742401 0.829732 
812 0.741595 0.828835 
813 0.740596 0.827905 
814 0.741119 0.827015 
815 0.739924 0.826423 
816 0.739807 0.82597 
817 0.739244 0.825518 
818 0.738278 0.824535 
819 0.737581 0.823881 
820 0.737296 0.822848 
821 0.737487 0.821838 
822 0.736593 0.820853 
823 0.73605 0.819913 
824 0.735261 0.81995 
825 0.734912 0.819385 
826 0.734501 0.818436 
827 0.734199 0.817585 
828 0.733325 0.817823 
829 0.73217 0.816838 
830 0.731285 0.817181 
831 0.730659 0.816485 
832 0.729835 0.815908 
833 0.730761 0.814994 
834 0.730975 0.814454 
835 0.730635 0.815221 
836 0.730192 0.814819 
837 0.729003 0.814048 
838 0.72955 0.813248 
839 0.729041 0.812703 
840 0.728398 0.812064 
841 0.727561 0.811584 
842 0.726777 0.812382 
843 0.725719 0.811769 
844 0.725103 0.811469 
845 0.724067 0.810612 
846 0.723223 0.809901 
847 0.722833 0.809189 
848 0.722148 0.80833 
849 0.722716 0.807566 
850 0.722044 0.807674 
851 0.720459 0.807207 
852 0.719726 0.807307 
853 0.718911 0.806564 
854 0.718035 0.805775 
855 0.717503 0.805187 
856 0.716634 0.804247 
857 0.715874 0.803581 
858 0.715451 0.803116 
859 0.715244 0.802472 
860 0.71459 0.804588 
861 0.714025 0.80366 
862 0.713445 0.804299 
863 0.712438 0.803414 
864 0.712242 0.803676 
865 0.711362 0.802819 
866 0.710775 0.801999 
867 0.710803 0.80205 
868 0.710728 0.801264 
869 0.709877 0.801137 
870 0.708864 0.800799 
871 0.707621 0.80033 
872 0.706625 0.799689 
873 0.705737 0.799072 
874 0.704724 0.798585 
875 0.703749 0.797821 
876 0.70329 0.797987 
877 0.702496 0.797114 
878 0.703676 0.796375 
879 0.703989 0.795516 
880 0.703271 0.796163 
881 0.70291 0.795634 
882 0.702661 0.794995 
883 0.702544 0.794559 
884 0.703414 0.79388 
885 0.70253 0.793028 
886 0.702687 0.792259 
887 0.70264 0.791368 
888 0.701798 0.790671 
889 0.701632 0.790134 
890 0.702207 0.789647 
891 0.701729 0.788765 
892 0.70145 0.789366 
893 0.702696 0.788479 
894 0.702584 0.78843 
895 0.701734 0.787589 
896 0.704019 0.787354 
897 0.703407 0.786683 
898 0.702367 0.786901 
899 0.702274 0.786338 
900 0.701221 0.786003 
901 0.700264 0.785023 
902 0.698884 0.783903 
903 0.700831 0.783036 
904 0.700466 0.782243 
905 0.699948 0.78139 
906 0.699995 0.780624 
907 0.699206 0.780183 
908 0.698102 0.781246 
909 0.697403 0.781546 
910 0.696992 0.781195 
911 0.696779 0.781234 
912 0.696272 0.781053 
913 0.695544 0.780566 
914 0.695177 0.779727 
915 0.695659 0.779034 
916 0.694997 0.780374 
917 0.694117 0.780167 
918 0.693481 0.779626 
919 0.693198 0.778851 
920 0.692499 0.779528 
921 0.691753 0.778853 
922 0.691706 0.778173 
923 0.691166 0.777358 
924 0.690643 0.776839 
925 0.691455 0.776761 
926 0.691559 0.776542 
927 0.691855 0.777609 
928 0.692354 0.776828 
929 0.691891 0.776038 
930 0.691827 0.775553 
931 0.690987 0.775139 
932 0.690639 0.774405 
933 0.690061 0.773653 
934 0.690171 0.772939 
935 0.689665 0.77222 
936 0.689478 0.771408 
937 0.689078 0.771483 
938 0.688743 0.772186 
939 0.688846 0.771356 
940 0.690239 0.771025 
941 0.690227 0.770781 
942 0.690523 0.769975 
943 0.690119 0.769696 
944 0.689231 0.769421 
945 0.68812 0.768879 
946 0.68758 0.768283 
947 0.687834 0.767587 
948 0.688142 0.766778 
949 0.687722 0.766244 
950 0.686999 0.766077 
951 0.686502 0.765366 
952 0.685882 0.764563 
953 0.686038 0.763655 
954 0.684557 0.762489 
955 0.683633 0.762129 
956 0.682898 0.761668 
957 0.68309 0.760838 
958 0.682528 0.76014 
959 0.682224 0.759393 
960 0.682289 0.759055 
961 0.681112 0.758202 
962 0.68042 0.757586 
963 0.679822 0.756788 
964 0.679687 0.756313 
965 0.680381 0.755699 
966 0.680342 0.755138 
967 0.679668 0.754391 
968 0.679439 0.753762 
969 0.678762 0.752996 
970 0.678067 0.752225 
971 0.677393 0.751619 
972 0.677061 0.75126 
973 0.676446 0.750784 
974 0.675666 0.750174 
975 0.675376 0.749477 
976 0.674307 0.749479 
977 0.674138 0.748809 
978 0.673462 0.748649 
979 0.673672 0.748625 
980 0.673364 0.747961 
981 0.673299 0.747716 
982 0.67291 0.747093 
983 0.673273 0.746547 
984 0.672633 0.745706 
985 0.672442 0.745319 
986 0.67197 0.74464 
987 0.671252 0.744176 
988 0.67112 0.744533 
989 0.67044 0.746719 
990 0.669671 0.745971 
991 0.670813 0.745485 
992 0.670448 0.744759 
993 0.670079 0.744503 
994 0.66951 0.744063 
995 0.669379 0.743346 
996 0.669514 0.743293 
997 0.669275 0.742538 
998 0.668649 0.741823 
999 0.669074 0.742132 
1000 0.668639 0.741568 
1100 0.641383 0.702924 
1200 0.608138 0.666966 
1300 0.584282 0.6344 
1400 0.559853 0.608076 
1500 0.538712 0.578076 
1600 0.517892 0.55105 
1700 0.497418 0.52899 
1800 0.482097 0.509163 
1900 0.464008 0.489259 
2000 0.454518 0.473921 
2100 0.443261 0.459632 
2200 0.432367 0.443534 
2300 0.421905 0.429128 
2400 0.409678 0.415593 
2500 0.397077 0.402888 
2600 0.387976 0.391186 
2700 0.377846 0.380207 
2800 0.369857 0.368447 
2900 0.359224 0.357441 
3000 0.349685 0.347269 
3100 0.339905 0.337332 
3200 0.332052 0.327768 
3300 0.326251 0.318667 
3400 0.320519 0.311696 
3500 0.312734 0.304295 
3600 0.307656 0.297327 
3700 0.303357 0.290842 
3800 0.298066 0.28473 
3900 0.290647 0.278814 
4000 0.284205 0.273152 
4100 0.279558 0.268168 
4200 0.273543 0.262946 
4300 0.269019 0.257561 
4400 0.266246 0.252705 
4500 0.262309 0.248056 
4600 0.259441 0.243391 
4700 0.25514 0.238761 
4800 0.251067 0.234699 
4900 0.245836 0.230948 
5000 0.242596 0.226812 
5100 0.237913 0.224082 
5200 0.235476 0.221183 
5300 0.233182 0.218668 
5400 0.229888 0.21553 
5500 0.227167 0.212604 
5600 0.22395 0.209439 
5700 0.220475 0.206792 
5800 0.216786 0.203731 
5900 0.214681 0.200552 
6000 0.212052 0.19763 
6100 0.209064 0.19477 
6200 0.206787 0.192073 
6300 0.205457 0.189426 
6400 0.202902 0.186581 
6500 0.201002 0.184202 
6600 0.199041 0.181598 
6700 0.197526 0.17918 
6800 0.195287 0.177235 
6900 0.193361 0.175023 
7000 0.191468 0.17295 
7100 0.18972 0.171331 
7200 0.187855 0.169433 
7300 0.186363 0.167439 
7400 0.184735 0.165827 
7500 0.182651 0.164173 
7600 0.180731 0.162403 
7700 0.178593 0.160758 
7800 0.176892 0.159089 
7900 0.175377 0.157452 
8000 0.173463 0.155951 
8100 0.172292 0.154164 
8200 0.170273 0.152461 
8300 0.169399 0.150865 
8400 0.168343 0.149062 
8500 0.16671 0.147531 
8600 0.165291 0.145821 
8700 0.164055 0.14441 
8800 0.162094 0.143246 
8900 0.160224 0.142616 
9000 0.159689 0.141738 
9100 0.159027 0.140611 
9200 0.158112 0.139354 
9300 0.156473 0.138233 
9400 0.155377 0.136941 
9500 0.154091 0.135617 
9600 0.152938 0.134312 
9700 0.152075 0.132888 
9800 0.150954 0.13166 
9900 0.149274 0.13052 
10000 0.148015 0.129304 
10100 0.146876 0.12824 
10200 0.146023 0.127172 
10300 0.145152 0.126235 
10400 0.143736 0.125058 
10500 0.142439 0.12398 
10600 0.141919 0.122958 
10700 0.14062 0.122046 
10800 0.139745 0.121113 
10900 0.138912 0.120191 
11000 0.13771 0.119242 
11100 0.136723 0.118328 
11200 0.135791 0.117429 
11300 0.135037 0.116504 
11400 0.133738 0.115651 
11500 0.132695 0.114914 
11600 0.131804 0.114239 
11700 0.130811 0.113545 
11800 0.13002 0.11274 
11900 0.129197 0.111904 
12000 0.12821 0.110955 
12100 0.127513 0.110262 
12200 0.126837 0.109515 
12300 0.125772 0.108761 
12400 0.124677 0.108019 
12500 0.12377 0.107197 
12600 0.12294 0.106448 
12700 0.121857 0.105603 
12800 0.12076 0.104767 
12900 0.119596 0.104003 
13000 0.119502 0.103177 
13100 0.119034 0.102419 
13200 0.118295 0.101752 
13300 0.117821 0.101176 
13400 0.11714 0.100582 
13500 0.11648 0.0999488 
13600 0.116013 0.0992859 
13700 0.115752 0.0986222 
13800 0.115149 0.0980601 
13900 0.114765 0.0973504 
14000 0.11414 0.0968719 
14100 0.11339 0.0961985 
14200 0.112191 0.0954726 
14300 0.11182 0.0947438 
14400 0.111089 0.0940311 
14500 0.110551 0.0935007 
14600 0.110067 0.0929846 
14700 0.109572 0.0923831 
14800 0.109304 0.0918799 
14900 0.108899 0.0913076 
15000 0.108243 0.0907962 
15100 0.107921 0.0902253 
15200 0.107442 0.0895687 
15300 0.106726 0.0890092 
15400 0.105738 0.0884413 
15500 0.105255 0.0880268 
15600 0.104902 0.0873744 
15700 0.104328 0.0869011 
15800 0.104033 0.086548 
15900 0.103818 0.0861062 
16000 0.103249 0.0855823 
16100 0.102971 0.0852509 
16200 0.102587 0.0848424 
16300 0.102092 0.0844838 
16400 0.101519 0.0839823 
16500 0.101182 0.0836202 
16600 0.100444 0.0831775 
16700 0.099544 0.082596 
16800 0.0991823 0.0821728 
16900 0.0984974 0.0816356 
17000 0.0980131 0.0812826 
17100 0.097285 0.0807872 
17200 0.0967221 0.0804177 
17300 0.0965674 0.0799934 
17400 0.0960332 0.0795551 
17500 0.0956051 0.0792819 
17600 0.0954044 0.0789983 
17700 0.0948584 0.0786856 
17800 0.094358 0.0782875 
17900 0.0938379 0.0778267 
18000 0.0933258 0.0773411 
18100 0.0927887 0.0770306 
18200 0.0921576 0.07659 
18300 0.0916605 0.0763199 
18400 0.0912957 0.0759628 
18500 0.0909588 0.0755738 
18600 0.0907189 0.0752941 
18700 0.0902225 0.0750451 
18800 0.0900218 0.0747166 
18900 0.0895749 0.0743525 
19000 0.0890643 0.0740663 
19100 0.0885401 0.0736773 
19200 0.0882245 0.0733425 
19300 0.0880381 0.073123 
19400 0.0879645 0.0727301 
19500 0.087499 0.0724954 
19600 0.0873455 0.0721915 
19700 0.0869432 0.0719034 
19800 0.0866361 0.0716331 
19900 0.0862389 0.0713206 
20000 0.0857769 0.0709935 
20100 0.0854361 0.070768 
20200 0.0849984 0.0704642 
20300 0.0845415 0.0702113 
20400 0.0842308 0.0699175 
20500 0.0838301 0.0696313 
20600 0.0835199 0.0694274 
20700 0.0830185 0.0690901 
20800 0.0826118 0.0687035 
20900 0.0822581 0.0683808 
21000 0.0819183 0.0679601 
21100 0.0817388 0.0677062 
21200 0.0814823 0.067434 
21300 0.081304 0.0671446 
21400 0.0810363 0.0668655 
21500 0.0808644 0.0665806 
21600 0.0809527 0.0663143 
21700 0.0805619 0.0661213 
21800 0.0804999 0.065868 
21900 0.0801254 0.0656551 
22000 0.0797689 0.0653873 
22100 0.0794914 0.0651147 
22200 0.0792037 0.0648468 
22300 0.0787878 0.0645644 
22400 0.0782778 0.0642811 
22500 0.0779623 0.0639465 
22600 0.0777641 0.0636521 
22700 0.0775073 0.0634309 
22800 0.0773984 0.0631314 
22900 0.0771115 0.062838 
23000 0.0767751 0.0625796 
23100 0.0764649 0.0623844 
23200 0.0762073 0.0622365 
23300 0.0759264 0.0619732 
23400 0.07583 0.0616885 
23500 0.0756572 0.0614842 
23600 0.0755602 0.0612658 
23700 0.0751455 0.0610717 
23800 0.0748595 0.060858 
23900 0.0747698 0.0606272 
24000 0.074217 0.0603334 
24100 0.0739588 0.0601223 
24200 0.0737719 0.0599658 
24300 0.0736453 0.0597549 
24400 0.0733502 0.0595331 
24500 0.0731201 0.0592381 
24600 0.0729777 0.0590421 
24700 0.0727344 0.0588087 
24800 0.0724545 0.0585966 
24900 0.0722076 0.0583889 
25000 0.0718711 0.058159 
25100 0.0716076 0.0579628 
25200 0.0714949 0.0578255 
25300 0.0713543 0.0576739 
25400 0.0711245 0.0575216 
25500 0.0707644 0.057395 
25600 0.0705039 0.0571904 
25700 0.0702027 0.0569853 
25800 0.0697691 0.0568144 
25900 0.0695192 0.0566486 
26000 0.0691787 0.056478 
26100 0.0688622 0.0562304 
26200 0.0687786 0.056002 
26300 0.0684594 0.0557681 
26400 0.0684748 0.0556353 
26500 0.0682385 0.0554522 
26600 0.0681399 0.0552347 
26700 0.0679103 0.0550044 
26800 0.067834 0.0547831 
26900 0.0675842 0.0545601 
27000 0.067482 0.0543331 
27100 0.0670923 0.0541013 
27200 0.0669943 0.0538956 
27300 0.0669948 0.0536883 
27400 0.066624 0.0534905 
27500 0.0664351 0.0532701 
27600 0.0663377 0.0530839 
27700 0.0661244 0.0529465 
27800 0.0659296 0.0527768 
27900 0.0657926 0.0526545 
28000 0.0656752 0.0524773 
28100 0.0656345 0.0523391 
28200 0.0655197 0.0521922 
28300 0.0653701 0.0520258 
28400 0.0653688 0.0518854 
28500 0.0652085 0.0516898 
28600 0.0651207 0.0515626 
28700 0.0648788 0.0514542 
28800 0.064566 0.0513154 
28900 0.0642549 0.0511416 
29000 0.0640592 0.0509802 
29100 0.0639716 0.0507885 
29200 0.0636901 0.0506545 
29300 0.0634625 0.0505037 
29400 0.0631812 0.0504009 
29500 0.0630297 0.0503115 
29600 0.0629238 0.0501825 
29700 0.0627382 0.0500239 
29800 0.0625047 0.0499044 
29900 0.0621732 0.0497465 
30000 0.0620115 0.0495599 
30100 0.0619152 0.0494363 
30200 0.0616027 0.0492929 
30300 0.061333 0.0491686 
30400 0.0611556 0.0489899 
30500 0.0608375 0.0488479 
30600 0.0607147 0.0487273 
30700 0.0605224 0.0485958 
30800 0.0604237 0.0484613 
30900 0.0601287 0.048311 
31000 0.0601758 0.0482008 
31100 0.060161 0.048039 
31200 0.0599816 0.0478483 
31300 0.0597274 0.0477328 
31400 0.0595632 0.0476083 
31500 0.0594477 0.0474536 
31600 0.0594438 0.0473025 
31700 0.0591566 0.0471961 
31800 0.0591045 0.0470681 
31900 0.0589652 0.0469183 
32000 0.0590602 0.0467612 
32100 0.0590212 0.0466087 
32200 0.0592033 0.0464913 
32300 0.0588949 0.0463535 
32400 0.0587324 0.0462204 
32500 0.058589 0.0461032 
32600 0.0585351 0.046033 
32700 0.0583975 0.0459197 
32800 0.0582304 0.0457312 
32900 0.0581416 0.0456448 
33000 0.0580798 0.0455231 
33100 0.0580392 0.0453968 
33200 0.0578377 0.0452542 
33300 0.0575523 0.0451557 
33400 0.0574763 0.0450079 
33500 0.0573619 0.044876 
33600 0.057203 0.0447095 
33700 0.057029 0.0446172 
33800 0.0569529 0.0444703 
33900 0.0567065 0.0443313 
34000 0.0565641 0.0442237 
34100 0.0563701 0.0440556 
34200 0.056422 0.0439105 
34300 0.05609 0.0438018 
34400 0.0560262 0.0436747 
34500 0.0558112 0.0435032 
34600 0.0555978 0.0433521 
34700 0.0554225 0.0432419 
34800 0.0552608 0.0430875 
34900 0.0550174 0.042968 
35000 0.0549138 0.0428139 
35100 0.0546654 0.0426828 
35200 0.0545721 0.0425374 
35300 0.0543419 0.0423733 
35400 0.0542056 0.0423043 
35500 0.0539834 0.0421991 
35600 0.0539757 0.0421061 
35700 0.0539366 0.0419974 
35800 0.0538134 0.0419026 
35900 0.0536938 0.0418099 
36000 0.0535229 0.04169 
36100 0.0534742 0.0415754 
36200 0.053263 0.0414764 
36300 0.0531801 0.0413647 
36400 0.0530388 0.0412783 
36500 0.0529946 0.0411837 
36600 0.0527958 0.0410663 
36700 0.0528086 0.0409951 
36800 0.0528474 0.040864 
36900 0.0528354 0.0407454 
37000 0.0528086 0.0406728 
37100 0.0527349 0.0406135 
37200 0.0526219 0.040516 
37300 0.0528264 0.0403939 
37400 0.0528222 0.0402809 
37500 0.0528967 0.040166 
37600 0.0528046 0.040085 
37700 0.0526436 0.0399652 
37800 0.0524587 0.039856 
37900 0.0525182 0.0397628 
38000 0.0525055 0.0396484 
38100 0.0523744 0.0395314 
38200 0.0522862 0.0394492 
38300 0.0522641 0.0393911 
38400 0.0521776 0.0392984 
38500 0.0520852 0.0391982 
38600 0.0519317 0.0391042 
38700 0.0518639 0.0390102 
38800 0.0518382 0.0389432 
38900 0.0517767 0.0388634 
39000 0.0516144 0.0387586 
39100 0.0515357 0.0386645 
39200 0.0513922 0.0385788 
39300 0.0514177 0.0384907 
39400 0.0513225 0.0383697 
39500 0.0511749 0.0382876 
39600 0.0510792 0.0382249 
39700 0.0508714 0.0382162 
39800 0.0508238 0.0381507 
39900 0.0506809 0.0380885 
40000 0.0506154 0.0380035 
40100 0.0505573 0.0379367 
40200 0.0504816 0.0378473 
40300 0.0504203 0.0377495 
40400 0.0502782 0.0376844 
40500 0.0501093 0.0376103 
40600 0.0499774 0.0375124 
40700 0.0499121 0.0374075 
40800 0.0499528 0.0373195 
40900 0.0498617 0.0372375 
41000 0.0500007 0.0371798 
41100 0.0500021 0.0370771 
41200 0.049993 0.0369981 
41300 0.049863 0.0369066 
41400 0.0499331 0.0368594 
41500 0.0497875 0.036857 
41600 0.0497787 0.0367899 
41700 0.0496903 0.0367157 
41800 0.0496132 0.0366443 
41900 0.0493803 0.0365947 
42000 0.049194 0.0365016 
42100 0.0490742 0.0364401 
42200 0.0489699 0.0363256 
42300 0.0489492 0.0362418 
42400 0.048955 0.0361892 
42500 0.0488644 0.0361005 
42600 0.0487671 0.0360257 
42700 0.0485571 0.035902 
42800 0.048498 0.0358218 
42900 0.0483115 0.0357693 
43000 0.0482047 0.0356989 
43100 0.0481026 0.0356244 
43200 0.0479929 0.0355495 
43300 0.0478232 0.0354596 
43400 0.0477668 0.0353628 
43500 0.0475593 0.0352808 
43600 0.0475269 0.0352327 
43700 0.0473551 0.0351541 
43800 0.0473252 0.0350932 
43900 0.0471528 0.0350238 
44000 0.0470518 0.0349786 
44100 0.0470029 0.0348935 
44200 0.0468953 0.0348192 
44300 0.0468551 0.0347757 
44400 0.0467193 0.0346709 
44500 0.0465218 0.0346144 
44600 0.0463535 0.0345334 
44700 0.0462638 0.0344368 
44800 0.0460983 0.0343683 
44900 0.0459537 0.0343138 
45000 0.0457705 0.0342068 
45100 0.045505 0.0341493 
45200 0.0453979 0.0340463 
45300 0.0452406 0.0339164 
45400 0.045139 0.0338589 
45500 0.0451827 0.0337682 
45600 0.0450327 0.0336343 
45700 0.0449252 0.0335607 
45800 0.0448503 0.0334744 
45900 0.0447513 0.0334495 
46000 0.0447668 0.0333869 
46100 0.0446237 0.0333197 
46200 0.0446111 0.033253 
46300 0.0444512 0.0332176 
46400 0.0444304 0.0331593 
46500 0.0444563 0.0330965 
46600 0.0444294 0.0330653 
46700 0.0443483 0.0330028 
46800 0.0443111 0.0330016 
46900 0.0442606 0.0329719 
47000 0.0442002 0.0329453 
47100 0.0441257 0.032888 
47200 0.0441468 0.0328631 
47300 0.0441039 0.0327803 
47400 0.0440386 0.0327369 
47500 0.0440235 0.0326843 
47600 0.0439857 0.0326458 
47700 0.0440564 0.0325553 
47800 0.0439404 0.0324588 
47900 0.0438589 0.0323685 
48000 0.0438945 0.03232 
48100 0.0438756 0.032245 
48200 0.0437117 0.032137 
48300 0.0436779 0.0320331 
48400 0.0436034 0.031954 
48500 0.0435061 0.0319255 
48600 0.0434241 0.0318652 
48700 0.0433263 0.0318201 
48800 0.0432498 0.0317658 
48900 0.0431413 0.031694 
49000 0.0429522 0.0316361 
49100 0.0428734 0.0315892 
49200 0.042828 0.0315341 
49300 0.0428233 0.03144 
49400 0.0427286 0.0314076 
49500 0.042821 0.0313777 
49600 0.0426949 0.0313403 
49700 0.0426573 0.0313047 
49800 0.0425857 0.0312371 
49900 0.0425522 0.031184 
50000 0.0424712 0.0311215 
50100 0.0424016 0.0310646 
50200 0.04238 0.0310051 
50300 0.0422853 0.0309726 
50400 0.0422155 0.0309234 
50500 0.0420954 0.0308803 
50600 0.042 0.0308501 
50700 0.0419893 0.0307934 
50800 0.0418013 0.0307415 
50900 0.0417927 0.0306896 
51000 0.0416806 0.0306519 
51100 0.0416189 0.0306222 
51200 0.0414975 0.0305519 
51300 0.041448 0.0305091 
51400 0.0413865 0.0304717 
51500 0.0413085 0.0304504 
51600 0.0412866 0.0303915 
51700 0.0411799 0.030353 
51800 0.0411431 0.0303227 
51900 0.0410608 0.0302667 
52000 0.0410139 0.0302273 
52100 0.040911 0.030178 
52200 0.040908 0.0301383 
52300 0.0407739 0.0300497 
52400 0.0407087 0.0299876 
52500 0.040682 0.0299298 
52600 0.0406469 0.0298865 
52700 0.040581 0.0298206 
52800 0.0405021 0.029737 
52900 0.0404601 0.0296648 
53000 0.0404655 0.0296202 
53100 0.0404997 0.029537 
53200 0.040506 0.0295186 
53300 0.0404506 0.029492 
53400 0.0403258 0.0293991 
53500 0.0402284 0.0293362 
53600 0.0402152 0.0292764 
53700 0.0401493 0.0292399 
53800 0.0401274 0.0292188 
53900 0.0400078 0.0291768 
54000 0.0399039 0.0291252 
54100 0.0398538 0.0290916 
54200 0.0398823 0.0290398 
54300 0.0398766 0.0289774 
54400 0.0398089 0.0289602 
54500 0.0397389 0.0288917 
54600 0.0396708 0.0288572 
54700 0.0396119 0.0288472 
54800 0.0394773 0.0288243 
54900 0.0393808 0.0287501 
55000 0.0393945 0.028688 
55100 0.0393353 0.0286091 
55200 0.0392509 0.0285973 
55300 0.0392561 0.0285426 
55400 0.0392452 0.0284965 
55500 0.0391848 0.0284617 
55600 0.0391601 0.0284122 
55700 0.0391124 0.0283677 
55800 0.0390688 0.0283027 
55900 0.0389404 0.0282732 
56000 0.0388603 0.0282342 
56100 0.0387281 0.0282024 
56200 0.0387323 0.0281504 
56300 0.0387013 0.0280586 
56400 0.0387088 0.028011 
56500 0.0385901 0.0279503 
56600 0.0385161 0.0278822 
56700 0.038396 0.0278441 
56800 0.0382901 0.0277934 
56900 0.0381266 0.0277167 
57000 0.0380255 0.0276784 
57100 0.0379734 0.0276709 
57200 0.037906 0.0276569 
57300 0.0378407 0.0276079 
57400 0.0378158 0.0275875 
57500 0.0378219 0.0275346 
57600 0.037816 0.0274759 
57700 0.0376811 0.0274296 
57800 0.037705 0.0273944 
57900 0.0375964 0.0273406 
58000 0.0374771 0.027294 
58100 0.0373304 0.0272801 
58200 0.0372547 0.0272049 
58300 0.0371924 0.0271556 
58400 0.0371785 0.0271176 
58500 0.0371823 0.0270671 
58600 0.0371674 0.0270488 
58700 0.0371415 0.0270364 
58800 0.0370268 0.0270152 
58900 0.0370134 0.0269761 
59000 0.0369724 0.0269492 
59100 0.0369445 0.0269279 
59200 0.036961 0.0268807 
59300 0.0369197 0.0268473 
59400 0.0367609 0.0268101 
59500 0.036628 0.0267651 
59600 0.0365782 0.026726 
59700 0.0365094 0.0266638 
59800 0.0363635 0.0266108 
59900 0.0363085 0.0265729 
60000 0.0363848 0.0265412 
60100 0.0363839 0.026493 
60200 0.0363337 0.0264454 
60300 0.0362071 0.0263887 
60400 0.0361933 0.0263214 
60500 0.0361733 0.0262698 
60600 0.0361331 0.0262086 
60700 0.0362045 0.026152 
60800 0.0362431 0.0261216 
60900 0.0361821 0.0260485 
61000 0.0361728 0.0260269 
61100 0.0361293 0.0259843 
61200 0.036047 0.025949 
61300 0.0360364 0.0259132 
61400 0.0359945 0.0258898 
61500 0.0358785 0.0258483 
61600 0.035847 0.0258216 
61700 0.0358186 0.0257871 
61800 0.0357804 0.0257565 
61900 0.035757 0.0257302 
62000 0.035513 0.0256779 
62100 0.0354278 0.0256316 
62200 0.0353667 0.0256135 
62300 0.0353557 0.025585 
62400 0.0352656 0.0255492 
62500 0.0352628 0.0255307 
62600 0.0352237 0.0255088 
62700 0.0352354 0.0254936 
62800 0.035293 0.0254763 
62900 0.0352912 0.0254471 
63000 0.0352287 0.0254323 
63100 0.0352013 0.0253991 
63200 0.0351973 0.025358 
63300 0.0352281 0.0253136 
63400 0.0353637 0.0252631 
63500 0.0353975 0.0252225 
63600 0.0353937 0.0251746 
63700 0.0354436 0.0251207 
63800 0.0353959 0.0250831 
63900 0.0353882 0.0250074 
64000 0.0353924 0.0249558 
64100 0.0354009 0.0249075 
64200 0.0354059 0.0248772 
64300 0.035459 0.0248252 
64400 0.0353661 0.0247899 
64500 0.0353202 0.0247725 
64600 0.0352418 0.0247567 
64700 0.0352591 0.0247193 
64800 0.0352584 0.0246539 
64900 0.0352921 0.0246306 
65000 0.0352655 0.0245913 
65100 0.0352628 0.0245444 
65200 0.0352356 0.0245109 
65300 0.0352067 0.0244919 
65400 0.0351722 0.0244594 
65500 0.0351066 0.024435 
65600 0.0350343 0.0244074 
65700 0.0350033 0.0243942 
65800 0.0349786 0.0243783 
65900 0.0349735 0.0243515 
66000 0.0349049 0.0243107 
66100 0.034876 0.0242783 
66200 0.0348534 0.0242336 
66300 0.0347755 0.024197 
66400 0.0347329 0.0241567 
66500 0.0346321 0.0241181 
66600 0.0345754 0.0240886 
66700 0.0345549 0.0240591 
66800 0.0345681 0.0240325 
66900 0.034523 0.024028 
67000 0.0344636 0.0240298 
67100 0.0344571 0.0239804 
67200 0.0343931 0.0239726 
67300 0.0343069 0.0239501 
67400 0.0342484 0.0239113 
67500 0.0342058 0.0238875 
67600 0.0341424 0.0238656 
67700 0.0340917 0.0238546 
67800 0.0340616 0.0238376 
67900 0.0339873 0.0237933 
68000 0.0339473 0.0237625 
68100 0.0338384 0.0237488 
68200 0.0337666 0.0237064 
68300 0.0337602 0.0236581 
68400 0.033728 0.0236244 
68500 0.0336981 0.023603 
68600 0.0336862 0.0235679 
68700 0.0336924 0.023527 
68800 0.033622 0.0234959 
68900 0.0335874 0.0234725 
69000 0.0335256 0.0234402 
69100 0.0334988 0.0234151 
69200 0.0335004 0.0233852 
69300 0.0335424 0.0233727 
69400 0.0335202 0.0233483 
69500 0.0334921 0.0232976 
69600 0.033463 0.0232653 
69700 0.0334208 0.0232315 
69800 0.0334388 0.0231826 
69900 0.033424 0.0231481 
70000 0.0333864 0.0230976 
70100 0.0333201 0.0230716 
70200 0.0332284 0.0230433 
70300 0.0331817 0.0230096 
70400 0.033167 0.0230139 
70500 0.0330982 0.0229853 
70600 0.0330438 0.0229671 
70700 0.033042 0.022941 
70800 0.0330357 0.0229193 
70900 0.0329942 0.0228988 
71000 0.0329042 0.0228756 
71100 0.0329113 0.0228498 
71200 0.032785 0.0228117 
71300 0.0327308 0.0227966 
71400 0.0327254 0.0227492 
71500 0.0326158 0.0227431 
71600 0.0325284 0.0227101 
71700 0.0324958 0.0226867 
71800 0.0324043 0.0226357 
71900 0.0323855 0.0225944 
72000 0.0323134 0.0225656 
72100 0.0322377 0.0225495 
72200 0.0321667 0.0225274 
72300 0.0321337 0.0225202 
72400 0.0320872 0.0224767 
72500 0.0319567 0.0224591 
72600 0.0319421 0.0224295 
72700 0.0319074 0.0223936 
72800 0.0317986 0.0223697 
72900 0.0317514 0.0223504 
73000 0.0316481 0.0223175 
73100 0.0317524 0.0222988 
73200 0.0317971 0.02225 
73300 0.0318204 0.0222245 
73400 0.031756 0.0222059 
73500 0.0317507 0.0221681 
73600 0.0317087 0.0221311 
73700 0.0317329 0.0221025 
73800 0.0317096 0.0220675 
73900 0.0316819 0.0220623 
74000 0.0317019 0.0220465 
74100 0.0316918 0.0219953 
74200 0.0317169 0.0219745 
74300 0.0316433 0.0219555 
74400 0.0315635 0.0219461 
74500 0.031532 0.021923 
74600 0.0314629 0.021917 
74700 0.0314165 0.0219018 
74800 0.0314579 0.0218744 
74900 0.0314448 0.021854 
75000 0.0314715 0.0218306 
75100 0.0313592 0.0218005 
75200 0.0313372 0.0217788 
75300 0.0313277 0.0217621 
75400 0.0313462 0.0217395 
75500 0.0312222 0.0217093 
75600 0.0312392 0.021698 
75700 0.0311285 0.0216701 
75800 0.0311155 0.0216418 
75900 0.0310777 0.0216217 
76000 0.0310818 0.0215995 
76100 0.0310414 0.0215693 
76200 0.0310285 0.0215403 
76300 0.0309772 0.0215054 
76400 0.0308871 0.0214754 
76500 0.0307858 0.02144 
76600 0.0307019 0.0214165 
76700 0.0307513 0.0213835 
76800 0.0308012 0.0213614 
76900 0.030762 0.021333 
77000 0.0307461 0.021306 
77100 0.0306534 0.0212823 
77200 0.0305907 0.0212593 
77300 0.0305349 0.021238 
77400 0.03049 0.0212136 
77500 0.0304679 0.0211728 
77600 0.0304413 0.0211505 
77700 0.0304371 0.0211378 
77800 0.0304201 0.0211219 
77900 0.0303487 0.0211026 
78000 0.0302938 0.0210748 
78100 0.0301862 0.0210361 
78200 0.0302048 0.0210021 
78300 0.0302005 0.0209711 
78400 0.0302066 0.020957 
78500 0.0302655 0.020917 
78600 0.0302884 0.0208801 
78700 0.03025 0.0208543 
78800 0.0301233 0.0208221 
78900 0.0301401 0.0207988 
79000 0.0300184 0.0207746 
79100 0.029996 0.0207164 
79200 0.0300549 0.0207032 
79300 0.0300909 0.0206786 
79400 0.0300814 0.0206581 
79500 0.0301169 0.0206438 
79600 0.0301315 0.0206265 
79700 0.0301502 0.0206134 
79800 0.0300944 0.0206041 
79900 0.0300337 0.0205907 
80000 0.0300384 0.0205654 
80100 0.0300652 0.0205508 
80200 0.0300475 0.0205326 
80300 0.0299888 0.0205054 
80400 0.0299825 0.0204859 
80500 0.0299637 0.0204503 
80600 0.0299793 0.0204344 
80700 0.0299755 0.020427 
80800 0.02996 0.0204014 
80900 0.0299365 0.0203817 
81000 0.0298855 0.0203674 
81100 0.0299002 0.0203529 
81200 0.0298729 0.0203357 
81300 0.0299213 0.020318 
81400 0.0298926 0.0202972 
81500 0.0299278 0.0202751 
81600 0.029947 0.0202579 
81700 0.0299268 0.0202282 
81800 0.029825 0.0202102 
81900 0.0297543 0.0201989 
82000 0.0297435 0.0201983 
82100 0.0297434 0.020182 
82200 0.0297077 0.0201577 
82300 0.0296598 0.020142 
82400 0.0296515 0.0201243 
82500 0.0296528 0.0201113 
82600 0.0295844 0.0200784 
82700 0.0295529 0.0200633 
82800 0.0295108 0.0200452 
82900 0.0294405 0.0200105 
83000 0.0294028 0.0199834 
83100 0.0293531 0.0199751 
83200 0.0292927 0.0199547 
83300 0.0292571 0.0199391 
83400 0.0292115 0.0199271 
83500 0.0291464 0.0199044 
83600 0.0290804 0.0198731 
83700 0.0290611 0.0198356 
83800 0.0289608 0.0197906 
83900 0.028912 0.0197732 
84000 0.0289005 0.0197507 
84100 0.0288182 0.0197346 
84200 0.0288158 0.0197059 
84300 0.0288481 0.0196858 
84400 0.0288483 0.0196537 
84500 0.0288532 0.0196241 
84600 0.0288289 0.0196046 
84700 0.0287611 0.0195946 
84800 0.0286941 0.0195701 
84900 0.0286456 0.0195549 
85000 0.028664 0.0195251 
85100 0.0286384 0.0195037 
85200 0.028606 0.01948 
85300 0.0286134 0.0194357 
85400 0.028526 0.0194092 
85500 0.0284972 0.0193892 
85600 0.0284379 0.0193594 
85700 0.0283685 0.0193456 
85800 0.0283081 0.019312 
85900 0.0282334 0.0192792 
86000 0.028219 0.0192404 
86100 0.0281712 0.0192011 
86200 0.0281387 0.0191719 
86300 0.0280788 0.0191457 
86400 0.0281252 0.0191145 
86500 0.0280549 0.0190857 
86600 0.028022 0.0190547 
86700 0.028041 0.01905 
86800 0.0279875 0.0190178 
86900 0.0279894 0.0190177 
87000 0.0279797 0.019004 
87100 0.0279225 0.0189817 
87200 0.0278925 0.0189531 
87300 0.0278151 0.0189373 
87400 0.0278206 0.0189309 
87500 0.0278093 0.0189106 
87600 0.0276977 0.0188988 
87700 0.027698 0.0188694 
87800 0.0276351 0.0188542 
87900 0.0276814 0.0188395 
88000 0.0276451 0.0188191 
88100 0.0275987 0.0187995 
88200 0.0275796 0.0187835 
88300 0.0275487 0.018776 
88400 0.0275097 0.0187587 
88500 0.0274757 0.0187479 
88600 0.0274449 0.0187161 
88700 0.0273822 0.0186956 
88800 0.0273673 0.018666 
88900 0.0273773 0.01863 
89000 0.0273097 0.018602 
89100 0.0273262 0.0185725 
89200 0.027291 0.0185531 
89300 0.0272859 0.0185255 
89400 0.0272586 0.0185149 
89500 0.0272149 0.0185018 
89600 0.027225 0.0184884 
89700 0.0271421 0.0184705 
89800 0.0270208 0.0184638 
89900 0.0270157 0.0184494 
90000 0.0269662 0.0184256 
90100 0.0269323 0.0184032 
90200 0.0268729 0.0183678 
90300 0.026833 0.018371 
90400 0.0268218 0.0183517 
90500 0.0268193 0.0183386 
90600 0.0267821 0.0183197 
90700 0.0267812 0.0182973 
90800 0.0267987 0.0182504 
90900 0.0267769 0.0182371 
91000 0.0267975 0.0182074 
91100 0.0267988 0.0181831 
91200 0.0267365 0.0181564 
91300 0.0266946 0.0181444 
91400 0.0266505 0.0181291 
91500 0.0266617 0.0181136 
91600 0.0267127 0.0180996 
91700 0.0267756 0.0180925 
91800 0.0268102 0.0180772 
91900 0.0268468 0.0180693 
92000 0.0268134 0.0180479 
92100 0.0267603 0.0180447 
92200 0.0267171 0.0180195 
92300 0.0267305 0.0180033 
92400 0.0267051 0.0179822 
92500 0.0266848 0.0179759 
92600 0.0266536 0.0179742 
92700 0.0266144 0.0179596 
92800 0.0266603 0.0179571 
92900 0.0266194 0.0179375 
93000 0.0266372 0.0179309 
93100 0.0266921 0.0179111 
93200 0.0266941 0.0178916 
93300 0.0266831 0.0178804 
93400 0.0266702 0.0178632 
93500 0.0266618 0.0178548 
93600 0.0266403 0.017828 
93700 0.0266213 0.0178136 
93800 0.0266039 0.0177929 
93900 0.0265467 0.0177828 
94000 0.026506 0.0177718 
94100 0.0265547 0.017755 
94200 0.0264963 0.0177465 
94300 0.0265091 0.0177336 
94400 0.0264709 0.0177217 
94500 0.0264055 0.0177133 
94600 0.026384 0.0176952 
94700 0.0263585 0.017687 
94800 0.0263184 0.0176726 
94900 0.0262221 0.0176562 
95000 0.0262883 0.0176323 
95100 0.0262431 0.0176244 
95200 0.0262385 0.0176092 
95300 0.0261537 0.0176093 
95400 0.0261528 0.0176022 
95500 0.0261283 0.0176043 
95600 0.0261511 0.0175953 
95700 0.0261539 0.0175916 
95800 0.0261248 0.0175723 
95900 0.0261047 0.0175782 
96000 0.0261188 0.0175575 
96100 0.0261136 0.017545 
96200 0.0261762 0.0175217 
96300 0.026143 0.0174955 
96400 0.0261179 0.0174795 
96500 0.0261203 0.0174609 
96600 0.0261193 0.0174291 
96700 0.0261063 0.0174075 
96800 0.0261177 0.0174025 
96900 0.0261049 0.0173959 
97000 0.026074 0.0173855 
97100 0.0260602 0.0173625 
97200 0.0260281 0.0173445 
97300 0.0260073 0.0173311 
97400 0.0260156 0.0173223 
97500 0.0260384 0.0173107 
97600 0.0260292 0.0172869 
97700 0.0259669 0.0172843 
97800 0.0259417 0.0172793 
97900 0.0259757 0.0172705 
98000 0.0259556 0.0172584 
98100 0.0259867 0.0172449 
98200 0.0259411 0.0172274 
98300 0.0259886 0.0172134 
98400 0.0259345 0.0171944 
98500 0.025923 0.0171751 
98600 0.025971 0.0171481 
98700 0.025942 0.0171275 
98800 0.0259099 0.0170997 
98900 0.0258857 0.0170785 
99000 0.0258419 0.0170483 
99100 0.0258298 0.0170323 
99200 0.0257811 0.0169988 
99300 0.0257882 0.0169704 
99400 0.0257768 0.016932 
99500 0.0257511 0.0169074 
99600 0.025762 0.0168766 
99700 0.025773 0.0168539 
99800 0.0257962 0.0168414 
99900 0.0257127 0.0168316 
100000 0.0257051 0.016818 
110000 0.0236872 0.0154571 
120000 0.0222527 0.0143212 
130000 0.0209269 0.0132781 
140000 0.0195353 0.0124027 
150000 0.0188761 0.011662 
160000 0.0181524 0.0109768 
170000 0.0172361 0.0104503 
180000 0.0165296 0.00996138 
190000 0.0159717 0.00944679 
200000 0.0153473 0.00906319 
210000 0.0148979 0.00864105 
220000 0.0143651 0.00826012 
230000 0.0136839 0.00796042 
240000 0.0133664 0.00766151 
250000 0.0130911 0.00731902 
260000 0.0126751 0.00704988 
270000 0.0124028 0.00680302 
280000 0.0119264 0.00662084 
290000 0.0116612 0.00638555 
300000 0.0113495 0.00620646 
310000 0.0111771 0.00602878 
320000 0.01092 0.00584416 
330000 0.0106969 0.00567603 
340000 0.0104675 0.00549232 
350000 0.0101606 0.00535165 
360000 0.00995369 0.00517978 
370000 0.00972753 0.00508294 
380000 0.00962308 0.00495985 
390000 0.00925336 0.00487149 
400000 0.00916846 0.00476895 
410000 0.00899546 0.00464259 
420000 0.00871543 0.0045276 
430000 0.0084705 0.00441179 
440000 0.00833016 0.00433044 
450000 0.00820219 0.00421628 
460000 0.00813851 0.00416281 
470000 0.00803003 0.00407077 
480000 0.00802773 0.0039827 
490000 0.00786721 0.00390134 
500000 0.00767636 0.00384938 
510000 0.00747984 0.00378348 
520000 0.00743028 0.00371352 
530000 0.00734685 0.00363976 
540000 0.00728238 0.00358115 
