0 0 0 
1 0 0.469444 
2 1.21111 0.312963 
3 0.908333 0.483333 
4 1.27 0.412889 
5 1.30539 0.344074 
6 1.17402 0.323733 
7 1.05246 0.413283 
8 1.10682 0.428811 
9 1.09765 0.38593 
10 1.11287 0.371388 
11 1.15922 0.340439 
12 1.11081 0.393862 
13 1.10438 0.365729 
14 0.997608 0.341347 
15 0.997757 0.320012 
16 0.903031 0.364789 
17 0.965209 0.344523 
18 0.942603 0.365678 
19 0.895473 0.347394 
20 0.852832 0.330852 
21 0.812744 0.334787 
22 0.820886 0.320231 
23 0.795893 0.309909 
24 0.770007 0.297513 
25 0.760899 0.28607 
26 0.731847 0.275475 
27 0.762572 0.265636 
28 0.736745 0.256476 
29 0.818396 0.260959 
30 0.793495 0.285238 
31 0.756595 0.276325 
32 0.733668 0.279647 
33 0.694329 0.271422 
34 0.674491 0.273906 
35 0.683053 0.266297 
36 0.689225 0.2591 
37 0.671087 0.252281 
38 0.671289 0.24995 
39 0.650496 0.243701 
40 0.631379 0.237757 
41 0.589795 0.232096 
42 0.584842 0.226699 
43 0.57155 0.221547 
44 0.544838 0.216623 
45 0.554541 0.212339 
46 0.572557 0.207821 
47 0.545601 0.203491 
48 0.549397 0.199338 
49 0.548267 0.200597 
50 0.537516 0.196664 
51 0.54033 0.192882 
52 0.538031 0.189242 
53 0.528067 0.185738 
54 0.518466 0.182361 
55 0.509208 0.179104 
56 0.500274 0.175962 
57 0.491649 0.172928 
58 0.477431 0.174191 
59 0.469474 0.171287 
60 0.471878 0.168479 
61 0.464267 0.165762 
62 0.456898 0.168893 
63 0.451033 0.167365 
64 0.444094 0.16479 
65 0.437365 0.162294 
66 0.430838 0.159871 
67 0.424502 0.15752 
68 0.430332 0.155237 
69 0.424185 0.15302 
70 0.415539 0.150864 
71 0.409768 0.148769 
72 0.398101 0.146731 
73 0.388492 0.144748 
74 0.383312 0.142818 
75 0.378268 0.140939 
76 0.379532 0.139109 
77 0.389612 0.137325 
78 0.38734 0.135587 
79 0.382498 0.133892 
80 0.377776 0.133351 
81 0.373169 0.131725 
82 0.368673 0.130138 
83 0.365268 0.128589 
84 0.361781 0.126447 
85 0.348223 0.124977 
86 0.344221 0.124203 
87 0.347838 0.124827 
88 0.34393 0.123424 
89 0.340109 0.122053 
90 0.341554 0.120712 
91 0.341999 0.129714 
92 0.338322 0.128319 
93 0.334722 0.126954 
94 0.331199 0.1279 
95 0.332705 0.128557 
96 0.334949 0.127231 
97 0.331532 0.125933 
98 0.328183 0.124661 
99 0.324901 0.123331 
100 0.325966 0.12211 
101 0.329249 0.120913 
102 0.326053 0.119739 
103 0.324977 0.118588 
104 0.314717 0.117459 
105 0.311748 0.11635 
106 0.308835 0.118387 
107 0.305975 0.117291 
108 0.303168 0.116215 
109 0.307265 0.115158 
110 0.304497 0.114121 
111 0.301778 0.113102 
112 0.299107 0.112758 
113 0.300405 0.112159 
114 0.290386 0.111183 
115 0.285557 0.110225 
116 0.283116 0.109283 
117 0.276547 0.108357 
118 0.274223 0.107446 
119 0.271868 0.106551 
120 0.269621 0.10567 
121 0.274556 0.104804 
122 0.276053 0.103952 
123 0.272486 0.103066 
124 0.274773 0.101921 
125 0.27777 0.101253 
126 0.270544 0.100579 
127 0.270808 0.0997929 
128 0.272515 0.0991332 
129 0.274306 0.101858 
130 0.272738 0.101081 
131 0.270672 0.100401 
132 0.264781 0.0991338 
133 0.270031 0.0983939 
134 0.272134 0.0976651 
135 0.273784 0.0980158 
136 0.27393 0.0973004 
137 0.271945 0.0967148 
138 0.265093 0.0971446 
139 0.263199 0.0964507 
140 0.264249 0.0957667 
141 0.267281 0.0950922 
142 0.269654 0.0967709 
143 0.273182 0.0953474 
144 0.276827 0.0946899 
145 0.273825 0.0940413 
146 0.275481 0.0934682 
147 0.273619 0.0953812 
148 0.270112 0.094741 
149 0.268786 0.0941094 
150 0.264848 0.0934862 
151 0.263105 0.0928711 
152 0.261386 0.0922641 
153 0.261778 0.0939173 
154 0.258408 0.0940394 
155 0.25767 0.0934366 
156 0.254439 0.0928415 
157 0.250604 0.0936609 
158 0.247891 0.0930719 
159 0.246472 0.0924902 
160 0.244941 0.0919157 
161 0.243429 0.0913483 
162 0.245849 0.0907879 
163 0.245763 0.090861 
164 0.244273 0.0903103 
165 0.240435 0.0897663 
166 0.238995 0.0885324 
167 0.23818 0.0910175 
168 0.241413 0.0904789 
169 0.238691 0.088531 
170 0.235242 0.0880133 
171 0.231803 0.088852 
172 0.230463 0.0883384 
173 0.231464 0.0878307 
174 0.230142 0.0873289 
175 0.226122 0.0868327 
176 0.224845 0.0863421 
177 0.223582 0.085857 
178 0.226162 0.0853774 
179 0.224128 0.0849031 
180 0.22289 0.086473 
181 0.221151 0.0858985 
182 0.217705 0.0864894 
183 0.212694 0.0860193 
184 0.209587 0.0855544 
185 0.208749 0.085775 
186 0.206474 0.0853164 
187 0.205422 0.0848625 
188 0.2023 0.0844135 
189 0.201281 0.0839693 
190 0.197423 0.0835296 
191 0.202054 0.0830491 
192 0.202641 0.08111 
193 0.202105 0.0809737 
194 0.203246 0.0805584 
195 0.209161 0.0801474 
196 0.206494 0.0797406 
197 0.205343 0.0793379 
198 0.200561 0.0789392 
199 0.202237 0.0785445 
200 0.200565 0.0804827 
201 0.20356 0.0800842 
202 0.208947 0.0796897 
203 0.21101 0.0792991 
204 0.213179 0.0802938 
205 0.217806 0.0806154 
206 0.220746 0.080226 
207 0.216739 0.0798403 
208 0.218583 0.0794583 
209 0.214834 0.0790799 
210 0.217417 0.0787051 
211 0.221243 0.0783339 
212 0.221592 0.0779661 
213 0.220108 0.0776018 
214 0.21701 0.0767175 
215 0.216005 0.0754603 
216 0.216263 0.0755283 
217 0.217532 0.0765557 
218 0.220641 0.0772139 
219 0.21957 0.0768629 
220 0.216317 0.0767609 
221 0.21805 0.0765699 
222 0.214604 0.0764027 
223 0.216822 0.0760616 
224 0.215778 0.0758068 
225 0.21666 0.0754714 
226 0.216041 0.0762322 
227 0.215094 0.0758978 
228 0.215276 0.0754106 
229 0.211283 0.0747376 
230 0.210681 0.0743976 
231 0.205848 0.074476 
232 0.20965 0.0739011 
233 0.212817 0.0731789 
234 0.212163 0.0723899 
235 0.211264 0.0714656 
236 0.208996 0.0703708 
237 0.207458 0.0700751 
238 0.206625 0.0700289 
239 0.204391 0.0697371 
240 0.203542 0.0696633 
241 0.202537 0.070435 
242 0.204798 0.0702677 
243 0.206595 0.0695615 
244 0.204996 0.0688161 
245 0.203044 0.0685363 
246 0.202038 0.0682589 
247 0.201224 0.0687739 
248 0.198956 0.0684977 
249 0.196153 0.0682237 
250 0.193667 0.0684947 
251 0.192829 0.0691876 
252 0.19242 0.0685926 
253 0.191663 0.0683226 
254 0.190911 0.0680547 
255 0.19018 0.0678507 
256 0.192879 0.0675867 
257 0.192061 0.0673248 
258 0.191319 0.0670648 
259 0.190115 0.0672364 
260 0.189387 0.0685913 
261 0.188769 0.0683295 
262 0.187861 0.0680697 
263 0.184744 0.0680127 
264 0.184047 0.0689747 
265 0.183355 0.069547 
266 0.180865 0.0696177 
267 0.177884 0.0696759 
268 0.177222 0.0694169 
269 0.17399 0.0691598 
270 0.176146 0.069117 
271 0.175498 0.0688578 
272 0.178894 0.0686055 
273 0.178241 0.0680701 
274 0.180882 0.0678226 
275 0.177749 0.067491 
276 0.175241 0.0672473 
277 0.177296 0.0673915 
278 0.176661 0.0674572 
279 0.172781 0.0672163 
280 0.174389 0.0673012 
281 0.176814 0.0670626 
282 0.178636 0.0667962 
283 0.18184 0.066561 
284 0.17801 0.0665548 
285 0.179144 0.0666029 
286 0.178519 0.0663708 
287 0.1779 0.0661404 
288 0.177284 0.0658179 
289 0.176366 0.065591 
290 0.177495 0.0653656 
291 0.176888 0.0651417 
292 0.178133 0.0649194 
293 0.177208 0.0646986 
294 0.177805 0.0644793 
295 0.175868 0.0642614 
296 0.174908 0.064428 
297 0.173654 0.0642118 
298 0.173073 0.0639971 
299 0.173405 0.0638719 
300 0.172828 0.0636597 
301 0.172256 0.0634489 
302 0.171688 0.0632395 
303 0.172135 0.0630315 
304 0.173328 0.0628248 
305 0.175283 0.0626195 
306 0.174737 0.0624155 
307 0.172097 0.0622129 
308 0.17154 0.0620115 
309 0.170986 0.0618115 
310 0.170436 0.0616127 
311 0.168635 0.0614153 
312 0.168097 0.061219 
313 0.167561 0.0610241 
314 0.16826 0.0608304 
315 0.167059 0.0606379 
316 0.16999 0.0604466 
317 0.169455 0.0602565 
318 0.168924 0.0600676 
319 0.165428 0.0598799 
320 0.164912 0.0596933 
321 0.1644 0.059508 
322 0.163891 0.0593237 
323 0.164992 0.0591406 
324 0.165734 0.0589587 
325 0.167573 0.0587778 
326 0.165103 0.058598 
327 0.1646 0.0584194 
328 0.1641 0.0582418 
329 0.165917 0.0580653 
330 0.165415 0.0578899 
331 0.166847 0.0577155 
332 0.164789 0.0575422 
333 0.165221 0.0573699 
334 0.164728 0.0571987 
335 0.164238 0.0570285 
336 0.163751 0.0568592 
337 0.16137 0.056691 
338 0.160894 0.0565238 
339 0.160421 0.0563575 
340 0.16218 0.0561923 
341 0.161706 0.056028 
342 0.160862 0.0558646 
343 0.160395 0.0557022 
344 0.15993 0.0555408 
345 0.159468 0.0553802 
346 0.15716 0.0552206 
347 0.156708 0.055062 
348 0.156259 0.0549042 
349 0.155662 0.0547473 
350 0.156518 0.0545913 
351 0.156736 0.0544363 
352 0.155213 0.054282 
353 0.154774 0.0541287 
354 0.154338 0.0539762 
355 0.153931 0.0538246 
356 0.153499 0.0536738 
357 0.153071 0.0535239 
358 0.152644 0.0533748 
359 0.15222 0.0532266 
360 0.154904 0.0530791 
361 0.154476 0.0529325 
362 0.153612 0.0527867 
363 0.15319 0.0526417 
364 0.153813 0.0524974 
365 0.153889 0.052354 
366 0.15347 0.0522113 
367 0.155749 0.0520695 
368 0.153031 0.0519284 
369 0.152618 0.051788 
370 0.151831 0.0516484 
371 0.151422 0.0515096 
372 0.151017 0.0513715 
373 0.150573 0.0512341 
374 0.150171 0.0510975 
375 0.149772 0.0509616 
376 0.149375 0.0508264 
377 0.150084 0.050692 
378 0.149688 0.0505582 
379 0.151923 0.0504252 
380 0.151524 0.0502928 
381 0.151127 0.0501612 
382 0.150609 0.0500302 
383 0.150216 0.0498999 
384 0.150687 0.0497703 
385 0.150296 0.0496414 
386 0.149908 0.0495131 
387 0.149521 0.0493855 
388 0.149166 0.0492585 
389 0.149015 0.0491322 
390 0.148633 0.0490066 
391 0.148254 0.0488815 
392 0.150059 0.0487572 
393 0.151425 0.0486334 
394 0.151008 0.0485103 
395 0.150626 0.0483878 
396 0.149377 0.0482659 
397 0.149002 0.0481446 
398 0.148628 0.048024 
399 0.149652 0.0479039 
400 0.149278 0.0477844 
401 0.148907 0.0476656 
402 0.147144 0.0475473 
403 0.148589 0.0474296 
404 0.149636 0.0473125 
405 0.149268 0.047196 
406 0.148901 0.04708 
407 0.147589 0.0469646 
408 0.148657 0.0468498 
409 0.149332 0.0467355 
410 0.148969 0.0466218 
411 0.148607 0.0465086 
412 0.147267 0.046396 
413 0.146718 0.046284 
414 0.145718 0.0461724 
415 0.145904 0.0460614 
416 0.14451 0.045951 
417 0.143948 0.0458411 
418 0.143605 0.0457317 
419 0.143263 0.0456228 
420 0.141567 0.0455144 
421 0.139823 0.0454065 
422 0.137778 0.0452992 
423 0.13922 0.0451924 
424 0.140312 0.045086 
425 0.140522 0.0449802 
426 0.138107 0.0448749 
427 0.136768 0.04477 
428 0.136215 0.0446656 
429 0.135899 0.0445618 
430 0.137963 0.0444584 
431 0.139723 0.0443555 
432 0.137666 0.044253 
433 0.13876 0.0441511 
434 0.138984 0.0440496 
435 0.138665 0.0439485 
436 0.138348 0.043848 
437 0.137783 0.0437479 
438 0.137469 0.0436482 
439 0.136605 0.043549 
440 0.135489 0.0434503 
441 0.136199 0.0433519 
442 0.13486 0.0432541 
443 0.132515 0.0431567 
444 0.132217 0.0430597 
445 0.13192 0.0429631 
446 0.132183 0.042867 
447 0.131888 0.0427713 
448 0.131595 0.0426761 
449 0.133603 0.0425812 
450 0.133307 0.0424868 
451 0.133012 0.0423928 
452 0.132718 0.0422993 
453 0.132426 0.0422061 
454 0.130128 0.0421133 
455 0.129842 0.042021 
456 0.128412 0.041929 
457 0.128132 0.0418375 
458 0.127853 0.0417463 
459 0.125315 0.0416556 
460 0.124442 0.0415652 
461 0.12403 0.0414752 
462 0.122724 0.0413857 
463 0.122073 0.0412965 
464 0.124287 0.0412077 
465 0.1258 0.0411192 
466 0.125531 0.0410312 
467 0.123897 0.0409435 
468 0.121408 0.0408562 
469 0.119503 0.0407693 
470 0.120751 0.0406827 
471 0.121709 0.0405965 
472 0.120688 0.0405107 
473 0.122867 0.0404252 
474 0.121641 0.0403401 
475 0.122561 0.0402554 
476 0.123289 0.040171 
477 0.123031 0.0400869 
478 0.121984 0.0400033 
479 0.119548 0.0399199 
480 0.12028 0.0398369 
481 0.12003 0.0397543 
482 0.120747 0.039672 
483 0.122349 0.03959 
484 0.122097 0.0395084 
485 0.123445 0.0394271 
486 0.123974 0.0393461 
487 0.124301 0.0392655 
488 0.123688 0.0391852 
489 0.124952 0.0391052 
490 0.124698 0.0390256 
491 0.124444 0.0389463 
492 0.125511 0.0388673 
493 0.124227 0.0387886 
494 0.125302 0.0387102 
495 0.126352 0.0386322 
496 0.124993 0.0385544 
497 0.125319 0.038477 
498 0.125432 0.0383999 
499 0.125181 0.0383231 
500 0.124931 0.0382466 
501 0.125713 0.0381704 
502 0.126748 0.0380946 
503 0.126497 0.038019 
504 0.125156 0.0379437 
505 0.124909 0.0378687 
506 0.123962 0.037794 
507 0.123718 0.0377196 
508 0.123359 0.0376455 
509 0.121849 0.0375717 
510 0.122642 0.0374982 
511 0.123125 0.0374249 
512 0.122884 0.037352 
513 0.122281 0.0372793 
514 0.122043 0.0372069 
515 0.12238 0.0371348 
516 0.122144 0.037063 
517 0.121573 0.0369914 
518 0.120597 0.0369202 
519 0.121415 0.0368492 
520 0.120419 0.0367784 
521 0.121608 0.036708 
522 0.121376 0.0366378 
523 0.1222 0.0365679 
524 0.123199 0.0364982 
525 0.122965 0.0364288 
526 0.12378 0.0363597 
527 0.123546 0.0362908 
528 0.12245 0.0362222 
529 0.122582 0.0361539 
530 0.122211 0.0360858 
531 0.121981 0.036018 
532 0.120713 0.0359504 
533 0.120116 0.0358831 
534 0.119128 0.035816 
535 0.119472 0.0357492 
536 0.119249 0.0356826 
537 0.119028 0.0356163 
538 0.118807 0.0355502 
539 0.118211 0.0354844 
540 0.117992 0.0354188 
541 0.118809 0.0353534 
542 0.117819 0.0352883 
543 0.116558 0.0352235 
544 0.116908 0.0351588 
545 0.117878 0.0350944 
546 0.118677 0.0350303 
547 0.118461 0.0349664 
548 0.119508 0.0349027 
549 0.119669 0.0348392 
550 0.119451 0.034776 
551 0.118401 0.034713 
552 0.118187 0.0346502 
553 0.117974 0.0345877 
554 0.116759 0.0345253 
555 0.116378 0.0344632 
556 0.115006 0.0344014 
557 0.1148 0.0343397 
558 0.115914 0.0342783 
559 0.115327 0.0342171 
560 0.113967 0.0341561 
561 0.113206 0.0340953 
562 0.113005 0.0340347 
563 0.112805 0.0339744 
564 0.113321 0.0339143 
565 0.114134 0.0338543 
566 0.113161 0.0337946 
567 0.112962 0.0337351 
568 0.11332 0.0336759 
569 0.114413 0.0336168 
570 0.1146 0.0335579 
571 0.113268 0.0334992 
572 0.114355 0.0334408 
573 0.114353 0.0333825 
574 0.114154 0.0333245 
575 0.112949 0.0332666 
576 0.111631 0.0332089 
577 0.111438 0.0331515 
578 0.111245 0.0330942 
579 0.112263 0.0330372 
580 0.111062 0.0329803 
581 0.112082 0.0329236 
582 0.11189 0.0328672 
583 0.111086 0.0328109 
584 0.110896 0.0327548 
585 0.112713 0.0326989 
586 0.111515 0.0326432 
587 0.109483 0.0325877 
588 0.108094 0.0325324 
589 0.109906 0.0324772 
590 0.107883 0.0324223 
591 0.1077 0.0323675 
592 0.107519 0.0323129 
593 0.108709 0.0322585 
594 0.108527 0.0322043 
595 0.110322 0.0321503 
596 0.11196 0.0320964 
597 0.113432 0.0320427 
598 0.113242 0.0319893 
599 0.113054 0.0319359 
600 0.113065 0.0318828 
601 0.112877 0.0318298 
602 0.11151 0.0317771 
603 0.109858 0.0317244 
604 0.109676 0.031672 
605 0.109495 0.0316197 
606 0.109315 0.0315676 
607 0.109135 0.0315157 
608 0.110297 0.031464 
609 0.108484 0.0314124 
610 0.108306 0.031361 
611 0.108129 0.0313097 
612 0.10617 0.0312587 
613 0.104833 0.0312078 
614 0.104663 0.031157 
615 0.105206 0.0311064 
616 0.105036 0.031056 
617 0.104866 0.0310058 
618 0.103374 0.0309557 
619 0.104685 0.0309057 
620 0.103946 0.030856 
621 0.103779 0.0308064 
622 0.105513 0.0307569 
623 0.105343 0.0307076 
624 0.105377 0.0306585 
625 0.105208 0.0306095 
626 0.10505 0.0305607 
627 0.104882 0.030512 
628 0.106019 0.0304635 
629 0.105851 0.0304152 
630 0.105683 0.030367 
631 0.105516 0.0303189 
632 0.105349 0.030271 
633 0.105183 0.0302233 
634 0.105017 0.0301757 
635 0.104852 0.0301282 
636 0.105818 0.0300809 
637 0.105662 0.0300338 
638 0.107213 0.0299868 
639 0.107046 0.0299399 
640 0.106879 0.0298932 
641 0.106712 0.0298467 
642 0.107499 0.0298003 
643 0.106566 0.029754 
644 0.107357 0.0297078 
645 0.105636 0.0296619 
646 0.105473 0.029616 
647 0.103614 0.0295703 
648 0.104125 0.0295247 
649 0.105089 0.0294793 
650 0.104928 0.029434 
651 0.105763 0.0293889 
652 0.105601 0.0293439 
653 0.104674 0.029299 
654 0.103647 0.0292543 
655 0.103499 0.0292097 
656 0.103341 0.0291652 
657 0.103184 0.0291209 
658 0.103027 0.0290767 
659 0.102871 0.0290327 
660 0.103656 0.0289887 
661 0.102518 0.028945 
662 0.102364 0.0289013 
663 0.10221 0.0288578 
664 0.102056 0.0288144 
665 0.101903 0.0287711 
666 0.10175 0.028728 
667 0.10084 0.028685 
668 0.100689 0.0286421 
669 0.100539 0.0285993 
670 0.100389 0.0285567 
671 0.101171 0.0285142 
672 0.10101 0.0284719 
673 0.10162 0.0284296 
674 0.10147 0.0283875 
675 0.100799 0.0283455 
676 0.100847 0.0283036 
677 0.100721 0.0282619 
678 0.101136 0.0282203 
679 0.100987 0.0281788 
680 0.100505 0.0281374 
681 0.099782 0.0280961 
682 0.101378 0.028055 
683 0.0996122 0.028014 
684 0.0994668 0.0279731 
685 0.0985562 0.0279323 
686 0.0990406 0.0278916 
687 0.0988966 0.0278511 
688 0.0987531 0.0278107 
689 0.0995359 0.0277704 
690 0.0993918 0.0277302 
691 0.0987414 0.0276901 
692 0.0985989 0.0276502 
693 0.100174 0.0276103 
694 0.10003 0.0275706 
695 0.0998863 0.027531 
696 0.101335 0.0274915 
697 0.10119 0.0274521 
698 0.101045 0.0274128 
699 0.100901 0.0273737 
700 0.1 0.0273346 
701 0.0998578 0.0272957 
702 0.0997157 0.0272568 
703 0.0981208 0.0272181 
704 0.0979816 0.0271795 
705 0.0962686 0.027141 
706 0.0970411 0.0271026 
707 0.0985903 0.0270644 
708 0.0984512 0.0270262 
709 0.0983126 0.0269881 
710 0.0981743 0.0269502 
711 0.0964731 0.0269123 
712 0.0969371 0.0268746 
713 0.0975511 0.0268369 
714 0.0974147 0.0267994 
715 0.0978576 0.026762 
716 0.0977211 0.0267246 
717 0.097585 0.0266874 
718 0.0974493 0.0266503 
719 0.0973139 0.0266133 
720 0.097179 0.0265764 
721 0.0974224 0.0265396 
722 0.0972876 0.0265029 
723 0.0971532 0.0264662 
724 0.0968837 0.0264297 
725 0.0967503 0.0263933 
726 0.0970107 0.026357 
727 0.0968774 0.0263208 
728 0.0967445 0.0262847 
729 0.096612 0.0262487 
730 0.0964798 0.0262128 
731 0.096348 0.026177 
732 0.0962166 0.0261413 
733 0.0959259 0.0261057 
734 0.0967843 0.0260702 
735 0.0966528 0.0260347 
736 0.0965217 0.0259994 
737 0.0963909 0.0259642 
738 0.0958567 0.025929 
739 0.0948484 0.025894 
740 0.0947204 0.0258591 
741 0.0945927 0.0258242 
742 0.0944654 0.0257895 
743 0.0953149 0.0257548 
744 0.0943139 0.0257202 
745 0.0951608 0.0256857 
746 0.0941625 0.0256514 
747 0.094625 0.0256171 
748 0.0944987 0.0255829 
749 0.0943727 0.0255487 
750 0.0952134 0.0255147 
751 0.0950867 0.0254808 
752 0.0949605 0.025447 
753 0.0948345 0.0254132 
754 0.0943005 0.0253796 
755 0.0941758 0.025346 
756 0.0940514 0.0253125 
757 0.0945171 0.0252791 
758 0.0939738 0.0252458 
759 0.0938502 0.0252126 
760 0.0928719 0.0251794 
761 0.0921546 0.0251464 
762 0.0915785 0.0251134 
763 0.0914586 0.0250806 
764 0.0913391 0.0250478 
765 0.0912198 0.0250151 
766 0.0911009 0.0249825 
767 0.0909823 0.0249499 
768 0.090864 0.0249175 
769 0.0923035 0.0248851 
770 0.0907287 0.0248529 
771 0.0921658 0.0248207 
772 0.0913114 0.0247886 
773 0.090329 0.0247565 
774 0.0911942 0.0247246 
775 0.0902111 0.0246927 
776 0.090095 0.024661 
777 0.0899792 0.0246293 
778 0.0908426 0.0245976 
779 0.0907262 0.0245661 
780 0.09061 0.0245346 
781 0.0904941 0.0245033 
782 0.0912396 0.024472 
783 0.0911232 0.0244408 
784 0.0895762 0.0244096 
785 0.0887256 0.0243786 
786 0.0886128 0.0243476 
787 0.0885004 0.0243167 
788 0.0883882 0.0242859 
789 0.0888093 0.0242551 
790 0.088697 0.0242245 
791 0.088585 0.0241939 
792 0.0893866 0.0241634 
793 0.0892741 0.0241329 
794 0.0891618 0.0241026 
795 0.0881996 0.0240723 
796 0.087272 0.0240421 
797 0.0871627 0.024012 
798 0.0860948 0.0239819 
799 0.086892 0.023952 
800 0.0857226 0.023922 
801 0.0856157 0.0238922 
802 0.0855091 0.0238625 
803 0.0865595 0.0238328 
804 0.086452 0.0238032 
805 0.0863447 0.0237736 
806 0.0854308 0.0237442 
807 0.0853251 0.0237148 
808 0.0852196 0.0236855 
809 0.0851144 0.0236562 
810 0.0859017 0.0236271 
811 0.0847482 0.023598 
812 0.0846439 0.023569 
813 0.0845399 0.02354 
814 0.0844362 0.0235111 
815 0.0834564 0.0234823 
816 0.0833542 0.0234536 
817 0.0832523 0.0234249 
818 0.0831507 0.0233963 
819 0.0830493 0.0233678 
820 0.0829481 0.0233393 
821 0.0828472 0.0233109 
822 0.0835601 0.0232826 
823 0.0834587 0.0232543 
824 0.0840595 0.0232261 
825 0.0833452 0.023198 
826 0.0832444 0.02317 
827 0.0831439 0.023142 
828 0.0837428 0.0231141 
829 0.0848367 0.0230862 
830 0.0847346 0.0230584 
831 0.0846328 0.0230307 
832 0.0856285 0.0230031 
833 0.0861337 0.0229755 
834 0.0860305 0.022948 
835 0.0859276 0.0229205 
836 0.0858249 0.0228931 
837 0.0852073 0.0228658 
838 0.0851057 0.0228386 
839 0.0850044 0.0228114 
840 0.0849033 0.0227843 
841 0.0848025 0.0227572 
842 0.0847019 0.0227302 
843 0.0855913 0.0227033 
844 0.0860911 0.0226764 
845 0.0859894 0.0226496 
846 0.0858878 0.0226229 
847 0.0857866 0.0225962 
848 0.0865738 0.0225696 
849 0.0859679 0.022543 
850 0.0858669 0.0225165 
851 0.0857661 0.0224901 
852 0.0864493 0.0224637 
853 0.0862301 0.0224374 
854 0.0868035 0.0224112 
855 0.0867021 0.022385 
856 0.0863799 0.0223589 
857 0.0862793 0.0223328 
858 0.0856256 0.0223068 
859 0.0855261 0.0222809 
860 0.0862475 0.022255 
861 0.0861474 0.0222292 
862 0.0855996 0.0222034 
863 0.0855005 0.0221777 
864 0.0848698 0.0221521 
865 0.0841573 0.0221265 
866 0.0840602 0.022101 
867 0.0837958 0.0220755 
868 0.0836994 0.0220501 
869 0.0833423 0.0220248 
870 0.0825806 0.0219995 
871 0.0832584 0.0219743 
872 0.0838311 0.0219491 
873 0.0847133 0.021924 
874 0.0846165 0.0218989 
875 0.0845199 0.0218739 
876 0.0838444 0.021849 
877 0.083749 0.0218241 
878 0.0831029 0.0217993 
879 0.0827472 0.0217745 
880 0.0826532 0.0217498 
881 0.0825595 0.0217251 
882 0.0821219 0.0217005 
883 0.0816066 0.021676 
884 0.0821772 0.0216515 
885 0.0820845 0.021627 
886 0.0814956 0.0216027 
887 0.0814038 0.0215783 
888 0.0807434 0.0215541 
889 0.0806527 0.0215298 
890 0.0805622 0.0215057 
891 0.0804718 0.0214816 
892 0.0798621 0.0214575 
893 0.0796038 0.0214335 
894 0.0810855 0.0214096 
895 0.080995 0.0213857 
896 0.0809047 0.0213618 
897 0.0798863 0.021338 
898 0.0797974 0.0213143 
899 0.0812475 0.0212906 
900 0.0811573 0.021267 
901 0.0816089 0.0212434 
902 0.0815186 0.0212199 
903 0.0814284 0.0211964 
904 0.0813384 0.021173 
905 0.0816661 0.0211496 
906 0.081576 0.0211263 
907 0.0817614 0.021103 
908 0.0816714 0.0210798 
909 0.0806169 0.0210567 
910 0.0804246 0.0210335 
911 0.0799002 0.0210105 
912 0.0805784 0.0209875 
913 0.0815751 0.0209645 
914 0.0817706 0.0209416 
915 0.0816814 0.0209187 
916 0.082581 0.0212014 
917 0.08261 0.0211783 
918 0.0825201 0.0211553 
919 0.082067 0.0211323 
920 0.0819587 0.0211093 
921 0.081436 0.0211955 
922 0.0813478 0.0211726 
923 0.080758 0.0220429 
924 0.0816977 0.0220191 
925 0.081454 0.0219953 
926 0.0813661 0.0219716 
927 0.0822116 0.0219479 
928 0.0816474 0.0219243 
929 0.0815596 0.0219007 
930 0.081791 0.0218772 
931 0.0809815 0.0217152 
932 0.0802722 0.0213858 
933 0.0803536 0.0213629 
934 0.0802677 0.0213401 
935 0.0801819 0.0213173 
936 0.0799959 0.0213136 
937 0.0799106 0.0212909 
938 0.0798255 0.0212682 
939 0.0793097 0.0212456 
940 0.0787807 0.021223 
941 0.0783602 0.0212005 
942 0.0777631 0.021178 
943 0.0786434 0.0211555 
944 0.0784396 0.0211332 
945 0.0792283 0.0211108 
946 0.0799229 0.0210885 
947 0.0796895 0.0210663 
948 0.0791641 0.0210441 
949 0.0789055 0.0210219 
950 0.0788225 0.0209998 
951 0.078286 0.0209778 
952 0.0777621 0.0209557 
953 0.0774649 0.0209338 
954 0.0773838 0.0209119 
955 0.0773029 0.0213559 
956 0.0777714 0.0213335 
957 0.0774021 0.0216519 
958 0.0768773 0.0218203 
959 0.0767972 0.0217976 
960 0.0761664 0.0217749 
961 0.0756262 0.0217523 
962 0.0755477 0.0217297 
963 0.0761136 0.0217071 
964 0.0758397 0.0216847 
965 0.0766179 0.0216622 
966 0.0765387 0.0216398 
967 0.0764596 0.0216175 
968 0.076576 0.0215951 
969 0.0763924 0.0215729 
970 0.0765076 0.0215507 
971 0.0764289 0.0215285 
972 0.0758736 0.0215064 
973 0.0755309 0.0214843 
974 0.0753458 0.0214622 
975 0.075459 0.0214403 
976 0.075271 0.0214183 
977 0.075194 0.0213964 
978 0.0751172 0.0213746 
979 0.0756376 0.0213527 
980 0.0755605 0.021331 
981 0.0749811 0.0213093 
982 0.0743066 0.0212876 
983 0.0742311 0.0212659 
984 0.0736427 0.0212444 
985 0.0734378 0.0209693 
986 0.0733634 0.020566 
987 0.0739863 0.0205452 
988 0.0732975 0.0205244 
989 0.0737206 0.0205037 
990 0.0730746 0.020483 
991 0.0734797 0.0204623 
992 0.073617 0.0204417 
993 0.073656 0.0208715 
994 0.0733008 0.0208505 
995 0.0730101 0.0208296 
996 0.0726523 0.0208087 
997 0.0729428 0.0207878 
998 0.0731031 0.020767 
999 0.0733816 0.0205186 
1000 0.0729828 0.0204981 
1100 0.074134 0.0222348 
1200 0.0712912 0.0219149 
1300 0.0682608 0.0202304 
1400 0.064406 0.0187864 
1500 0.0602145 0.0178918 
1600 0.0564915 0.0167743 
1700 0.0549453 0.0157477 
1800 0.0518278 0.0151141 
1900 0.048847 0.0143191 
2000 0.0504716 0.0136035 
2100 0.0490438 0.012956 
2200 0.0480161 0.0118896 
2300 0.0493629 0.0110892 
2400 0.0482689 0.0115014 
2500 0.0473543 0.0112342 
2600 0.0456135 0.0108023 
2700 0.0459135 0.0104023 
2800 0.0434921 0.0100309 
2900 0.0421339 0.00968516 
3000 0.041025 0.00936243 
3100 0.0423333 0.00906051 
3200 0.0425466 0.00877746 
3300 0.0415253 0.00851156 
3400 0.037774 0.00826129 
3500 0.0353261 0.00802532 
3600 0.036008 0.00780246 
3700 0.0359269 0.00759164 
3800 0.0364608 0.00739191 
3900 0.0361825 0.00720242 
4000 0.0363756 0.00702241 
4100 0.0365134 0.00685117 
4200 0.0353461 0.00668809 
4300 0.0362545 0.00653259 
4400 0.0367402 0.00638415 
4500 0.0366686 0.00624231 
4600 0.0368488 0.00610664 
4700 0.0380219 0.00597674 
4800 0.0370129 0.00585225 
4900 0.0360627 0.00573284 
5000 0.0364388 0.00561821 
5100 0.0358291 0.00550807 
5200 0.03634 0.00540216 
5300 0.0361808 0.00530026 
5400 0.0358106 0.00520212 
5500 0.0353534 0.00510755 
5600 0.0350499 0.00501636 
5700 0.0341505 0.00492837 
5800 0.0331182 0.00484342 
5900 0.0332626 0.00476134 
6000 0.0332385 0.004682 
6100 0.0329934 0.00460525 
6200 0.0323272 0.00453099 
6300 0.0316148 0.00445908 
6400 0.0298217 0.00438942 
6500 0.0292738 0.0043219 
6600 0.0286884 0.00425642 
6700 0.0291638 0.0041929 
6800 0.0289026 0.00413125 
6900 0.0291228 0.00407139 
7000 0.0288978 0.00401323 
7100 0.028302 0.00395672 
7200 0.028021 0.00390177 
7300 0.0278575 0.00384833 
7400 0.0269793 0.00379633 
7500 0.0260472 0.00374572 
7600 0.0254871 0.00369644 
7700 0.0252308 0.00364844 
7800 0.0239975 0.00360167 
7900 0.0240465 0.00355609 
8000 0.0241115 0.00351164 
8100 0.0237603 0.00346829 
8200 0.0238654 0.003426 
8300 0.0228886 0.00338473 
8400 0.0235349 0.00334444 
8500 0.0234408 0.0033051 
8600 0.0237506 0.00326667 
8700 0.0221387 0.00322913 
8800 0.0220032 0.00319244 
8900 0.0218996 0.00315657 
9000 0.0219378 0.0031215 
9100 0.0219826 0.0030872 
9200 0.0219218 0.00305365 
9300 0.0217329 0.00302082 
9400 0.0216866 0.00298869 
9500 0.0216704 0.00295723 
9600 0.0225901 0.00292643 
9700 0.0217072 0.00289626 
9800 0.0216175 0.00286671 
9900 0.0218598 0.00283776 
10000 0.0209165 0.00280938 
10100 0.0214637 0.00278157 
10200 0.0202022 0.0027543 
10300 0.0198761 0.00272757 
10400 0.0196825 0.00270134 
10500 0.0194698 0.00267562 
10600 0.0192751 0.00265038 
10700 0.0197587 0.00262561 
10800 0.0200846 0.0026013 
10900 0.0202919 0.00257744 
11000 0.0204517 0.00255401 
11100 0.0195608 0.002531 
11200 0.0190001 0.00250841 
11300 0.0182612 0.00248621 
11400 0.018777 0.0024644 
11500 0.0191601 0.00244297 
11600 0.0186506 0.00242192 
11700 0.018436 0.00240122 
11800 0.0194104 0.00238087 
11900 0.0203645 0.00236086 
12000 0.0208816 0.00234119 
12100 0.0208487 0.00232185 
12200 0.0207002 0.00230282 
12300 0.0209578 0.00228409 
12400 0.0209801 0.00226568 
12500 0.0202324 0.00224755 
12600 0.0210261 0.00222972 
12700 0.0202634 0.00221216 
12800 0.0196471 0.00219488 
12900 0.0190224 0.00217787 
13000 0.0188313 0.00216111 
13100 0.0186783 0.00214462 
13200 0.0183876 0.00212837 
13300 0.0190325 0.00211237 
13400 0.0192925 0.00209661 
13500 0.0195423 0.00208108 
13600 0.0193048 0.00206578 
13700 0.0189079 0.0020507 
13800 0.0194268 0.00203584 
13900 0.0191503 0.0020212 
14000 0.0190327 0.00200676 
14100 0.0181884 0.00199253 
14200 0.0184629 0.0019785 
14300 0.0183801 0.00196466 
14400 0.0185505 0.00195102 
14500 0.0183031 0.00193757 
14600 0.0181941 0.0019243 
14700 0.0178932 0.00191121 
14800 0.0176962 0.00189829 
14900 0.0172363 0.00188555 
15000 0.0180991 0.00187299 
15100 0.0183175 0.00186058 
15200 0.0181213 0.00184834 
15300 0.017614 0.00183626 
15400 0.0179668 0.00182434 
15500 0.0182293 0.00181257 
15600 0.0186859 0.00180095 
15700 0.018901 0.00178948 
15800 0.0189859 0.00177816 
15900 0.0191983 0.00176697 
16000 0.0188097 0.00175593 
16100 0.0184287 0.00174503 
16200 0.0181567 0.00173425 
16300 0.0182262 0.00172362 
16400 0.0179247 0.00171311 
16500 0.0178338 0.00170272 
16600 0.0176423 0.00169247 
16700 0.0181279 0.00168233 
16800 0.0181305 0.00167232 
16900 0.017559 0.00166243 
17000 0.0172121 0.00165265 
17100 0.0174521 0.00164298 
17200 0.0175432 0.00163343 
17300 0.0176464 0.00162399 
17400 0.0170414 0.00161466 
17500 0.0174286 0.00160543 
17600 0.0168942 0.00159631 
17700 0.0161425 0.00158729 
17800 0.0152467 0.00157837 
17900 0.0150705 0.00156956 
18000 0.0153057 0.00156084 
18100 0.015528 0.00155222 
18200 0.015917 0.00154369 
18300 0.0156238 0.00153525 
18400 0.0157956 0.00152691 
18500 0.0153615 0.00151847 
18600 0.0149655 0.00149216 
18700 0.0145397 0.0015174 
18800 0.014615 0.00150932 
18900 0.0136673 0.00149833 
19000 0.0139283 0.00152617 
19100 0.0146476 0.00151818 
19200 0.014933 0.00151027 
19300 0.015052 0.00150245 
19400 0.0148466 0.0014947 
19500 0.0145668 0.00148704 
19600 0.0144267 0.00147945 
19700 0.0140051 0.00147194 
19800 0.0140906 0.00146451 
19900 0.014172 0.00145715 
20000 0.0137296 0.00144987 
20100 0.0144137 0.00144265 
20200 0.0141895 0.00143551 
20300 0.0142279 0.00142844 
20400 0.0145182 0.00142144 
20500 0.0145698 0.00136987 
20600 0.0143216 0.00129368 
20700 0.0151318 0.00129947 
20800 0.0148321 0.00132101 
20900 0.0151429 0.00135093 
21000 0.0155481 0.0013357 
21100 0.0159107 0.00144743 
21200 0.0160713 0.0015064 
21300 0.0160455 0.00150021 
21400 0.0155392 0.0014932 
21500 0.0156788 0.00148626 
21600 0.0161003 0.00147937 
21700 0.0160178 0.00147256 
21800 0.0158273 0.0014658 
21900 0.0155718 0.00145911 
22000 0.0153135 0.00145248 
22100 0.0152455 0.00144591 
22200 0.0152201 0.00143939 
22300 0.0149751 0.00143294 
22400 0.0148563 0.00142654 
22500 0.0152829 0.0014202 
22600 0.014779 0.00141392 
22700 0.0150504 0.00140769 
22800 0.0148528 0.00140152 
22900 0.0145539 0.0013954 
23000 0.0146526 0.00138933 
23100 0.0145913 0.00138332 
23200 0.0146033 0.00137735 
23300 0.0145898 0.00137144 
23400 0.0143448 0.00136558 
23500 0.0143406 0.00135977 
23600 0.0146275 0.00135401 
23700 0.0147686 0.0013483 
23800 0.0145279 0.00134263 
23900 0.0147064 0.00133701 
24000 0.0149927 0.00133144 
24100 0.0146832 0.00132592 
24200 0.0149469 0.00132044 
24300 0.0152265 0.00131501 
24400 0.0153431 0.00130962 
24500 0.0151543 0.00130427 
24600 0.0150998 0.00129897 
24700 0.0149618 0.00129371 
24800 0.0148301 0.0012885 
24900 0.0149593 0.00128332 
25000 0.0148654 0.00127819 
25100 0.0150134 0.0012731 
25200 0.0150621 0.00126804 
25300 0.0148175 0.00126303 
25400 0.0152241 0.00125806 
25500 0.0152909 0.00125313 
25600 0.0155325 0.00124823 
25700 0.01523 0.00124337 
25800 0.0151055 0.00123856 
25900 0.0148477 0.00123377 
26000 0.0146562 0.00122903 
26100 0.014702 0.00122432 
26200 0.0147766 0.00121965 
26300 0.0148998 0.00121501 
26400 0.0148854 0.00121041 
26500 0.0149688 0.00120584 
26600 0.0145621 0.00120131 
26700 0.0142754 0.00119681 
26800 0.01419 0.00119234 
26900 0.0142261 0.00118791 
27000 0.0139861 0.00118351 
27100 0.0139734 0.00117914 
27200 0.0139881 0.00117481 
27300 0.014085 0.00117051 
27400 0.0141545 0.00116623 
27500 0.0140107 0.00116199 
27600 0.0138428 0.00115778 
27700 0.0141914 0.0011536 
27800 0.0139829 0.00114945 
27900 0.0137945 0.00114533 
28000 0.0139741 0.00114124 
28100 0.0138722 0.00113718 
28200 0.0138829 0.00113315 
28300 0.0138188 0.00112915 
28400 0.0135619 0.00112517 
28500 0.0134023 0.00112122 
28600 0.0132776 0.0011173 
28700 0.0132673 0.00111341 
28800 0.0134194 0.00110954 
28900 0.0133329 0.0011057 
29000 0.0133393 0.00110189 
29100 0.0132754 0.00109811 
29200 0.013248 0.00109435 
29300 0.0133437 0.00109061 
29400 0.013261 0.0010869 
29500 0.0133676 0.00108322 
29600 0.0137109 0.00107956 
29700 0.0137433 0.00107592 
29800 0.0140229 0.00107231 
29900 0.0138312 0.00106873 
30000 0.0137658 0.00106516 
30100 0.0136166 0.00106162 
30200 0.0135891 0.00105811 
30300 0.013492 0.00105462 
30400 0.0136449 0.00105115 
30500 0.0134937 0.0010477 
30600 0.0137899 0.00104428 
30700 0.0139176 0.00104088 
30800 0.0139793 0.0010375 
30900 0.0137574 0.00103414 
31000 0.0138998 0.0010308 
31100 0.0138614 0.00102749 
31200 0.0137689 0.0010242 
31300 0.0137191 0.00102092 
31400 0.0135017 0.00101767 
31500 0.0132767 0.00101444 
31600 0.0133837 0.00101123 
31700 0.0134743 0.00100804 
31800 0.0132998 0.00100487 
31900 0.0131862 0.00100172 
32000 0.0132015 0.000998593 
32100 0.0130303 0.000995482 
32200 0.013031 0.000992391 
32300 0.0129888 0.000989318 
32400 0.012918 0.000986265 
32500 0.012745 0.00098323 
32600 0.0128476 0.000980214 
32700 0.012862 0.000977217 
32800 0.0126089 0.000974238 
32900 0.0122716 0.000971277 
33000 0.0120974 0.000968333 
33100 0.0119023 0.000965408 
33200 0.0118822 0.0009625 
33300 0.0119162 0.00095961 
33400 0.0118821 0.000956737 
33500 0.0117762 0.000953881 
33600 0.0119672 0.000951042 
33700 0.011879 0.00094822 
33800 0.0121009 0.000945415 
33900 0.0123257 0.000942626 
34000 0.0122872 0.000939854 
34100 0.0123331 0.000937098 
34200 0.0123909 0.000934358 
34300 0.0122823 0.000931634 
34400 0.0121595 0.000928926 
34500 0.0121764 0.000926233 
34600 0.0121318 0.000923556 
34700 0.0119142 0.000920895 
34800 0.0118028 0.000918249 
34900 0.0116592 0.000915618 
35000 0.011831 0.000913002 
35100 0.0117127 0.000910401 
35200 0.0116657 0.000907814 
35300 0.0117971 0.000905243 
35400 0.0116195 0.000902686 
35500 0.0116336 0.000900143 
35600 0.0114818 0.000897614 
35700 0.011393 0.0008951 
35800 0.0114221 0.0008926 
35900 0.0115602 0.000890114 
36000 0.011603 0.000887641 
36100 0.0115574 0.000885182 
36200 0.0115748 0.000882737 
36300 0.011366 0.000880306 
36400 0.0115017 0.000877887 
36500 0.0113938 0.000875482 
36600 0.0112811 0.00087309 
36700 0.0115238 0.000870711 
36800 0.0117326 0.000925504 
36900 0.0115579 0.0009429 
37000 0.0115995 0.00101182 
37100 0.0118158 0.00103267 
37200 0.011544 0.000988347 
37300 0.011434 0.00108032 
37400 0.0112591 0.0011232 
37500 0.011382 0.0011202 
37600 0.011247 0.00111722 
37700 0.0112422 0.00111426 
37800 0.0112048 0.00111131 
37900 0.0111601 0.00110838 
38000 0.0110815 0.00110546 
38100 0.0111566 0.00110256 
38200 0.0112823 0.00109967 
38300 0.0113303 0.0010968 
38400 0.0111347 0.00109395 
38500 0.0110809 0.00109111 
38600 0.0110325 0.00108828 
38700 0.0110298 0.00108547 
38800 0.0107843 0.00108267 
38900 0.0108932 0.00107989 
39000 0.0109681 0.00107712 
39100 0.0109161 0.00107436 
39200 0.0107642 0.00107162 
39300 0.010638 0.0010689 
39400 0.0104779 0.00106618 
39500 0.0103817 0.00106348 
39600 0.0104646 0.0010608 
39700 0.0103651 0.00105813 
39800 0.0103955 0.00105547 
39900 0.0103743 0.00105282 
40000 0.0104999 0.00105019 
40100 0.0104295 0.00104757 
40200 0.010592 0.00104497 
40300 0.0103616 0.00104237 
40400 0.0101497 0.00103979 
40500 0.0102309 0.00104778 
40600 0.0102487 0.00105181 
40700 0.0103072 0.00104922 
40800 0.0101625 0.00104665 
40900 0.0103188 0.00106348 
41000 0.0103933 0.00108737 
41100 0.0102743 0.00113963 
41200 0.0101924 0.00113686 
41300 0.01006 0.00113411 
41400 0.00978298 0.00113137 
41500 0.00963223 0.00109582 
41600 0.00962722 0.00118923 
41700 0.00952716 0.00119988 
41800 0.00950038 0.00119701 
41900 0.00953811 0.00119415 
42000 0.00937305 0.00119131 
42100 0.0094251 0.00118848 
42200 0.00947923 0.00118566 
42300 0.00936494 0.00118286 
42400 0.00950618 0.00118007 
42500 0.00973832 0.00117729 
42600 0.00955637 0.00117453 
42700 0.0095074 0.00117178 
42800 0.00952952 0.00116904 
42900 0.00961262 0.00116632 
43000 0.00969632 0.0011636 
43100 0.00963391 0.0011609 
43200 0.00934179 0.00115822 
43300 0.00911316 0.00115554 
43400 0.00906053 0.00115288 
43500 0.00906426 0.00115023 
43600 0.00905461 0.00114759 
43700 0.00894703 0.00114497 
43800 0.00896067 0.00114235 
43900 0.00888673 0.00113975 
44000 0.008952 0.00113716 
44100 0.00909479 0.00113458 
44200 0.00912982 0.00113201 
44300 0.00892079 0.00112946 
44400 0.00881647 0.00112692 
44500 0.00897635 0.00112438 
44600 0.00885148 0.00112186 
44700 0.00890879 0.00111935 
44800 0.00876836 0.00111685 
44900 0.00890051 0.00111437 
45000 0.0090035 0.00111189 
45100 0.00892401 0.00110942 
45200 0.00876759 0.00110697 
45300 0.00875335 0.00110683 
45400 0.00879312 0.00106514 
45500 0.00877454 0.00109224 
45600 0.00909075 0.001158 
45700 0.00952534 0.00115547 
45800 0.00991936 0.00115294 
45900 0.0102694 0.00115043 
46000 0.0104794 0.00114793 
46100 0.0106503 0.00114544 
46200 0.0104618 0.00114296 
46300 0.010614 0.0011371 
46400 0.0106609 0.00118112 
46500 0.0106511 0.00117858 
46600 0.0106311 0.00117605 
46700 0.0106227 0.00117353 
46800 0.0106 0.00117103 
46900 0.010568 0.00116853 
47000 0.0105476 0.00116604 
47100 0.0105327 0.00116357 
47200 0.0105031 0.0011611 
47300 0.0104235 0.00115865 
47400 0.0104025 0.0011562 
47500 0.0103885 0.00115377 
47600 0.0103516 0.00115135 
47700 0.0103223 0.00114893 
47800 0.010325 0.00114653 
47900 0.0103068 0.00114414 
48000 0.0103063 0.00114175 
48100 0.0103385 0.00113938 
48200 0.0102793 0.00113701 
48300 0.0102521 0.00113466 
48400 0.0101695 0.00113232 
48500 0.0101058 0.00112998 
48600 0.0101411 0.00112766 
48700 0.0100828 0.00112534 
48800 0.0100098 0.00112304 
48900 0.00988725 0.00112074 
49000 0.00998009 0.00111845 
49100 0.00998695 0.00111617 
49200 0.0100246 0.0011139 
49300 0.0100147 0.00111165 
49400 0.00991088 0.0011094 
49500 0.00994911 0.00110715 
49600 0.0099514 0.00110492 
49700 0.0098757 0.0011027 
49800 0.00988667 0.00110048 
49900 0.00984759 0.00109828 
50000 0.00976741 0.00109608 
50100 0.00977633 0.0010939 
50200 0.00977711 0.00109172 
50300 0.00963299 0.00108955 
50400 0.00951121 0.00108738 
50500 0.00950667 0.00108523 
50600 0.00938694 0.00108309 
50700 0.00936748 0.00108095 
50800 0.00940492 0.00107882 
50900 0.00937306 0.0010767 
51000 0.00949975 0.00107459 
51100 0.00953748 0.00107249 
51200 0.00950674 0.00107039 
51300 0.00959763 0.00106831 
51400 0.00949235 0.00106623 
51500 0.00958043 0.00106416 
51600 0.00964473 0.0010621 
51700 0.00964399 0.00106004 
51800 0.00966526 0.001058 
51900 0.0096668 0.00105596 
52000 0.0096887 0.00105393 
52100 0.00964247 0.0010519 
52200 0.0096614 0.00104989 
52300 0.00964391 0.00104788 
52400 0.00968259 0.00104588 
52500 0.00968188 0.00104389 
52600 0.00957636 0.00101776 
52700 0.00959116 0.00104705 
52800 0.00969854 0.00107943 
52900 0.00984972 0.00107739 
53000 0.00990094 0.00108144 
53100 0.00982226 0.00108446 
53200 0.00980951 0.00106476 
53300 0.00974941 0.00109585 
53400 0.00973606 0.00110749 
53500 0.00950329 0.00109349 
53600 0.00942534 0.00119725 
53700 0.00948829 0.00119623 
53800 0.00937536 0.001194 
53900 0.00948153 0.00119179 
54000 0.00950781 0.00118958 
54100 0.00971745 0.00118738 
54200 0.00978726 0.00118519 
54300 0.00986575 0.00118301 
54400 0.00984771 0.00118083 
54500 0.00987059 0.00117867 
54600 0.00986205 0.00117651 
54700 0.00979602 0.00117436 
54800 0.00978493 0.00117222 
54900 0.00971091 0.00117008 
55000 0.00963402 0.00116795 
55100 0.00976576 0.00116583 
55200 0.0096885 0.00116372 
55300 0.00966155 0.00116162 
55400 0.00939729 0.00115952 
55500 0.0094804 0.00115743 
55600 0.00929893 0.00115535 
55700 0.00925905 0.00115328 
55800 0.0093726 0.00115121 
55900 0.00932847 0.00114915 
56000 0.00923423 0.0011471 
56100 0.00923867 0.00114505 
56200 0.00940477 0.00114301 
56300 0.00931776 0.00114098 
56400 0.00930835 0.00113896 
56500 0.00932905 0.00113695 
56600 0.00930135 0.00113494 
56700 0.00930549 0.00113294 
56800 0.00927892 0.00113094 
56900 0.00918825 0.00112895 
57000 0.00917236 0.00112697 
57100 0.00913657 0.001125 
57200 0.00901869 0.00112303 
57300 0.00900182 0.00112107 
57400 0.00904764 0.00111912 
57500 0.0089718 0.00111717 
57600 0.00880876 0.00111523 
57700 0.00870969 0.0011133 
57800 0.0086492 0.00111137 
57900 0.0086652 0.00110946 
58000 0.00868969 0.00110754 
58100 0.00876625 0.00110564 
58200 0.00874034 0.00110374 
58300 0.00869663 0.00110184 
58400 0.00877744 0.00109996 
58500 0.00876954 0.00109808 
58600 0.00875773 0.0010962 
58700 0.00869209 0.00109434 
58800 0.0085446 0.00109247 
58900 0.0088038 0.00109062 
59000 0.00886753 0.00108877 
59100 0.00896454 0.00108693 
59200 0.00878024 0.00108509 
59300 0.00867418 0.00108326 
59400 0.00874226 0.00108144 
59500 0.00859047 0.00107962 
59600 0.00854551 0.00107781 
59700 0.00861945 0.001076 
59800 0.00859168 0.00107421 
59900 0.00855718 0.00107241 
60000 0.00860137 0.00107063 
60100 0.00871963 0.00106884 
60200 0.00871262 0.00106707 
60300 0.00880334 0.0010653 
60400 0.00880707 0.00106353 
60500 0.00863204 0.00106178 
60600 0.00867367 0.00106002 
60700 0.00869938 0.00105828 
60800 0.00863447 0.00105654 
60900 0.00851038 0.0010548 
61000 0.00846924 0.00105307 
61100 0.00838262 0.00105135 
61200 0.00832955 0.00104963 
61300 0.00815924 0.00104792 
61400 0.00815085 0.00104621 
61500 0.00822348 0.00104451 
61600 0.00815514 0.00104282 
61700 0.00827176 0.00104113 
61800 0.00818299 0.00103944 
61900 0.00820378 0.00103776 
62000 0.00808419 0.00103609 
62100 0.00808296 0.00103442 
62200 0.00802319 0.00103276 
62300 0.00806394 0.0010311 
62400 0.00817782 0.00102945 
62500 0.00814924 0.0010278 
62600 0.00816366 0.00102616 
62700 0.0081839 0.00102452 
62800 0.00835754 0.00102289 
62900 0.00823992 0.00102126 
63000 0.00835633 0.00101964 
63100 0.00832734 0.00101803 
63200 0.00836497 0.00101642 
63300 0.00848444 0.00101481 
63400 0.00845724 0.00101321 
63500 0.00854173 0.00101162 
63600 0.00871545 0.00101002 
63700 0.00871068 0.00100844 
63800 0.00875834 0.00100686 
63900 0.00875674 0.00100528 
64000 0.00873732 0.00100371 
64100 0.00855455 0.00100215 
64200 0.00851155 0.00100059 
64300 0.00842578 0.000999029 
64400 0.00846087 0.000997478 
64500 0.00843722 0.000995931 
64600 0.00835109 0.00099439 
64700 0.008302 0.000992853 
64800 0.0083423 0.000991321 
64900 0.00828382 0.000989793 
65000 0.00833353 0.000988271 
65100 0.00839507 0.000986752 
65200 0.00839586 0.000985239 
65300 0.00841567 0.00098373 
65400 0.00838901 0.000982226 
65500 0.00853598 0.000980727 
65600 0.00826267 0.000979232 
65700 0.0082704 0.000977741 
65800 0.00827859 0.000976255 
65900 0.0082415 0.000974774 
66000 0.00813595 0.000973297 
66100 0.00810028 0.000971825 
66200 0.00802073 0.000970357 
66300 0.00795985 0.000968893 
66400 0.00810742 0.000967434 
66500 0.00798936 0.000965979 
66600 0.00796781 0.000964529 
66700 0.00800989 0.000963083 
66800 0.0079645 0.000961641 
66900 0.00793465 0.000960203 
67000 0.00789585 0.00095877 
67100 0.00800558 0.000957342 
67200 0.00797386 0.000955917 
67300 0.00786188 0.000954497 
67400 0.00779341 0.00095308 
67500 0.00776762 0.000951668 
67600 0.0076145 0.000950261 
67700 0.00761596 0.000948857 
67800 0.00765066 0.000947458 
67900 0.00770064 0.000946062 
68000 0.0077082 0.000944671 
68100 0.00772248 0.000943284 
68200 0.00766001 0.000941901 
68300 0.00769379 0.000940522 
68400 0.00767028 0.000939147 
68500 0.00774778 0.000937776 
68600 0.00772421 0.000936409 
68700 0.00776528 0.000935046 
68800 0.00778524 0.000933687 
68900 0.00768622 0.000932332 
69000 0.0077637 0.00093098 
69100 0.00778456 0.000929633 
69200 0.00778798 0.00092829 
69300 0.0078076 0.00092695 
69400 0.007896 0.000925615 
69500 0.00797006 0.000924283 
69600 0.00808677 0.000922955 
69700 0.00812404 0.000921631 
69800 0.00824141 0.00092031 
69900 0.00814158 0.000918994 
70000 0.00804534 0.000917681 
70100 0.00802 0.000916372 
70200 0.00798994 0.000915066 
70300 0.00779028 0.000913765 
70400 0.00781759 0.000912467 
70500 0.00775978 0.000911173 
70600 0.00768521 0.000909882 
70700 0.00775733 0.000908595 
70800 0.00763589 0.000907312 
70900 0.00758882 0.000906032 
71000 0.00760677 0.000904756 
71100 0.00770806 0.000903483 
71200 0.00772128 0.000902214 
71300 0.00770912 0.000900949 
71400 0.00780104 0.000899687 
71500 0.00783499 0.000898429 
71600 0.00783246 0.000897174 
71700 0.00780207 0.000895923 
71800 0.00787574 0.000894675 
71900 0.00800165 0.000893431 
72000 0.00804208 0.00089219 
72100 0.00797865 0.000890953 
72200 0.00793157 0.000889719 
72300 0.00772232 0.000888488 
72400 0.00773726 0.000887261 
72500 0.0077196 0.000886037 
72600 0.00770275 0.000884817 
72700 0.00762813 0.0008836 
72800 0.00749557 0.000882386 
72900 0.00757986 0.000881175 
73000 0.00753795 0.000879968 
73100 0.00744044 0.000878765 
73200 0.00740196 0.000877564 
73300 0.00741388 0.000876367 
73400 0.00750594 0.000875173 
73500 0.00748266 0.000873982 
73600 0.00734463 0.000872795 
73700 0.00736196 0.000871611 
73800 0.00733886 0.00087043 
73900 0.00724223 0.000869252 
74000 0.00720014 0.000868077 
74100 0.007124 0.000866906 
74200 0.00712664 0.000865737 
74300 0.0073004 0.000864572 
74400 0.00746296 0.00086341 
74500 0.00751507 0.000862251 
74600 0.00750894 0.000861095 
74700 0.00752519 0.000859943 
74800 0.00752167 0.000858793 
74900 0.00753213 0.000857646 
75000 0.00757548 0.000856503 
75100 0.00767439 0.000855362 
75200 0.00766667 0.000854225 
75300 0.00780769 0.000853091 
75400 0.00774989 0.000851959 
75500 0.00769924 0.000850831 
75600 0.00763622 0.000849705 
75700 0.00757502 0.000848583 
75800 0.00760863 0.000847463 
75900 0.00762349 0.000846347 
76000 0.00769166 0.000845233 
76100 0.00770663 0.000844123 
76200 0.00771156 0.000843015 
76300 0.00772288 0.00084191 
76400 0.00773383 0.000840808 
76500 0.00761779 0.000839709 
76600 0.0076271 0.000838613 
76700 0.00759889 0.000837519 
76800 0.00763805 0.000836429 
76900 0.00760336 0.000835341 
77000 0.00756757 0.000834256 
77100 0.00759023 0.000833174 
77200 0.0074933 0.000832095 
77300 0.00754935 0.000831019 
77400 0.00747389 0.000829945 
77500 0.00749502 0.000828874 
77600 0.00745872 0.000827806 
77700 0.00741362 0.000826741 
77800 0.00743687 0.000825678 
77900 0.00747414 0.000824618 
78000 0.00750925 0.000823561 
78100 0.0074482 0.000822506 
78200 0.00748667 0.000821455 
78300 0.00751527 0.000820406 
78400 0.00743962 0.000819359 
78500 0.00735887 0.000818315 
78600 0.00734232 0.000817274 
78700 0.00727377 0.000816236 
78800 0.00728184 0.0008152 
78900 0.00721217 0.000814167 
79000 0.00721885 0.000813136 
79100 0.00725814 0.000812108 
79200 0.00735754 0.000811083 
79300 0.00731818 0.00081006 
79400 0.00730586 0.00080904 
79500 0.00735206 0.000808022 
79600 0.00727881 0.000807007 
79700 0.00732138 0.000805995 
79800 0.00733284 0.000804985 
79900 0.00707443 0.000803977 
80000 0.00706998 0.000802972 
80100 0.00695573 0.00080197 
80200 0.00698164 0.00080097 
80300 0.00703612 0.000799972 
80400 0.00707281 0.000798977 
80500 0.00709429 0.000797985 
80600 0.00705469 0.000796995 
80700 0.00714486 0.000796007 
80800 0.00726913 0.000795022 
80900 0.00729118 0.000794039 
81000 0.00722793 0.000793059 
81100 0.00724985 0.000792081 
81200 0.00726036 0.000791106 
81300 0.00722568 0.000790133 
81400 0.00729796 0.000789162 
81500 0.00735557 0.000788194 
81600 0.00733066 0.000787228 
81700 0.0073926 0.000786264 
81800 0.00739066 0.000785303 
81900 0.00729178 0.000784344 
82000 0.00735011 0.000783388 
82100 0.00724958 0.000782434 
82200 0.00720222 0.000781482 
82300 0.00732629 0.000780532 
82400 0.00723591 0.000779585 
82500 0.00738522 0.00077864 
82600 0.00737821 0.000777697 
82700 0.00734625 0.000776757 
82800 0.00739854 0.000775819 
82900 0.00746341 0.000774883 
83000 0.00749201 0.000773949 
83100 0.00737355 0.000773018 
83200 0.00741771 0.000772089 
83300 0.00739579 0.000771162 
83400 0.00735431 0.000770237 
83500 0.00731384 0.000769315 
83600 0.0071981 0.000768395 
83700 0.00715151 0.000767477 
83800 0.00708295 0.000766561 
83900 0.0070165 0.000765647 
84000 0.00694429 0.000764736 
84100 0.00699818 0.000763827 
84200 0.00691311 0.000762919 
84300 0.0069994 0.000762014 
84400 0.00709166 0.000761112 
84500 0.00702155 0.000760211 
84600 0.00702235 0.000759312 
84700 0.00698127 0.000758416 
84800 0.00700363 0.000757521 
84900 0.00707756 0.000756629 
85000 0.00702342 0.000755739 
85100 0.00708594 0.000754851 
85200 0.00711834 0.000753965 
85300 0.00712983 0.000753081 
85400 0.00715985 0.000752199 
85500 0.00707623 0.00075132 
85600 0.00709002 0.000750442 
85700 0.00713612 0.000749566 
85800 0.00719145 0.000748693 
85900 0.00709858 0.000747821 
86000 0.007048 0.000746951 
86100 0.00700141 0.000746084 
86200 0.00709283 0.000745218 
86300 0.00706836 0.000744355 
86400 0.00707857 0.000743493 
86500 0.00691835 0.000742634 
86600 0.00695022 0.000741776 
86700 0.00684352 0.000740921 
86800 0.00680159 0.000740067 
86900 0.00681189 0.000739216 
87000 0.00677212 0.000738366 
87100 0.00674219 0.000737518 
87200 0.0067016 0.000736672 
87300 0.00663591 0.000735829 
87400 0.00659542 0.000734987 
87500 0.00658075 0.000734147 
87600 0.00656126 0.000733309 
87700 0.00658996 0.000732473 
87800 0.00652197 0.000731638 
87900 0.00649878 0.000730806 
88000 0.00658097 0.000729975 
88100 0.00656964 0.000729147 
88200 0.00662876 0.00072832 
88300 0.00663117 0.000727495 
88400 0.0065767 0.000726672 
88500 0.00658317 0.000725851 
88600 0.00650948 0.000725032 
88700 0.00652018 0.000724215 
88800 0.00647132 0.000723399 
88900 0.00648593 0.000722585 
89000 0.00652405 0.000721774 
89100 0.0065446 0.000720964 
89200 0.00665853 0.000720155 
89300 0.00672123 0.000719349 
89400 0.00677285 0.000718544 
89500 0.00687816 0.000717741 
89600 0.00689544 0.00071694 
89700 0.00693856 0.000716141 
89800 0.00692128 0.000715344 
89900 0.0068457 0.000714548 
90000 0.00691127 0.000713754 
90100 0.00684943 0.000712962 
90200 0.00678349 0.000712171 
90300 0.00675579 0.000711383 
90400 0.00664509 0.000710596 
90500 0.00659917 0.000709811 
90600 0.00661009 0.000709027 
90700 0.00653298 0.000708245 
90800 0.00651712 0.000707465 
90900 0.00652558 0.000706687 
91000 0.00657894 0.000705911 
91100 0.00651223 0.000705136 
91200 0.00651292 0.000704363 
91300 0.00654879 0.000703591 
91400 0.0065891 0.000702821 
91500 0.00646361 0.000702053 
91600 0.00639172 0.000701287 
91700 0.0064212 0.000700522 
91800 0.00627206 0.000699759 
91900 0.00633221 0.000698998 
92000 0.00638071 0.000698238 
92100 0.00637042 0.00069748 
92200 0.00639234 0.000696723 
92300 0.00628267 0.000695968 
92400 0.00632606 0.000695215 
92500 0.00631572 0.000694464 
92600 0.00635162 0.000693714 
92700 0.00636221 0.000692965 
92800 0.00634691 0.000692219 
92900 0.00633012 0.000691473 
93000 0.00630679 0.00069073 
93100 0.00630641 0.000689988 
93200 0.00631845 0.000689248 
93300 0.00633157 0.000688509 
93400 0.00634146 0.000687772 
93500 0.00641985 0.000687036 
93600 0.00642619 0.000686302 
93700 0.00644714 0.00068557 
93800 0.00648796 0.000684839 
93900 0.00647159 0.00068411 
94000 0.00640284 0.000683382 
94100 0.00644902 0.000682656 
94200 0.0064536 0.000681931 
94300 0.00642244 0.000681208 
94400 0.00632046 0.000680486 
94500 0.00628227 0.000679766 
94600 0.00615502 0.000679048 
94700 0.00601996 0.00067833 
94800 0.00598425 0.000677615 
94900 0.00589875 0.000676901 
95000 0.00590573 0.000676188 
95100 0.00601759 0.000675477 
95200 0.00597562 0.000674768 
95300 0.00593663 0.00067406 
95400 0.00600554 0.000673353 
95500 0.00608761 0.000672648 
95600 0.00598604 0.000671945 
95700 0.00610041 0.000671242 
95800 0.00608881 0.000670542 
95900 0.0060999 0.000669843 
96000 0.00605843 0.000669145 
96100 0.00614057 0.000668449 
96200 0.00620994 0.000667754 
96300 0.00620336 0.00066706 
96400 0.00624036 0.000666368 
96500 0.00617803 0.000665678 
96600 0.0061544 0.000664989 
96700 0.00616002 0.000664301 
96800 0.00611869 0.000663615 
96900 0.00611542 0.00066293 
97000 0.00616519 0.000662247 
97100 0.00597483 0.000661564 
97200 0.00603978 0.000660884 
97300 0.00610053 0.000660205 
97400 0.00611904 0.000659527 
97500 0.00605532 0.00065885 
97600 0.00605442 0.000658175 
97700 0.00610774 0.000657502 
97800 0.00613645 0.000656829 
97900 0.00616855 0.000656158 
98000 0.00610177 0.000655489 
98100 0.0061116 0.000654821 
98200 0.0061512 0.000654154 
98300 0.00612516 0.000653488 
98400 0.00607399 0.000652824 
98500 0.00615482 0.000652162 
98600 0.00617727 0.0006515 
98700 0.00613859 0.00065084 
98800 0.00618385 0.000650181 
98900 0.00619367 0.000649524 
99000 0.00616709 0.000648868 
99100 0.0062042 0.000648213 
99200 0.00623869 0.00064756 
99300 0.0062425 0.000646908 
99400 0.00617987 0.000646257 
99500 0.0061628 0.000645607 
99600 0.00618709 0.000644959 
99700 0.00624536 0.000644312 
99800 0.00618115 0.000643667 
99900 0.00618876 0.000643022 
100000 0.00610951 0.000642379 
110000 0.00581804 0.000583982 
120000 0.00578584 0.000550799 
130000 0.00548354 0.00050843 
140000 0.00531206 0.000472114 
150000 0.00508842 0.00044064 
160000 0.00472836 0.0004131 
170000 0.00474029 0.0003888 
180000 0.00435528 0.0003672 
190000 0.00436131 0.000347874 
200000 0.00406879 0.00033048 
210000 0.00372021 0.000314743 
220000 0.00370732 0.000300437 
230000 0.00360534 0.000287374 
240000 0.0035461 0.000275401 
250000 0.00347004 0.000264385 
260000 0.00334825 0.000254216 
270000 0.00325597 0.000244801 
280000 0.00315606 0.000236058 
290000 0.00308171 0.000227918 
300000 0.00298976 0.000220321 
310000 0.00288167 0.000213214 
320000 0.00282697 0.000206551 
330000 0.00269779 0.000200292 
340000 0.00248578 0.000194401 
350000 0.00246594 0.000188846 
360000 0.0023841 0.000183601 
370000 0.00239434 0.000178638 
380000 0.00241084 0.000173937 
390000 0.00234237 0.000169478 
400000 0.00235814 0.000165241 
410000 0.00226749 0.00016121 
420000 0.00226657 0.000157372 
430000 0.00222931 0.000153712 
440000 0.00217472 0.000150219 
450000 0.00214105 0.000146881 
460000 0.00210482 0.000143688 
470000 0.00206392 0.00014063 
480000 0.00201379 0.000137701 
490000 0.00200421 0.00013489 
500000 0.00196622 0.000132193 
510000 0.00193694 0.000129601 
520000 0.00190428 0.000127108 
530000 0.00187282 0.00012471 
540000 0.00183819 0.000122401 
550000 0.0018059 0.000120175 
560000 0.00177365 0.000118029 
570000 0.00174253 0.000115958 
580000 0.00171249 0.000113959 
590000 0.00168346 0.000112028 
600000 0.0016554 0.000110161 
610000 0.00162885 0.000108355 
620000 0.00160993 0.000106607 
630000 0.00155135 0.000104915 
640000 0.00164026 0.000103275 
650000 0.00162323 0.000101687 
660000 0.00159864 0.000100146 
670000 0.00157572 9.86512e-05 
680000 0.0015704 9.72005e-05 
690000 0.00154777 9.57918e-05 
700000 0.00153702 9.44233e-05 
710000 0.00145714 9.30934e-05 
720000 0.00145296 9.18005e-05 
730000 0.00143241 9.88453e-05 
740000 0.00147927 9.75096e-05 
750000 0.00149088 9.62095e-05 
760000 0.00144755 9.49436e-05 
770000 0.00136169 9.37105e-05 
780000 0.00137839 9.25091e-05 
790000 0.00138301 9.13381e-05 
800000 0.00141701 9.01964e-05 
810000 0.00140809 8.90829e-05 
820000 0.00139666 8.79965e-05 
830000 0.00131921 8.69363e-05 
840000 0.00128418 8.59013e-05 
850000 0.00129694 8.48907e-05 
860000 0.00130913 8.39036e-05 
870000 0.00132934 8.29392e-05 
880000 0.00136529 8.19967e-05 
890000 0.00125912 8.10754e-05 
900000 0.00128416 8.01746e-05 
910000 0.00122065 7.92935e-05 
920000 0.00120705 7.84317e-05 
930000 0.00121011 7.75883e-05 
940000 0.00123693 7.67629e-05 
950000 0.00119291 7.59549e-05 
960000 0.00117582 7.51637e-05 
970000 0.00116581 7.43888e-05 
980000 0.00119211 7.36297e-05 
990000 0.00115688 7.2886e-05 
1000000 0.00122556 7.21571e-05 
1010000 0.00122602 7.14427e-05 
1020000 0.00120263 7.07423e-05 
1030000 0.00118077 7.00555e-05 
1040000 0.00111269 6.93819e-05 
1050000 0.00114688 6.87211e-05 
1060000 0.00112609 6.80728e-05 
1070000 0.00112806 6.74366e-05 
1080000 0.00108817 6.68122e-05 
1090000 0.00107983 6.61992e-05 
1100000 0.0011117 6.55974e-05 
1110000 0.00110879 6.50064e-05 
1120000 0.00112753 6.4426e-05 
1130000 0.00114239 6.38559e-05 
1140000 0.00110539 6.32957e-05 
1150000 0.0010713 6.27453e-05 
1160000 0.00106227 6.22044e-05 
1170000 0.00105416 6.16728e-05 
1180000 0.00103675 7.1381e-05 
1190000 0.00102369 7.07811e-05 
1200000 0.001005 7.01913e-05 
1210000 0.000988194 6.96112e-05 
1220000 0.00097298 6.90406e-05 
1230000 0.000985957 6.84793e-05 
1240000 0.00106028 6.79271e-05 
1250000 0.00109557 6.73837e-05 
1260000 0.00107676 6.68489e-05 
1270000 0.00107423 6.63225e-05 
1280000 0.00110262 6.58043e-05 
1290000 0.00108253 6.52942e-05 
1300000 0.001052 6.4792e-05 
1310000 0.00104154 6.42974e-05 
1320000 0.00101777 6.38103e-05 
1330000 0.00108786 6.33305e-05 
1340000 0.00107455 6.28579e-05 
1350000 0.00110603 6.23923e-05 
1360000 0.00107521 6.19335e-05 
1370000 0.00109203 6.14814e-05 
1380000 0.00109821 6.10359e-05 
1390000 0.00108621 6.05968e-05 
1400000 0.00110202 6.0164e-05 
1410000 0.00104926 5.97373e-05 
1420000 0.00105688 5.93166e-05 
1430000 0.00102943 5.89018e-05 
1440000 0.00103983 5.84928e-05 
1450000 0.00102527 5.80894e-05 
1460000 0.00100065 5.76915e-05 
1470000 0.000965032 5.7299e-05 
1480000 0.000922063 5.69119e-05 
1490000 0.00095025 5.65299e-05 
1500000 0.000992185 5.61531e-05 
1510000 0.00103526 5.57812e-05 
1520000 0.000997146 5.54142e-05 
1530000 0.000968515 5.5052e-05 
1540000 0.0010183 5.46945e-05 
1550000 0.00100178 5.43417e-05 
1560000 0.00100167 5.39933e-05 
1570000 0.00101261 5.36494e-05 
1580000 0.00100378 5.33099e-05 
1590000 0.00101691 5.29746e-05 
1600000 0.00103506 5.26435e-05 
1610000 0.00106994 5.23165e-05 
1620000 0.00102968 5.19936e-05 
1630000 0.001008 5.16746e-05 
1640000 0.000991218 5.13595e-05 
1650000 0.000971104 5.10482e-05 
1660000 0.000976664 5.07407e-05 
1670000 0.00102367 5.04369e-05 
1680000 0.0010544 5.01367e-05 
1690000 0.00102133 4.984e-05 
1700000 0.0010476 4.95468e-05 
1710000 0.00104142 4.92571e-05 
1720000 0.00106841 4.89707e-05 
1730000 0.00106997 4.86876e-05 
1740000 0.00106681 4.84078e-05 
1750000 0.00107707 4.81312e-05 
1760000 0.00107257 4.78577e-05 
1770000 0.00106654 4.75873e-05 
1780000 0.00105465 4.732e-05 
1790000 0.00100578 4.70556e-05 
1800000 0.000983193 4.67942e-05 
1810000 0.000981276 4.65357e-05 
1820000 0.00102031 4.628e-05 
1830000 0.00102969 4.60271e-05 
1840000 0.00104366 4.57769e-05 
1850000 0.00106295 4.55295e-05 
1860000 0.00104493 4.52847e-05 
1870000 0.00101822 4.50426e-05 
1880000 0.000990506 4.4803e-05 
1890000 0.000987562 4.45659e-05 
1900000 0.000987363 4.43314e-05 
1910000 0.000996001 4.40993e-05 
1920000 0.000988376 4.38696e-05 
1930000 0.00102781 4.36423e-05 
1940000 0.00101074 4.34173e-05 
1950000 0.00101145 4.31947e-05 
1960000 0.00103658 4.29743e-05 
1970000 0.00105247 4.27561e-05 
1980000 0.00103874 4.25402e-05 
1990000 0.00103665 4.23264e-05 
2000000 0.00101558 4.21148e-05 
2010000 0.00101155 4.19053e-05 
2020000 0.000985743 4.16978e-05 
2030000 0.00100364 4.14924e-05 
2040000 0.00100846 4.1289e-05 
2050000 0.00101521 4.10876e-05 
2060000 0.000991809 4.08882e-05 
2070000 0.000978757 4.06906e-05 
2080000 0.000988143 4.0495e-05 
2090000 0.000984533 4.03012e-05 
2100000 0.00100173 4.01093e-05 
2110000 0.00100882 3.99192e-05 
2120000 0.0010059 3.97309e-05 
2130000 0.000999173 3.95444e-05 
2140000 0.00100029 3.93596e-05 
2150000 0.00101034 3.91766e-05 
2160000 0.000995679 3.89952e-05 
2170000 0.000998212 3.88155e-05 
2180000 0.00100642 3.86374e-05 
2190000 0.000986924 3.8461e-05 
2200000 0.00098175 3.82862e-05 
2210000 0.000960094 3.81129e-05 
2220000 0.000956696 3.79413e-05 
2230000 0.000967472 3.77711e-05 
2240000 0.000976904 3.76025e-05 
2250000 0.000995561 3.74354e-05 
2260000 0.000998485 3.72697e-05 
2270000 0.00100213 3.71055e-05 
2280000 0.00100481 3.69428e-05 
2290000 0.000997745 3.67815e-05 
2300000 0.000998368 3.66216e-05 
2310000 0.000992641 3.6463e-05 
2320000 0.000989863 4.33609e-05 
2330000 0.000966899 4.31748e-05 
2340000 0.000948496 4.37993e-05 
2350000 0.000916749 4.87007e-05 
2360000 0.000913158 4.84943e-05 
2370000 0.000927436 4.82897e-05 
2380000 0.000916273 4.80868e-05 
2390000 0.000924599 4.78856e-05 
2400000 0.000926086 4.76861e-05 
2410000 0.000908059 4.74882e-05 
2420000 0.000898237 4.7292e-05 
2430000 0.000921705 4.70974e-05 
2440000 0.000924169 4.69044e-05 
2450000 0.000912484 4.67129e-05 
2460000 0.000899336 4.6523e-05 
2470000 0.000908699 4.63347e-05 
2480000 0.000853448 4.61478e-05 
2490000 0.000854603 4.59625e-05 
2500000 0.00087667 4.57787e-05 
2510000 0.000879021 4.55963e-05 
2520000 0.00088287 4.54153e-05 
2530000 0.000860975 4.52358e-05 
2540000 0.000858113 4.50577e-05 
2550000 0.000842403 4.4881e-05 
2560000 0.000836921 4.47057e-05 
2570000 0.000834275 4.45318e-05 
2580000 0.000835815 4.43592e-05 
2590000 0.000828994 4.41879e-05 
2600000 0.00083914 4.40179e-05 
2610000 0.000831019 4.38493e-05 
2620000 0.000820226 4.36819e-05 
2630000 0.000843797 4.35158e-05 
2640000 0.000812521 4.3351e-05 
2650000 0.000844943 4.31874e-05 
2660000 0.000825589 4.30251e-05 
2670000 0.000769275 4.28639e-05 
2680000 0.000760771 4.2704e-05 
2690000 0.000750891 4.25452e-05 
2700000 0.000772658 4.23877e-05 
2710000 0.000795106 4.22312e-05 
2720000 0.000787147 4.2076e-05 
2730000 0.000792942 4.19219e-05 
2740000 0.000781053 4.17689e-05 
2750000 0.000772794 4.1617e-05 
2760000 0.000771612 4.14662e-05 
2770000 0.000804955 4.13165e-05 
2780000 0.00080855 4.11679e-05 
2790000 0.000816142 4.10203e-05 
2800000 0.000816915 4.08738e-05 
2810000 0.000774526 4.07284e-05 
2820000 0.000788866 4.05839e-05 
2830000 0.000770958 4.04405e-05 
2840000 0.000768338 4.02981e-05 
2850000 0.000746239 4.01567e-05 
2860000 0.00073607 4.00163e-05 
2870000 0.000747866 3.98769e-05 
2880000 0.000754081 3.97384e-05 
2890000 0.000747177 3.96009e-05 
2900000 0.000743517 3.94644e-05 
2910000 0.000741176 3.93288e-05 
2920000 0.000768656 3.91941e-05 
2930000 0.000745828 3.90603e-05 
2940000 0.000749737 3.89274e-05 
2950000 0.000778205 3.87955e-05 
2960000 0.00078718 3.86644e-05 
2970000 0.000784787 3.85342e-05 
2980000 0.000767854 3.84049e-05 
2990000 0.000745742 3.82765e-05 
3000000 0.000741673 3.81489e-05 
3010000 0.000708875 3.80222e-05 
3020000 0.000744981 3.78962e-05 
3030000 0.000751856 3.77712e-05 
3040000 0.000744114 3.76469e-05 
3050000 0.000758469 3.75235e-05 
3060000 0.000759985 3.74009e-05 
3070000 0.00075419 3.7279e-05 
3080000 0.000740732 3.7158e-05 
3090000 0.00072132 3.70378e-05 
3100000 0.000690258 3.69183e-05 
3110000 0.000712425 3.67996e-05 
3120000 0.000709805 3.66816e-05 
3130000 0.00072853 3.65644e-05 
3140000 0.000724791 3.6448e-05 
3150000 0.000704521 3.63323e-05 
3160000 0.000697304 3.62173e-05 
3170000 0.000699741 3.61031e-05 
3180000 0.000699775 3.59895e-05 
3190000 0.000714531 3.58767e-05 
3200000 0.00069477 3.57646e-05 
3210000 0.000693665 3.56532e-05 
3220000 0.000673831 3.55424e-05 
3230000 0.000683609 3.54324e-05 
3240000 0.000677296 3.5323e-05 
3250000 0.000689462 3.52144e-05 
3260000 0.000667611 3.51063e-05 
3270000 0.000647594 3.4999e-05 
3280000 0.000676189 3.48923e-05 
3290000 0.000696484 3.47862e-05 
3300000 0.000677307 3.46808e-05 
3310000 0.00067933 3.4576e-05 
3320000 0.00067537 3.44719e-05 
3330000 0.000685569 3.43684e-05 
3340000 0.000693992 3.42655e-05 
3350000 0.000697376 3.41632e-05 
3360000 0.00071286 3.40615e-05 
3370000 0.000715319 3.39604e-05 
3380000 0.000715408 3.386e-05 
3390000 0.000717676 3.37601e-05 
3400000 0.000692243 3.36608e-05 
3410000 0.000693347 3.35621e-05 
3420000 0.000696193 3.34639e-05 
3430000 0.000712655 3.33664e-05 
3440000 0.000710025 3.32694e-05 
3450000 0.000715235 3.3173e-05 
3460000 0.000694084 3.30771e-05 
3470000 0.000698653 3.29818e-05 
3480000 0.000706614 3.2887e-05 
3490000 0.000698887 3.27927e-05 
3500000 0.000702923 3.26991e-05 
3510000 0.000689815 3.26059e-05 
3520000 0.00069234 3.25133e-05 
3530000 0.000692805 3.24212e-05 
3540000 0.00069193 3.23296e-05 
3550000 0.000702894 3.22385e-05 
3560000 0.000700926 3.21479e-05 
3570000 0.000693443 3.20579e-05 
3580000 0.000700787 3.19683e-05 
3590000 0.000699094 3.18793e-05 
3600000 0.000715626 3.17907e-05 
3610000 0.000728437 3.17027e-05 
3620000 0.000694578 3.16151e-05 
3630000 0.000693732 3.1528e-05 
3640000 0.000690714 3.14414e-05 
3650000 0.00067446 3.13553e-05 
3660000 0.000660092 3.12696e-05 
3670000 0.000670533 3.11844e-05 
3680000 0.000662192 3.10996e-05 
3690000 0.000694738 3.10154e-05 
3700000 0.000690336 3.09315e-05 
3710000 0.000661422 3.08482e-05 
3720000 0.000642148 3.07652e-05 
3730000 0.000632763 3.06828e-05 
3740000 0.000631538 3.06007e-05 
3750000 0.000643845 3.05191e-05 
3760000 0.000639117 3.04379e-05 
3770000 0.000642261 3.03572e-05 
3780000 0.000639156 3.02769e-05 
3790000 0.000615232 3.0197e-05 
3800000 0.000608987 3.01175e-05 
3810000 0.000602639 3.00385e-05 
3820000 0.000591605 2.99599e-05 
3830000 0.000627926 2.98816e-05 
3840000 0.000618196 2.98038e-05 
3850000 0.000617868 2.97264e-05 
3860000 0.000623528 2.96494e-05 
3870000 0.000609619 2.95728e-05 
3880000 0.000608654 2.94966e-05 
3890000 0.000592256 2.94207e-05 
3900000 0.000588602 2.93453e-05 
3910000 0.00059624 2.92703e-05 
3920000 0.000605047 2.91956e-05 
3930000 0.000629348 2.91213e-05 
3940000 0.0006261 2.90474e-05 
3950000 0.00062049 2.89738e-05 
3960000 0.000604017 2.89007e-05 
3970000 0.000594847 2.88279e-05 
3980000 0.000605548 2.87554e-05 
3990000 0.000603721 2.86834e-05 
4000000 0.00063478 2.86117e-05 
4010000 0.000653205 2.85403e-05 
4020000 0.000638498 2.84693e-05 
4030000 0.00063397 2.83987e-05 
4040000 0.000639122 2.83284e-05 
4050000 0.000651149 2.82584e-05 
4060000 0.000677638 2.94875e-05 
4070000 0.00069431 2.9415e-05 
4080000 0.000691466 2.93429e-05 
4090000 0.000687661 2.92712e-05 
4100000 0.000707214 2.91998e-05 
4110000 0.000710721 2.91288e-05 
4120000 0.000700384 2.90581e-05 
4130000 0.000690963 2.89877e-05 
4140000 0.000686171 2.89177e-05 
4150000 0.000694801 2.8848e-05 
4160000 0.000694075 2.87787e-05 
4170000 0.000704114 2.87096e-05 
4180000 0.000704803 2.8641e-05 
4190000 0.000712493 2.85726e-05 
4200000 0.000713634 2.85046e-05 
4210000 0.000717368 2.84369e-05 
4220000 0.000708931 2.83695e-05 
4230000 0.00070102 2.83024e-05 
4240000 0.000716709 2.82357e-05 
4250000 0.00072016 2.81692e-05 
4260000 0.000726763 2.81031e-05 
4270000 0.000726553 2.80373e-05 
4280000 0.000726644 2.79718e-05 
4290000 0.000725557 2.79066e-05 
4300000 0.000722102 2.78417e-05 
4310000 0.000727513 2.77771e-05 
4320000 0.000723444 2.77128e-05 
4330000 0.00072999 2.76488e-05 
4340000 0.000725227 2.75851e-05 
4350000 0.000727883 2.75217e-05 
4360000 0.000724886 2.74585e-05 
4370000 0.000726911 2.73957e-05 
4380000 0.000720619 2.73332e-05 
4390000 0.000719374 2.72709e-05 
4400000 0.000718244 2.72089e-05 
4410000 0.000719188 2.71472e-05 
4420000 0.000723654 2.70858e-05 
4430000 0.000724473 2.70247e-05 
4440000 0.000720525 2.69638e-05 
4450000 0.00071964 2.69032e-05 
4460000 0.00071644 2.68429e-05 
4470000 0.000713167 2.67828e-05 
4480000 0.000714827 2.6723e-05 
4490000 0.000709287 2.66635e-05 
4500000 0.000706419 2.66043e-05 
4510000 0.000699588 2.65453e-05 
4520000 0.000700525 2.64866e-05 
4530000 0.000692844 2.64281e-05 
4540000 0.000697141 2.63699e-05 
4550000 0.000709278 2.63119e-05 
4560000 0.000707983 2.62542e-05 
4570000 0.000715921 2.61968e-05 
4580000 0.000718625 2.61396e-05 
4590000 0.000716761 2.60826e-05 
4600000 0.000721118 2.60259e-05 
4610000 0.000721915 2.59695e-05 
4620000 0.000718571 2.59132e-05 
4630000 0.00072057 2.58573e-05 
4640000 0.000716993 2.58016e-05 
4650000 0.000721442 2.57461e-05 
4660000 0.00072159 2.56908e-05 
4670000 0.000722038 2.56358e-05 
4680000 0.000721932 2.5581e-05 
4690000 0.000720766 2.55265e-05 
4700000 0.000718025 2.54722e-05 
4710000 0.000718146 2.54181e-05 
4720000 0.000715337 2.53642e-05 
4730000 0.000713943 2.53106e-05 
4740000 0.000715971 2.52572e-05 
4750000 0.000715428 2.5204e-05 
4760000 0.000712692 2.51511e-05 
4770000 0.000710482 2.50984e-05 
4780000 0.000706593 2.50459e-05 
4790000 0.000701244 2.49936e-05 
4800000 0.000704957 2.49415e-05 
4810000 0.000702956 2.48896e-05 
4820000 0.000703012 2.4838e-05 
4830000 0.00070419 2.47866e-05 
4840000 0.000705002 2.47354e-05 
4850000 0.00070807 2.46844e-05 
4860000 0.000708424 2.46336e-05 
4870000 0.00070853 2.4583e-05 
4880000 0.000706949 2.45326e-05 
4890000 0.000706008 2.44825e-05 
4900000 0.000708718 2.44325e-05 
4910000 0.000711047 2.43827e-05 
4920000 0.000709777 2.43332e-05 
4930000 0.000710678 2.42838e-05 
4940000 0.000708654 2.42347e-05 
4950000 0.000709578 2.41857e-05 
4960000 0.000708822 2.41369e-05 
4970000 0.000706207 2.40884e-05 
4980000 0.000703161 2.404e-05 
4990000 0.000704173 2.39918e-05 
5000000 0.000701841 2.39438e-05 
5010000 0.000698573 2.38961e-05 
5020000 0.000693107 2.38484e-05 
5030000 0.00069675 2.3801e-05 
5040000 0.000689661 2.37538e-05 
5050000 0.000691185 2.37068e-05 
5060000 0.000693843 2.36599e-05 
5070000 0.000697383 2.36133e-05 
5080000 0.00069501 2.35668e-05 
5090000 0.000687646 2.35205e-05 
5100000 0.000688527 2.34744e-05 
5110000 0.000683339 2.34284e-05 
5120000 0.000686069 2.33827e-05 
5130000 0.00067987 2.33371e-05 
5140000 0.000669386 2.32917e-05 
5150000 0.000672247 2.32464e-05 
5160000 0.000674362 2.32014e-05 
5170000 0.000675813 2.31565e-05 
5180000 0.000676031 2.31118e-05 
5190000 0.000665881 2.30673e-05 
5200000 0.000674099 2.30229e-05 
5210000 0.00068276 2.29787e-05 
5220000 0.000677145 2.29347e-05 
5230000 0.000669456 2.28909e-05 
5240000 0.000676597 2.28472e-05 
5250000 0.000665538 2.28037e-05 
5260000 0.000671483 2.27603e-05 
5270000 0.000675717 2.27171e-05 
5280000 0.000676964 2.26741e-05 
5290000 0.000681392 2.26312e-05 
5300000 0.000682983 2.25885e-05 
5310000 0.000685422 2.2546e-05 
5320000 0.000681508 2.25036e-05 
5330000 0.000673459 2.24614e-05 
5340000 0.000671983 2.24193e-05 
5350000 0.000671913 2.23774e-05 
5360000 0.000690699 2.23357e-05 
5370000 0.000693331 2.22941e-05 
5380000 0.000688713 2.22526e-05 
5390000 0.000675175 2.22114e-05 
5400000 0.000685763 2.21702e-05 
5410000 0.000688214 2.21292e-05 
5420000 0.000688642 2.20884e-05 
5430000 0.000674397 2.20477e-05 
5440000 0.000673217 2.20072e-05 
5450000 0.000684742 2.19668e-05 
5460000 0.000676293 2.19266e-05 
5470000 0.000675363 2.18865e-05 
5480000 0.000681185 2.18466e-05 
5490000 0.000683757 2.18068e-05 
5500000 0.000695595 2.17671e-05 
5510000 0.000717161 2.17276e-05 
5520000 0.000726003 2.16883e-05 
5530000 0.000715533 2.1649e-05 
5540000 0.000709866 2.161e-05 
5550000 0.000713755 2.1571e-05 
5560000 0.000714292 2.15322e-05 
5570000 0.000708545 2.14936e-05 
5580000 0.000704908 2.14551e-05 
5590000 0.000693013 2.14167e-05 
5600000 0.000697505 2.13784e-05 
5610000 0.000705991 2.13403e-05 
5620000 0.000709707 2.13024e-05 
5630000 0.000694811 2.12645e-05 
5640000 0.000680534 2.12268e-05 
5650000 0.000683442 2.11892e-05 
5660000 0.000683366 2.11518e-05 
5670000 0.000686911 2.11145e-05 
5680000 0.000689487 2.10773e-05 
5690000 0.000690657 2.10403e-05 
5700000 0.000698251 2.10034e-05 
5710000 0.000689018 2.09666e-05 
5720000 0.000697878 2.09299e-05 
5730000 0.000706357 2.08934e-05 
5740000 0.000706282 2.0857e-05 
5750000 0.000702088 2.08207e-05 
5760000 0.000699736 2.07846e-05 
5770000 0.000710552 2.07486e-05 
5780000 0.00071876 2.07127e-05 
5790000 0.000726245 2.06769e-05 
5800000 0.000724712 2.06412e-05 
5810000 0.000729738 2.06057e-05 
5820000 0.000724423 2.05703e-05 
5830000 0.000724009 2.0535e-05 
5840000 0.000721368 2.04999e-05 
5850000 0.000710366 2.04648e-05 
5860000 0.000708283 2.04299e-05 
5870000 0.000700099 2.03951e-05 
5880000 0.00070445 2.03604e-05 
5890000 0.000705276 2.03258e-05 
5900000 0.000710009 2.02914e-05 
5910000 0.000706485 2.02571e-05 
5920000 0.000709947 2.02228e-05 
5930000 0.000692557 2.01887e-05 
5940000 0.000690647 2.01548e-05 
5950000 0.000699006 2.01209e-05 
5960000 0.000693804 2.00871e-05 
5970000 0.00069548 2.00535e-05 
5980000 0.000711993 2.00199e-05 
5990000 0.000723476 1.99865e-05 
6000000 0.000721903 1.99532e-05 
6010000 0.000732057 1.992e-05 
6020000 0.000727497 1.98869e-05 
6030000 0.000726081 1.98539e-05 
6040000 0.000733175 1.98211e-05 
6050000 0.00072831 1.97883e-05 
6060000 0.000727414 1.97556e-05 
6070000 0.00073748 1.97231e-05 
6080000 0.000732798 1.96907e-05 
6090000 0.000725496 1.96583e-05 
6100000 0.000731605 1.96261e-05 
6110000 0.000730738 1.9594e-05 
6120000 0.000726266 1.9562e-05 
6130000 0.000725504 1.95301e-05 
6140000 0.000727782 1.94982e-05 
6150000 0.000736097 1.94665e-05 
6160000 0.000731912 1.94349e-05 
6170000 0.000729207 1.94034e-05 
6180000 0.000723182 1.9372e-05 
6190000 0.000716302 1.93407e-05 
6200000 0.000708649 1.93096e-05 
6210000 0.000701191 1.92785e-05 
6220000 0.000696626 1.92475e-05 
6230000 0.000691031 1.92166e-05 
6240000 0.000683895 1.91858e-05 
6250000 0.000688022 1.91551e-05 
6260000 0.000679771 1.91245e-05 
6270000 0.000694447 1.9094e-05 
6280000 0.000680138 1.90636e-05 
6290000 0.000674441 1.90333e-05 
6300000 0.000673685 1.90031e-05 
6310000 0.000675187 1.89729e-05 
6320000 0.000688267 1.89429e-05 
6330000 0.000684771 1.8913e-05 
6340000 0.000691009 1.88832e-05 
6350000 0.000686436 1.88534e-05 
6360000 0.000684094 1.88238e-05 
6370000 0.000697368 1.87942e-05 
6380000 0.000697179 1.87648e-05 
6390000 0.000706211 1.87354e-05 
6400000 0.00070102 1.87061e-05 
6410000 0.000702425 1.86769e-05 
6420000 0.000694981 1.86479e-05 
6430000 0.000692563 1.86189e-05 
6440000 0.000687039 1.85899e-05 
6450000 0.000671213 1.85611e-05 
6460000 0.000666922 1.85324e-05 
6470000 0.000648114 1.85037e-05 
6480000 0.000649057 1.84752e-05 
6490000 0.000658219 1.84467e-05 
6500000 0.000651524 1.84183e-05 
6510000 0.000668677 1.839e-05 
6520000 0.000659628 1.83618e-05 
6530000 0.000660789 1.83337e-05 
6540000 0.000677638 1.83057e-05 
6550000 0.000667276 1.82777e-05 
6560000 0.000669601 1.82499e-05 
6570000 0.000672006 1.82221e-05 
6580000 0.000665307 1.81944e-05 
6590000 0.00066504 1.81668e-05 
6600000 0.000669397 1.81393e-05 
6610000 0.000666033 1.81118e-05 
6620000 0.000666598 1.80845e-05 
6630000 0.000668146 1.80572e-05 
6640000 0.000677123 1.803e-05 
6650000 0.000676127 1.80029e-05 
6660000 0.000666315 1.79759e-05 
6670000 0.000663433 1.79489e-05 
6680000 0.000651946 1.7922e-05 
6690000 0.000648592 1.78952e-05 
6700000 0.000639929 1.78685e-05 
6710000 0.000632604 1.78419e-05 
6720000 0.000638345 1.78154e-05 
6730000 0.000635415 1.77889e-05 
6740000 0.000641015 1.77625e-05 
6750000 0.000642989 1.77362e-05 
6760000 0.000639061 1.77099e-05 
6770000 0.000635706 1.76838e-05 
6780000 0.000625931 1.76577e-05 
6790000 0.000646812 1.76317e-05 
6800000 0.000648502 1.76058e-05 
6810000 0.000650107 1.75799e-05 
6820000 0.000656119 1.75541e-05 
6830000 0.000648891 1.75284e-05 
6840000 0.000652399 1.75028e-05 
6850000 0.000649681 1.74773e-05 
6860000 0.000655559 1.74518e-05 
6870000 0.000658498 1.74264e-05 
6880000 0.00066697 1.7401e-05 
6890000 0.000658528 1.73758e-05 
6900000 0.000660742 1.73506e-05 
6910000 0.000656843 1.73255e-05 
6920000 0.000657549 1.73005e-05 
6930000 0.000650302 1.72755e-05 
6940000 0.000653314 1.72506e-05 
6950000 0.000652273 1.72258e-05 
6960000 0.0006505 1.7201e-05 
6970000 0.00065123 1.71764e-05 
6980000 0.000651661 1.71518e-05 
6990000 0.000651459 1.71272e-05 
7000000 0.000652432 1.71027e-05 
7010000 0.000660277 1.70783e-05 
7020000 0.00065841 1.7054e-05 
7030000 0.000664351 1.70298e-05 
7040000 0.000659225 1.70056e-05 
7050000 0.000656098 1.69814e-05 
7060000 0.00065161 1.69574e-05 
7070000 0.000630348 1.71108e-05 
7080000 0.000669671 1.70866e-05 
7090000 0.00068551 1.72536e-05 
7100000 0.000681035 1.72293e-05 
7110000 0.000676447 1.72051e-05 
7120000 0.000675211 1.71809e-05 
7130000 0.000677919 1.71568e-05 
7140000 0.000668424 1.71328e-05 
7150000 0.000658242 1.71088e-05 
7160000 0.000647825 1.70849e-05 
7170000 0.000646999 1.70611e-05 
7180000 0.000648011 1.70373e-05 
7190000 0.000632883 1.70136e-05 
7200000 0.000627818 1.699e-05 
7210000 0.000628063 1.69664e-05 
7220000 0.000621065 1.69429e-05 
7230000 0.000620141 1.69195e-05 
7240000 0.000615071 1.68961e-05 
7250000 0.000613864 1.68728e-05 
7260000 0.000595924 1.68496e-05 
7270000 0.00060413 1.68264e-05 
7280000 0.000591874 1.68033e-05 
7290000 0.00059522 1.67802e-05 
7300000 0.000592021 1.67573e-05 
7310000 0.000602073 1.67343e-05 
7320000 0.000598353 1.67115e-05 
7330000 0.000590227 1.66887e-05 
7340000 0.000572246 1.66659e-05 
7350000 0.000567966 1.66433e-05 
7360000 0.00056723 1.66206e-05 
7370000 0.0005823 1.65981e-05 
7380000 0.000583431 1.65756e-05 
7390000 0.000582537 1.65532e-05 
7400000 0.00060023 1.65308e-05 
7410000 0.000595931 1.65085e-05 
7420000 0.000598611 1.64862e-05 
7430000 0.000594715 1.64641e-05 
7440000 0.000595351 1.64419e-05 
7450000 0.000606516 1.64199e-05 
7460000 0.00061448 1.63979e-05 
7470000 0.000613572 1.63759e-05 
7480000 0.000621682 1.6354e-05 
7490000 0.000625599 1.63322e-05 
7500000 0.000617263 1.63104e-05 
7510000 0.000620577 1.62887e-05 
7520000 0.000615547 1.6267e-05 
7530000 0.000605252 1.62454e-05 
7540000 0.000614549 1.62239e-05 
7550000 0.0005933 1.62024e-05 
7560000 0.000584842 1.61809e-05 
7570000 0.000596677 1.61596e-05 
7580000 0.000602254 1.61383e-05 
7590000 0.000597907 1.6117e-05 
7600000 0.000597811 1.60958e-05 
7610000 0.000601563 1.60746e-05 
7620000 0.000591664 1.60535e-05 
7630000 0.000607003 1.60325e-05 
7640000 0.000587067 1.60115e-05 
7650000 0.000598935 1.59906e-05 
7660000 0.00060768 1.59697e-05 
7670000 0.000596793 1.59489e-05 
7680000 0.000588636 1.59281e-05 
7690000 0.000575381 1.59074e-05 
7700000 0.000577682 1.58867e-05 
7710000 0.000565106 1.58661e-05 
7720000 0.000563768 1.58456e-05 
7730000 0.000574248 1.58251e-05 
7740000 0.000579411 1.58046e-05 
7750000 0.000588906 1.57843e-05 
7760000 0.000585339 1.57639e-05 
7770000 0.000598886 1.57436e-05 
7780000 0.000607974 1.57234e-05 
7790000 0.000603794 1.57032e-05 
7800000 0.000600728 1.56831e-05 
7810000 0.000590208 1.5663e-05 
7820000 0.000590223 1.5643e-05 
7830000 0.00058771 1.5623e-05 
7840000 0.000587083 1.56031e-05 
7850000 0.000595903 1.55832e-05 
7860000 0.000596144 1.55634e-05 
7870000 0.000601627 1.55436e-05 
7880000 0.000600055 1.55239e-05 
7890000 0.00060066 1.55042e-05 
7900000 0.000596463 1.54846e-05 
7910000 0.000592802 1.5465e-05 
7920000 0.000589308 1.54454e-05 
7930000 0.000580014 1.5426e-05 
7940000 0.000578987 1.54065e-05 
7950000 0.000573615 1.53872e-05 
7960000 0.000577194 1.53678e-05 
7970000 0.000585592 1.53486e-05 
7980000 0.000592031 1.53293e-05 
7990000 0.000592508 1.53101e-05 
8000000 0.000589547 1.5291e-05 
8010000 0.000589501 1.52719e-05 
8020000 0.000592711 1.52529e-05 
8030000 0.000571166 1.52339e-05 
8040000 0.000577434 1.52149e-05 
8050000 0.000579541 1.5196e-05 
8060000 0.000584628 1.51772e-05 
8070000 0.000572177 1.51584e-05 
8080000 0.000567858 1.51396e-05 
8090000 0.000563473 1.51209e-05 
8100000 0.000546265 1.51022e-05 
8110000 0.000547845 1.50836e-05 
8120000 0.000539295 1.5065e-05 
8130000 0.00052322 1.50465e-05 
8140000 0.000520214 1.5028e-05 
8150000 0.000525676 1.50096e-05 
8160000 0.000531827 1.49912e-05 
8170000 0.000526344 1.49728e-05 
8180000 0.000522536 1.49545e-05 
8190000 0.000518914 1.49363e-05 
8200000 0.000520914 1.4918e-05 
8210000 0.000520378 1.48999e-05 
8220000 0.000514128 1.48817e-05 
8230000 0.000507319 1.48637e-05 
8240000 0.000503305 1.48456e-05 
8250000 0.000497926 1.48276e-05 
8260000 0.000516537 1.48097e-05 
8270000 0.000511812 1.47918e-05 
8280000 0.000506676 1.47739e-05 
8290000 0.000503441 1.47561e-05 
8300000 0.000498764 1.47383e-05 
8310000 0.000511755 1.47206e-05 
8320000 0.000517943 1.47029e-05 
8330000 0.000511513 1.46852e-05 
8340000 0.000523794 1.46676e-05 
8350000 0.000523336 1.46501e-05 
8360000 0.000515737 1.46325e-05 
8370000 0.000518599 1.4615e-05 
8380000 0.000519663 1.45976e-05 
8390000 0.000529416 1.45802e-05 
8400000 0.000529928 1.45629e-05 
8410000 0.000524077 1.45455e-05 
8420000 0.000528594 1.45283e-05 
8430000 0.000547566 1.4511e-05 
8440000 0.000548992 1.44938e-05 
8450000 0.00055029 1.44767e-05 
8460000 0.000538325 1.44596e-05 
8470000 0.000540357 1.44425e-05 
8480000 0.000535872 1.44255e-05 
8490000 0.00054169 1.44085e-05 
8500000 0.000549258 1.43915e-05 
8510000 0.000540194 1.43746e-05 
8520000 0.000539668 1.43577e-05 
8530000 0.000548483 1.43409e-05 
8540000 0.000561472 1.43241e-05 
8550000 0.000569109 1.43074e-05 
8560000 0.000564027 1.42907e-05 
8570000 0.000568771 1.4274e-05 
8580000 0.000566614 1.42573e-05 
8590000 0.00056469 1.42407e-05 
8600000 0.000556796 1.42242e-05 
8610000 0.000564074 1.42077e-05 
8620000 0.000573475 1.41912e-05 
8630000 0.00057686 1.41747e-05 
8640000 0.000569969 1.41583e-05 
8650000 0.000564235 1.4142e-05 
8660000 0.000559596 1.41256e-05 
8670000 0.000558342 1.41093e-05 
8680000 0.000558859 1.40931e-05 
8690000 0.000563825 1.40769e-05 
8700000 0.000561794 1.40607e-05 
8710000 0.000571991 1.40445e-05 
8720000 0.000564944 1.40284e-05 
8730000 0.000569269 1.40124e-05 
8740000 0.000572241 1.39963e-05 
8750000 0.000568295 1.39803e-05 
8760000 0.00056509 1.39644e-05 
8770000 0.000568995 1.39485e-05 
8780000 0.000570906 1.39326e-05 
8790000 0.000576988 1.39167e-05 
8800000 0.000577789 1.39009e-05 
8810000 0.000578134 1.38851e-05 
8820000 0.000583067 1.38694e-05 
8830000 0.000586089 1.38537e-05 
8840000 0.000583603 1.3838e-05 
8850000 0.000587284 1.38224e-05 
8860000 0.000580492 1.38068e-05 
8870000 0.000566794 1.37912e-05 
8880000 0.000573128 1.37757e-05 
8890000 0.000563229 1.37602e-05 
8900000 0.000565146 1.37447e-05 
8910000 0.000569724 1.37293e-05 
8920000 0.000576621 1.37139e-05 
8930000 0.00057114 1.36985e-05 
8940000 0.000578039 1.36832e-05 
8950000 0.000591918 1.36679e-05 
8960000 0.000593966 1.36527e-05 
8970000 0.000587971 1.36375e-05 
8980000 0.000589338 1.36223e-05 
8990000 0.000591406 1.36071e-05 
9000000 0.000581361 1.3592e-05 
9010000 0.000587658 1.35769e-05 
9020000 0.00057523 1.35619e-05 
9030000 0.000576791 1.35468e-05 
9040000 0.000573152 1.35319e-05 
9050000 0.000578938 1.35169e-05 
9060000 0.000582448 1.3502e-05 
9070000 0.00057473 1.34871e-05 
9080000 0.000598365 1.34722e-05 
9090000 0.000589745 1.34574e-05 
9100000 0.000590905 1.34426e-05 
9110000 0.000589013 1.34279e-05 
9120000 0.000592043 1.34132e-05 
9130000 0.000595902 1.33985e-05 
9140000 0.000598041 1.33838e-05 
9150000 0.000598714 1.33692e-05 
9160000 0.000603264 1.33546e-05 
9170000 0.000607546 1.334e-05 
9180000 0.000606982 1.33255e-05 
9190000 0.000595964 1.3311e-05 
9200000 0.000590802 1.32965e-05 
9210000 0.000597781 1.32821e-05 
9220000 0.000589723 1.32677e-05 
9230000 0.000584876 1.32533e-05 
9240000 0.000586347 1.3239e-05 
9250000 0.000581404 1.32246e-05 
9260000 0.00057741 1.32104e-05 
9270000 0.0005803 1.31961e-05 
9280000 0.000575885 1.31819e-05 
9290000 0.000580003 1.31677e-05 
9300000 0.000572742 1.31535e-05 
9310000 0.000578333 1.31394e-05 
9320000 0.000572088 1.31253e-05 
9330000 0.000574963 1.31113e-05 
9340000 0.000576647 1.30972e-05 
9350000 0.000574372 1.30832e-05 
9360000 0.000570435 1.30692e-05 
9370000 0.000568912 1.30553e-05 
9380000 0.000568796 1.30414e-05 
9390000 0.000564939 1.30275e-05 
9400000 0.000567092 1.30136e-05 
9410000 0.000559264 1.29998e-05 
9420000 0.000560155 1.2986e-05 
9430000 0.000562756 1.29722e-05 
9440000 0.00056134 1.29585e-05 
9450000 0.000555465 1.29448e-05 
9460000 0.00055259 1.29311e-05 
9470000 0.000557944 1.29174e-05 
9480000 0.000556576 1.29038e-05 
9490000 0.000564966 1.28902e-05 
9500000 0.000563879 1.28766e-05 
9510000 0.000558454 1.28631e-05 
9520000 0.000557845 1.28496e-05 
9530000 0.000560175 1.28361e-05 
9540000 0.000550568 1.28226e-05 
9550000 0.000555838 1.28092e-05 
9560000 0.000555755 1.27958e-05 
9570000 0.000557345 1.27824e-05 
9580000 0.000564087 1.27691e-05 
9590000 0.000564637 1.27558e-05 
9600000 0.000566518 1.27425e-05 
9610000 0.000569201 1.27292e-05 
9620000 0.000565151 1.2716e-05 
9630000 0.000561506 1.27028e-05 
9640000 0.000566739 1.26896e-05 
9650000 0.000567994 1.26765e-05 
9660000 0.000561268 1.26634e-05 
9670000 0.000569042 1.26503e-05 
9680000 0.000570536 1.26372e-05 
9690000 0.000580282 1.26241e-05 
9700000 0.000582053 1.26111e-05 
9710000 0.000586667 1.25981e-05 
9720000 0.00057991 1.25852e-05 
9730000 0.000570151 1.25722e-05 
9740000 0.000566035 1.25593e-05 
9750000 0.000573491 1.25465e-05 
9760000 0.000569374 1.25336e-05 
9770000 0.00056401 1.25208e-05 
9780000 0.000561782 1.2508e-05 
9790000 0.000560467 1.24952e-05 
9800000 0.000556017 1.24824e-05 
9810000 0.000559187 1.24697e-05 
9820000 0.000565685 1.2457e-05 
9830000 0.000566949 1.24444e-05 
9840000 0.000564833 1.24317e-05 
9850000 0.000572974 1.24191e-05 
9860000 0.000575526 1.24065e-05 
9870000 0.000568538 1.23939e-05 
9880000 0.000568449 1.23814e-05 
9890000 0.000576442 1.23689e-05 
9900000 0.000573501 1.23564e-05 
9910000 0.000577242 1.23439e-05 
9920000 0.000572776 1.23314e-05 
9930000 0.000569904 1.2319e-05 
9940000 0.000576425 1.23066e-05 
9950000 0.000573387 1.22943e-05 
9960000 0.000574431 1.22819e-05 
9970000 0.000577389 1.22696e-05 
9980000 0.000571444 1.22573e-05 
9990000 0.000561761 1.2245e-05 
10000000 0.00056393 1.22328e-05 
11000000 0.000554693 1.11207e-05 
12000000 0.000530899 1.0194e-05 
13000000 0.000537209 9.40984e-06 
14000000 0.000515143 8.73771e-06 
15000000 0.00047508 8.20307e-06 
16000000 0.000493557 7.69038e-06 
17000000 0.000435651 7.238e-06 
18000000 0.000464429 6.83589e-06 
19000000 0.000421894 6.47611e-06 
20000000 0.000396102 6.1523e-06 
21000000 0.000365746 5.85934e-06 
22000000 0.000367625 5.593e-06 
23000000 0.000367612 5.34983e-06 
24000000 0.000367471 5.12692e-06 
25000000 0.000355501 4.92184e-06 
26000000 0.000349515 4.73254e-06 
27000000 0.000362045 4.55726e-06 
28000000 0.000360306 4.3945e-06 
29000000 0.000351579 4.24297e-06 
30000000 0.000340685 4.10154e-06 
31000000 0.000322152 4.0058e-06 
32000000 0.000311269 3.88062e-06 
33000000 0.000309959 3.76303e-06 
34000000 0.000320186 3.65235e-06 
35000000 0.000322826 3.548e-06 
36000000 0.000318498 3.44944e-06 
37000000 0.000310668 3.35621e-06 
38000000 0.000305106 3.26789e-06 
39000000 0.000297283 3.1841e-06 
40000000 0.000287215 3.1045e-06 
41000000 0.000282414 3.02878e-06 
42000000 0.000276764 2.95666e-06 
43000000 0.000270592 2.88791e-06 
44000000 0.000255833 2.82227e-06 
45000000 0.000251131 2.75955e-06 
46000000 0.000252591 2.69956e-06 
47000000 0.000250719 2.64213e-06 
48000000 0.000242965 2.58708e-06 
49000000 0.000242038 2.53428e-06 
50000000 0.0002426 2.4836e-06 
51000000 0.000240869 2.4349e-06 
52000000 0.000228309 2.38808e-06 
53000000 0.000215805 2.34302e-06 
54000000 0.000218146 2.29963e-06 
55000000 0.000221736 2.25782e-06 
56000000 0.000220724 2.2175e-06 
57000000 0.000226465 2.1786e-06 
58000000 0.00022736 2.14103e-06 
59000000 0.000228796 2.10474e-06 
60000000 0.000226848 2.06967e-06 
61000000 0.000222538 2.03574e-06 
62000000 0.000211959 2.0029e-06 
63000000 0.00020641 1.97111e-06 
64000000 0.000207046 1.94031e-06 
65000000 0.000205028 1.91046e-06 
66000000 0.000209283 1.88151e-06 
67000000 0.000207308 1.85343e-06 
68000000 0.000199251 1.82618e-06 
69000000 0.000202592 1.79971e-06 
70000000 0.000201327 1.774e-06 
71000000 0.000196614 1.74901e-06 
72000000 0.000192088 1.72472e-06 
73000000 0.000180964 1.70109e-06 
74000000 0.000174435 1.67811e-06 
75000000 0.000172882 1.65573e-06 
76000000 0.000171625 1.63395e-06 
77000000 0.000170741 1.61273e-06 
