32
4 0.00000 0.00000 0.00000 1.00000 
4 0.01704 0.00000 0.49148 0.49148 
3 0.16667 0.66667 0.16667 
2 0.55520 0.44480 
1 1.00000 
1 1.00000 
2 0.50000 0.50000 
1 1.00000 
1 1.00000 
3 0.00000 1.00000 0.00000 
2 0.50000 0.50000 
1 1.00000 
1 1.00000 
2 1.00000 0.00000 
1 1.00000 
1 1.00000 
4 0.00000 1.00000 0.00000 0.00000 
2 0.50000 0.50000 
1 1.00000 
1 1.00000 
3 0.33333 0.33333 0.33333 
1 1.00000 
2 0.50000 0.50000 
1 1.00000 
4 0.00000 0.00000 0.00936 0.99064 
3 0.17106 0.00000 0.82894 
1 1.00000 
2 0.50000 0.50000 
1 1.00000 
2 0.50000 0.50000 
1 1.00000 
1 1.00000 
