32
4 0.00000 0.00000 0.00000 1.00000 
4 0.00000 0.00000 0.50000 0.50000 
3 0.33333 0.33333 0.33333 
2 0.50000 0.50000 
1 1.00000 
1 1.00000 
2 0.50000 0.50000 
1 1.00000 
1 1.00000 
3 0.00000 0.97619 0.02381 
2 0.50000 0.50000 
1 1.00000 
1 1.00000 
2 1.00000 0.00000 
1 1.00000 
1 1.00000 
4 0.00000 1.00000 0.00000 0.00000 
2 0.50000 0.50000 
1 1.00000 
1 1.00000 
3 0.00000 0.00000 1.00000 
1 1.00000 
2 0.50000 0.50000 
1 1.00000 
4 0.00000 0.00000 0.97586 0.02414 
3 0.33333 0.33333 0.33333 
1 1.00000 
2 0.50000 0.50000 
1 1.00000 
2 0.50000 0.50000 
1 1.00000 
1 1.00000 
