512
511 : 4 0 0 0 1 96
510 : 4 0 0 0 1 80
508 : 4 0 0 0 1 72
507 : 4 0 0 0 1 40
505 : 4 0 0 0 1 24
501 : 4 0 0 0 1 20
499 : 4 0 0 0 1 92
498 : 4 0 0 0 1 60
497 : 4 0 0 0 1 12
496 : 4 0 0 0 1 66
493 : 4 0 0 0 1 18
491 : 4 0 0 0 1 90
488 : 4 0 0 0 1 102
485 : 4 0 0 0 1 78
483 : 4 0 0 0 1 126
480 : 4 0 0 0 1 65
479 : 4 0 0 0 1 33
478 : 4 0 0 0 1 113
477 : 4 0 0 0 1 17
474 : 4 0 0 0 1 57
471 : 4 0 0 0 1 85
469 : 4 0 0 0 1 77
468 : 4 0 0 0 1 45
463 : 4 0 0 0 1 83
462 : 4 0 0 0 1 51
460 : 4 0 0 0 1 43
458 : 4 0 0 0 1 27
456 : 4 0 0 0 1 39
494 : 4 0 0 0 1 114
452 : 4 0 0 0 1 95
459 : 4 0 0 0 1 123
451 : 4 0 0 0 1 63
450 : 4 0 0 0 1 15
447 : 4 0 0 1 0 96
443 : 4 0 0 1 0 40
441 : 4 0 0 1 0 24
440 : 4 0 0 1 0 68
437 : 4 0 0 1 0 20
433 : 4 0 0 1 0 12
432 : 4 0 0 1 0 66
428 : 4 0 0 1 0 106
427 : 4 0 0 1 0 90
426 : 4 0 0 1 0 58
425 : 4 0 0 1 0 10
449 : 4 0 0 0 1 3
421 : 4 0 0 1 0 78
415 : 4 0 0 1 0 33
414 : 4 0 0 1 0 113
413 : 4 0 0 1 0 17
412 : 4 0 0 1 0 105
411 : 4 0 0 1 0 89
409 : 4 0 0 1 0 9
407 : 4 0 0 1 0 85
405 : 4 0 0 1 0 77
404 : 4 0 0 1 0 45
403 : 4 0 0 1 0 125
435 : 4 0 0 1 0 92
402 : 4 0 0 1 0 29
401 : 4 0 0 1 0 5
398 : 4 0 0 1 0 51
397 : 4 0 0 1 0 75
502 : 4 0 0 0 1 116
396 : 4 0 0 1 0 43
395 : 4 0 0 1 0 123
394 : 4 0 0 1 0 27
390 : 4 0 0 1 0 23
386 : 4 0 0 1 0 15
400 : 4 0 0 1 0 99
384 : 4 0 0 1 0 0
382 : 4 0 1 0 0 80
379 : 4 0 1 0 0 40
445 : 4 0 0 1 0 48
378 : 4 0 1 0 0 120
377 : 4 0 1 0 0 24
375 : 4 0 1 0 0 36
418 : 4 0 0 1 0 30
374 : 4 0 1 0 0 116
370 : 4 0 1 0 0 60
369 : 4 0 1 0 0 12
364 : 4 0 1 0 0 106
362 : 4 0 1 0 0 58
361 : 4 0 1 0 0 10
486 : 4 0 0 0 1 54
359 : 4 0 1 0 0 86
358 : 4 0 1 0 0 54
357 : 4 0 1 0 0 78
356 : 4 0 1 0 0 46
355 : 4 0 1 0 0 126
354 : 4 0 1 0 0 30
506 : 4 0 0 0 1 120
352 : 4 0 1 0 0 65
410 : 4 0 0 1 0 57
373 : 4 0 1 0 0 20
351 : 4 0 1 0 0 33
350 : 4 0 1 0 0 113
448 : 4 0 0 0 1 0
349 : 4 0 1 0 0 17
348 : 4 0 1 0 0 105
470 : 4 0 0 0 1 53
347 : 4 0 1 0 0 89
345 : 4 0 1 0 0 9
343 : 4 0 1 0 0 85
342 : 4 0 1 0 0 53
504 : 4 0 0 0 1 68
341 : 4 0 1 0 0 77
472 : 4 0 0 0 1 101
340 : 4 0 1 0 0 45
338 : 4 0 1 0 0 29
165 : 4 0 1 0 0 22
170 : 4 0 1 0 0 122
324 : 4 0 1 0 0 95
162 : 4 0 1 0 0 62
368 : 4 0 1 0 0 66
256 : 4 0 0 0 1 1
298 : 4 0 0 0 1 122
158 : 4 0 1 0 0 81
495 : 4 0 0 0 1 34
156 : 4 0 1 0 0 73
152 : 4 0 1 0 0 69
444 : 4 0 0 1 0 72
51 : 4 1 0 0 0 25
393 : 4 0 0 1 0 71
143 : 4 0 1 0 0 35
461 : 4 0 0 0 1 75
173 : 4 0 1 0 0 50
42 : 4 1 0 0 0 77
320 : 4 0 1 0 0 0
146 : 4 0 1 0 0 61
423 : 4 0 0 1 0 86
264 : 4 0 0 0 1 103
138 : 4 0 1 0 0 59
360 : 4 0 1 0 0 102
135 : 4 0 1 0 0 87
509 : 4 0 0 0 1 48
283 : 4 0 0 0 1 41
473 : 4 0 0 0 1 9
129 : 4 0 1 0 0 7
121 : 4 1 0 0 0 16
296 : 4 0 0 0 1 70
122 : 4 1 0 0 0 48
116 : 4 1 0 0 0 120
265 : 4 0 0 0 1 11
118 : 4 1 0 0 0 40
336 : 4 0 1 0 0 99
93 : 4 1 0 0 0 82
113 : 4 1 0 0 0 8
111 : 4 1 0 0 0 100
431 : 4 0 0 1 0 34
107 : 4 1 0 0 0 52
363 : 4 0 1 0 0 90
109 : 4 1 0 0 0 84
186 : 4 0 1 0 0 88
126 : 4 1 0 0 0 96
241 : 4 0 0 1 0 28
106 : 4 1 0 0 0 20
62 : 4 1 0 0 0 33
132 : 4 0 1 0 0 47
236 : 4 0 0 1 0 74
101 : 4 1 0 0 0 124
454 : 4 0 0 0 1 23
99 : 4 1 0 0 0 28
97 : 4 1 0 0 0 4
333 : 4 0 1 0 0 75
95 : 4 1 0 0 0 98
434 : 4 0 0 1 0 60
276 : 4 0 0 0 1 109
94 : 4 1 0 0 0 34
188 : 4 0 1 0 0 16
115 : 4 1 0 0 0 56
54 : 4 1 0 0 0 89
248 : 4 0 0 1 0 8
339 : 4 0 1 0 0 125
92 : 4 1 0 0 0 114
90 : 4 1 0 0 0 18
89 : 4 1 0 0 0 74
88 : 4 1 0 0 0 106
211 : 4 0 0 1 0 93
87 : 4 1 0 0 0 42
86 : 4 1 0 0 0 90
191 : 4 0 1 0 0 64
157 : 4 0 1 0 0 49
83 : 4 1 0 0 0 26
416 : 4 0 0 1 0 65
81 : 4 1 0 0 0 70
503 : 4 0 0 0 1 36
80 : 4 1 0 0 0 102
64 : 4 1 0 0 0 65
102 : 4 1 0 0 0 92
58 : 4 1 0 0 0 17
316 : 4 0 0 0 1 16
63 : 4 1 0 0 0 97
466 : 4 0 0 0 1 29
65 : 4 1 0 0 0 2
33 : 4 1 0 0 0 67
119 : 4 1 0 0 0 104
142 : 4 0 1 0 0 115
84 : 4 1 0 0 0 58
18 : 4 1 0 0 0 71
45 : 4 1 0 0 0 117
74 : 4 1 0 0 0 78
420 : 4 0 0 1 0 46
28 : 4 1 0 0 0 51
16 : 4 1 0 0 0 39
203 : 4 0 0 1 0 91
453 : 4 0 0 0 1 111
49 : 4 1 0 0 0 69
25 : 4 1 0 0 0 107
155 : 4 0 1 0 0 41
137 : 4 0 1 0 0 11
371 : 4 0 1 0 0 92
24 : 4 1 0 0 0 43
385 : 4 0 0 1 0 3
26 : 4 1 0 0 0 75
149 : 4 0 1 0 0 21
387 : 4 0 0 1 0 63
383 : 4 0 1 0 0 96
145 : 4 0 1 0 0 13
184 : 4 0 1 0 0 8
492 : 4 0 0 0 1 106
150 : 4 0 1 0 0 117
251 : 4 0 0 1 0 104
128 : 4 0 1 0 0 1
17 : 4 1 0 0 0 103
408 : 4 0 0 1 0 101
72 : 4 1 0 0 0 46
5 : 4 1 0 0 0 31
160 : 4 0 1 0 0 2
417 : 4 0 0 1 0 6
22 : 4 1 0 0 0 123
38 : 4 1 0 0 0 125
2 : 4 1 0 0 0 3
19 : 4 1 0 0 0 11
35 : 4 1 0 0 0 13
20 : 4 1 0 0 0 27
331 : 4 0 1 0 0 123
3 : 4 1 0 0 0 7
424 : 4 0 0 1 0 102
96 : 4 1 0 0 0 66
23 : 4 1 0 0 0 91
44 : 4 1 0 0 0 53
79 : 4 1 0 0 0 38
98 : 4 1 0 0 0 12
285 : 4 0 0 0 1 49
446 : 4 0 0 1 0 80
29 : 4 1 0 0 0 115
37 : 4 1 0 0 0 61
56 : 4 1 0 0 0 105
59 : 4 1 0 0 0 49
130 : 4 0 1 0 0 31
317 : 4 0 0 0 1 112
366 : 4 0 1 0 0 114
1 : 4 1 0 0 0 1
232 : 4 0 0 1 0 70
32 : 4 1 0 0 0 99
134 : 4 0 1 0 0 55
406 : 4 0 0 1 0 53
133 : 4 0 1 0 0 79
6 : 4 1 0 0 0 63
430 : 4 0 0 1 0 114
108 : 4 1 0 0 0 116
194 : 4 0 0 1 0 31
85 : 4 1 0 0 0 122
52 : 4 1 0 0 0 57
243 : 4 0 0 1 0 44
346 : 4 0 1 0 0 57
140 : 4 0 1 0 0 107
14 : 4 1 0 0 0 119
11 : 4 1 0 0 0 79
327 : 4 0 1 0 0 119
163 : 4 0 1 0 0 94
131 : 4 0 1 0 0 127
228 : 4 0 0 1 0 110
457 : 4 0 0 0 1 71
10 : 4 1 0 0 0 111
389 : 4 0 0 1 0 111
314 : 4 0 0 0 1 88
15 : 4 1 0 0 0 87
438 : 4 0 0 1 0 116
9 : 4 1 0 0 0 47
105 : 4 1 0 0 0 76
78 : 4 1 0 0 0 86
272 : 4 0 0 0 1 67
91 : 4 1 0 0 0 50
380 : 4 0 1 0 0 72
280 : 4 0 0 0 1 69
367 : 4 0 1 0 0 34
39 : 4 1 0 0 0 93
147 : 4 0 1 0 0 93
475 : 4 0 0 0 1 89
12 : 4 1 0 0 0 23
7 : 4 1 0 0 0 127
75 : 4 1 0 0 0 22
205 : 4 0 0 1 0 19
41 : 4 1 0 0 0 109
112 : 4 1 0 0 0 68
47 : 4 1 0 0 0 37
172 : 4 0 1 0 0 74
125 : 4 1 0 0 0 32
419 : 4 0 0 1 0 126
189 : 4 0 1 0 0 112
263 : 4 0 0 0 1 87
66 : 4 1 0 0 0 6
151 : 4 0 1 0 0 37
234 : 4 0 0 1 0 122
153 : 4 0 1 0 0 25
127 : 4 1 0 0 0 64
250 : 4 0 0 1 0 88
262 : 4 0 0 0 1 55
82 : 4 1 0 0 0 10
271 : 4 0 0 0 1 35
30 : 4 1 0 0 0 83
303 : 4 0 0 0 1 98
55 : 4 1 0 0 0 41
181 : 4 0 1 0 0 52
77 : 4 1 0 0 0 118
40 : 4 1 0 0 0 45
334 : 4 0 1 0 0 51
57 : 4 1 0 0 0 73
233 : 4 0 0 1 0 26
239 : 4 0 0 1 0 98
139 : 4 0 1 0 0 91
148 : 4 0 1 0 0 109
60 : 4 1 0 0 0 113
161 : 4 0 1 0 0 14
43 : 4 1 0 0 0 21
124 : 4 1 0 0 0 80
31 : 4 1 0 0 0 35
70 : 4 1 0 0 0 126
61 : 4 1 0 0 0 81
110 : 4 1 0 0 0 36
326 : 4 0 1 0 0 23
21 : 4 1 0 0 0 59
442 : 4 0 0 1 0 120
297 : 4 0 0 0 1 26
200 : 4 0 0 1 0 103
76 : 4 1 0 0 0 54
166 : 4 0 1 0 0 118
167 : 4 0 1 0 0 38
100 : 4 1 0 0 0 60
311 : 4 0 0 0 1 100
436 : 4 0 0 1 0 108
73 : 4 1 0 0 0 110
169 : 4 0 1 0 0 26
141 : 4 0 1 0 0 19
171 : 4 0 1 0 0 42
353 : 4 0 1 0 0 6
36 : 4 1 0 0 0 29
174 : 4 0 1 0 0 82
328 : 4 0 1 0 0 39
0 : 4 1 0 0 0 0
175 : 4 0 1 0 0 98
192 : 4 0 0 1 0 1
176 : 4 0 1 0 0 4
177 : 4 0 1 0 0 28
144 : 4 0 1 0 0 67
329 : 4 0 1 0 0 71
266 : 4 0 0 0 1 59
179 : 4 0 1 0 0 44
376 : 4 0 1 0 0 68
103 : 4 1 0 0 0 44
67 : 4 1 0 0 0 14
180 : 4 0 1 0 0 76
13 : 4 1 0 0 0 55
182 : 4 0 1 0 0 84
372 : 4 0 1 0 0 108
120 : 4 1 0 0 0 72
183 : 4 0 1 0 0 100
282 : 4 0 0 0 1 121
187 : 4 0 1 0 0 104
197 : 4 0 0 1 0 79
190 : 4 0 1 0 0 32
198 : 4 0 0 1 0 55
193 : 4 0 0 1 0 7
230 : 4 0 0 1 0 118
195 : 4 0 0 1 0 127
213 : 4 0 0 1 0 21
237 : 4 0 0 1 0 50
168 : 4 0 1 0 0 70
199 : 4 0 0 1 0 87
202 : 4 0 0 1 0 59
204 : 4 0 0 1 0 107
206 : 4 0 0 1 0 115
253 : 4 0 0 1 0 112
302 : 4 0 0 0 1 82
159 : 4 0 1 0 0 97
308 : 4 0 0 0 1 76
365 : 4 0 1 0 0 18
34 : 4 1 0 0 0 5
207 : 4 0 0 1 0 35
489 : 4 0 0 0 1 10
226 : 4 0 0 1 0 62
208 : 4 0 0 1 0 67
71 : 4 1 0 0 0 94
299 : 4 0 0 0 1 42
225 : 4 0 0 1 0 14
344 : 4 0 1 0 0 101
210 : 4 0 0 1 0 61
104 : 4 1 0 0 0 108
214 : 4 0 0 1 0 117
215 : 4 0 0 1 0 37
399 : 4 0 0 1 0 83
252 : 4 0 0 1 0 16
216 : 4 0 0 1 0 69
465 : 4 0 0 0 1 5
217 : 4 0 0 1 0 25
196 : 4 0 0 1 0 47
306 : 4 0 0 0 1 124
8 : 4 1 0 0 0 95
224 : 4 0 0 1 0 2
218 : 4 0 0 1 0 121
307 : 4 0 0 0 1 44
219 : 4 0 0 1 0 41
231 : 4 0 0 1 0 38
429 : 4 0 0 1 0 18
337 : 4 0 1 0 0 5
220 : 4 0 0 1 0 73
46 : 4 1 0 0 0 85
249 : 4 0 0 1 0 56
422 : 4 0 0 1 0 54
315 : 4 0 0 0 1 104
221 : 4 0 0 1 0 49
277 : 4 0 0 0 1 21
335 : 4 0 1 0 0 83
222 : 4 0 0 1 0 81
467 : 4 0 0 0 1 125
455 : 4 0 0 0 1 119
223 : 4 0 0 1 0 97
227 : 4 0 0 1 0 94
154 : 4 0 1 0 0 121
229 : 4 0 0 1 0 22
392 : 4 0 0 1 0 39
254 : 4 0 0 1 0 32
235 : 4 0 0 1 0 42
310 : 4 0 0 0 1 84
313 : 4 0 0 0 1 56
48 : 4 1 0 0 0 101
238 : 4 0 0 1 0 82
294 : 4 0 0 0 1 118
500 : 4 0 0 0 1 108
240 : 4 0 0 1 0 4
4 : 4 1 0 0 0 15
269 : 4 0 0 0 1 19
242 : 4 0 0 1 0 124
50 : 4 1 0 0 0 9
68 : 4 1 0 0 0 30
244 : 4 0 0 1 0 76
53 : 4 1 0 0 0 121
245 : 4 0 0 1 0 52
246 : 4 0 0 1 0 84
300 : 4 0 0 0 1 74
247 : 4 0 0 1 0 100
388 : 4 0 0 1 0 95
255 : 4 0 0 1 0 64
257 : 4 0 0 0 1 7
164 : 4 0 1 0 0 110
114 : 4 1 0 0 0 24
258 : 4 0 0 0 1 31
490 : 4 0 0 0 1 58
439 : 4 0 0 1 0 36
259 : 4 0 0 0 1 127
27 : 4 1 0 0 0 19
260 : 4 0 0 0 1 47
482 : 4 0 0 0 1 30
391 : 4 0 0 1 0 119
309 : 4 0 0 0 1 52
261 : 4 0 0 0 1 79
267 : 4 0 0 0 1 91
268 : 4 0 0 0 1 107
270 : 4 0 0 0 1 115
209 : 4 0 0 1 0 13
273 : 4 0 0 0 1 13
275 : 4 0 0 0 1 93
178 : 4 0 1 0 0 124
278 : 4 0 0 0 1 117
295 : 4 0 0 0 1 38
464 : 4 0 0 0 1 99
279 : 4 0 0 0 1 37
287 : 4 0 0 0 1 97
484 : 4 0 0 0 1 46
481 : 4 0 0 0 1 6
284 : 4 0 0 0 1 73
201 : 4 0 0 1 0 11
185 : 4 0 1 0 0 56
286 : 4 0 0 0 1 81
288 : 4 0 0 0 1 2
289 : 4 0 0 0 1 14
136 : 4 0 1 0 0 103
290 : 4 0 0 0 1 62
212 : 4 0 0 1 0 109
291 : 4 0 0 0 1 94
69 : 4 1 0 0 0 62
292 : 4 0 0 0 1 110
293 : 4 0 0 0 1 22
281 : 4 0 0 0 1 25
301 : 4 0 0 0 1 50
381 : 4 0 1 0 0 48
304 : 4 0 0 0 1 4
123 : 4 1 0 0 0 112
305 : 4 0 0 0 1 28
330 : 4 0 1 0 0 27
312 : 4 0 0 0 1 8
318 : 4 0 0 0 1 32
487 : 4 0 0 0 1 86
476 : 4 0 0 0 1 105
319 : 4 0 0 0 1 64
321 : 4 0 1 0 0 3
322 : 4 0 1 0 0 15
323 : 4 0 1 0 0 63
117 : 4 1 0 0 0 88
274 : 4 0 0 0 1 61
325 : 4 0 1 0 0 111
332 : 4 0 1 0 0 43
