512
8 0.07696 0.02167 0.00009 0.90120 0.00002 0.00002 0.00002 0.00001 
8 0.00029 0.00019 0.99700 0.00001 0.00000 0.00000 0.00000 0.00251 
7 0.00002 0.99985 0.00000 0.00000 0.00000 0.00000 0.00013 
6 1.00000 0.00000 0.00000 0.00000 0.00000 0.00000 
5 0.33333 0.33333 0.33333 0.00000 0.00000 
4 0.00000 0.00000 0.00000 1.00000 
3 0.00000 0.00000 1.00000 
2 0.50000 0.50000 
2 0.00000 1.00000 
3 0.00000 0.00000 1.00000 
2 0.00000 1.00000 
2 0.00000 1.00000 
4 0.00000 0.00000 0.00000 1.00000 
3 0.33333 0.33333 0.33333 
2 0.00000 1.00000 
2 0.50000 0.50000 
3 0.00000 0.00000 1.00000 
2 0.50000 0.50000 
2 0.00000 1.00000 
5 0.00000 0.00000 0.00000 1.00000 0.00000 
4 0.00000 0.00000 0.00000 1.00000 
3 0.33333 0.33333 0.33333 
2 0.00000 1.00000 
2 0.50000 0.50000 
3 0.00000 0.00000 1.00000 
2 0.50000 0.50000 
2 0.00000 1.00000 
4 0.00000 0.00000 0.00000 1.00000 
3 0.00000 0.00000 1.00000 
2 0.50000 0.50000 
2 0.00000 1.00000 
3 0.00000 0.00000 1.00000 
2 0.00000 1.00000 
2 0.00000 1.00000 
6 0.99989 0.00004 0.00004 0.00004 0.00000 0.00000 
5 0.20000 0.20000 0.20000 0.20000 0.20000 
4 0.00000 0.00000 0.00000 1.00000 
3 0.00000 0.00000 1.00000 
2 0.00000 1.00000 
2 0.00000 1.00000 
3 0.00000 0.00000 1.00000 
2 0.00000 1.00000 
2 0.00000 1.00000 
4 0.00000 0.00000 0.00000 1.00000 
3 0.00000 0.00000 1.00000 
2 0.50000 0.50000 
2 0.00000 1.00000 
3 0.00000 0.00000 1.00000 
2 0.00000 1.00000 
2 0.00000 1.00000 
5 0.00006 0.00006 0.00006 0.99981 0.00000 
4 0.00000 0.00000 0.00000 1.00000 
3 0.00000 0.00000 1.00000 
2 0.50000 0.50000 
2 0.00000 1.00000 
3 0.00000 0.00000 1.00000 
2 0.00000 1.00000 
2 0.00000 1.00000 
4 0.00000 0.00000 0.00000 1.00000 
3 0.00000 0.00000 1.00000 
2 0.00000 1.00000 
2 0.00000 1.00000 
3 0.00000 0.00000 1.00000 
2 0.50000 0.50000 
2 0.00000 1.00000 
7 0.00038 0.99956 0.00000 0.00000 0.00000 0.00000 0.00007 
6 0.99962 0.00013 0.00013 0.00013 0.00000 0.00000 
5 0.20000 0.20000 0.20000 0.20000 0.20000 
4 0.00000 0.00000 0.00000 1.00000 
3 0.00000 0.00000 1.00000 
2 0.00000 1.00000 
2 0.00000 1.00000 
3 0.00000 0.00000 1.00000 
2 0.00000 1.00000 
2 0.00000 1.00000 
4 0.00000 0.00000 0.00000 1.00000 
3 0.00000 0.00000 1.00000 
2 0.50000 0.50000 
2 0.00000 1.00000 
3 0.00000 0.00000 1.00000 
2 0.00000 1.00000 
2 0.00000 1.00000 
5 0.00023 0.00023 0.00023 0.99931 0.00000 
4 0.00000 0.00000 0.00000 1.00000 
3 0.00000 0.00000 1.00000 
2 0.50000 0.50000 
2 0.00000 1.00000 
3 0.00000 0.00000 1.00000 
2 0.00000 1.00000 
2 0.00000 1.00000 
4 0.00000 0.00000 0.00000 1.00000 
3 0.33333 0.33333 0.33333 
2 0.00000 1.00000 
2 0.50000 0.50000 
3 0.00000 0.00000 1.00000 
2 0.50000 0.50000 
2 0.00000 1.00000 
6 1.00000 0.00000 0.00000 0.00000 0.00000 0.00000 
5 0.07251 0.07251 0.07251 0.78248 0.00000 
4 0.00000 0.00000 0.00000 1.00000 
3 0.00000 0.00000 1.00000 
2 0.50000 0.50000 
2 0.00000 1.00000 
3 0.00000 0.00000 1.00000 
2 0.00000 1.00000 
2 0.00000 1.00000 
4 0.00000 0.00000 0.00000 1.00000 
3 0.33333 0.33333 0.33333 
2 0.00000 1.00000 
2 0.50000 0.50000 
3 0.00000 0.00000 1.00000 
2 0.50000 0.50000 
2 0.00000 1.00000 
5 0.00016 0.00016 0.00016 0.99934 0.00016 
4 0.00000 0.00000 0.00000 1.00000 
3 0.00000 0.00000 1.00000 
2 0.00000 1.00000 
2 0.00000 1.00000 
3 0.00000 0.00000 1.00000 
2 0.00000 1.00000 
2 0.00000 1.00000 
4 0.00000 0.00000 0.00000 1.00000 
3 0.00000 0.00000 1.00000 
2 0.50000 0.50000 
2 0.00000 1.00000 
3 0.00000 0.00000 1.00000 
2 0.00000 1.00000 
2 0.00000 1.00000 
8 0.00431 0.00075 0.00017 0.99453 0.00006 0.00006 0.00006 0.00006 
6 0.00230 0.00230 0.00230 0.00230 0.00230 0.98851 
4 0.25000 0.25000 0.25000 0.25000 
2 0.50000 0.50000 
3 0.33333 0.33333 0.33333 
2 0.50000 0.50000 
3 0.33333 0.33333 0.33333 
2 0.50000 0.50000 
2 0.50000 0.50000 
5 0.20000 0.20000 0.20000 0.20000 0.20000 
3 0.33333 0.33333 0.33333 
2 0.50000 0.50000 
2 0.50000 0.50000 
4 0.25000 0.25000 0.25000 0.25000 
2 0.50000 0.50000 
3 0.00460 0.00460 0.99081 
2 0.50000 0.50000 
5 0.01577 0.01577 0.01577 0.01577 0.93691 
3 0.33333 0.33333 0.33333 
2 0.50000 0.50000 
2 0.50000 0.50000 
4 0.25000 0.25000 0.25000 0.25000 
2 0.50000 0.50000 
3 0.33333 0.33333 0.33333 
2 0.03943 0.96057 
4 0.25000 0.25000 0.25000 0.25000 
2 0.50000 0.50000 
3 0.33333 0.33333 0.33333 
2 0.50000 0.50000 
3 0.00010 0.00010 0.99980 
2 0.00015 0.99985 
2 0.50000 0.50000 
7 0.00172 0.00044 0.00008 0.00008 0.00008 0.00008 0.99750 
5 0.00986 0.00986 0.00986 0.00986 0.96055 
3 0.33333 0.33333 0.33333 
2 0.50000 0.50000 
2 0.50000 0.50000 
4 0.25000 0.25000 0.25000 0.25000 
2 0.50000 0.50000 
3 0.01729 0.01729 0.96542 
2 0.02593 0.97407 
4 0.25000 0.25000 0.25000 0.25000 
2 0.50000 0.50000 
3 0.33333 0.33333 0.33333 
2 0.50000 0.50000 
3 0.33333 0.33333 0.33333 
2 0.50000 0.50000 
2 0.50000 0.50000 
6 0.00002 0.00002 0.00002 0.00002 0.00002 0.99990 
4 0.25000 0.25000 0.25000 0.25000 
2 0.50000 0.50000 
3 0.33333 0.33333 0.33333 
2 0.50000 0.50000 
3 0.33333 0.33333 0.33333 
2 0.50000 0.50000 
2 0.50000 0.50000 
5 0.00002 0.00002 0.00002 0.00002 0.99990 
3 0.33333 0.33333 0.33333 
2 0.50000 0.50000 
2 0.50000 0.50000 
4 0.25000 0.25000 0.25000 0.25000 
2 0.50000 0.50000 
3 0.00004 0.00004 0.99992 
2 0.00012 0.99988 
8 0.01478 0.00096 0.00022 0.00075 0.00094 0.00000 0.00000 0.98234 
6 0.00527 0.00210 0.03108 0.00038 0.00000 0.96117 
4 0.00000 0.00000 0.00000 1.00000 
2 0.50000 0.50000 
3 0.00000 0.00000 1.00000 
2 0.00000 1.00000 
3 0.00000 0.00000 1.00000 
2 0.00000 1.00000 
2 0.00000 1.00000 
5 0.04134 0.00431 0.00027 0.00027 0.95380 
3 0.00000 0.00000 1.00000 
2 0.00000 1.00000 
2 0.00000 1.00000 
4 0.00000 0.00000 0.00000 1.00000 
2 0.50000 0.50000 
3 0.00000 0.00000 1.00000 
2 0.00000 1.00000 
5 0.01205 0.00185 0.00000 0.00000 0.98610 
3 0.00000 0.00000 1.00000 
2 0.00000 1.00000 
2 0.00000 1.00000 
4 0.00000 0.00000 0.00000 1.00000 
2 0.50000 0.50000 
3 0.00000 0.00000 1.00000 
2 0.00000 1.00000 
4 0.00000 0.00000 0.00000 1.00000 
2 0.50000 0.50000 
3 0.00000 0.00000 1.00000 
2 0.00000 1.00000 
3 0.00000 0.00000 1.00000 
2 0.00000 1.00000 
2 0.00000 1.00000 
7 0.00275 0.00044 0.00034 0.99647 0.00000 0.00000 0.00000 
5 0.02449 0.50096 0.00000 0.00000 0.47455 
3 0.00000 0.00000 1.00000 
2 0.00000 1.00000 
2 0.00000 1.00000 
4 0.00000 0.00000 0.00000 1.00000 
2 0.50000 0.50000 
3 0.00000 0.00000 1.00000 
2 0.00000 1.00000 
4 0.00000 0.00000 0.00000 1.00000 
2 0.50000 0.50000 
3 0.00000 0.00000 1.00000 
2 0.00000 1.00000 
3 0.00000 0.00000 1.00000 
2 0.00000 1.00000 
2 0.00000 1.00000 
6 0.00048 0.00000 0.00003 0.00000 0.00000 0.99949 
4 0.00000 0.00000 0.00000 1.00000 
2 0.50000 0.50000 
3 0.00000 0.00000 1.00000 
2 0.00000 1.00000 
3 0.33333 0.33333 0.33333 
2 0.50000 0.50000 
2 0.00000 1.00000 
5 0.00028 0.00079 0.00005 0.00005 0.99883 
3 0.00000 0.00000 1.00000 
2 0.00000 1.00000 
2 0.00000 1.00000 
4 0.00000 0.00000 0.00000 1.00000 
2 0.50000 0.50000 
3 0.00000 0.00000 1.00000 
2 0.00000 1.00000 
8 0.00125 0.99149 0.00006 0.00025 0.00004 0.00012 0.00001 0.00677 
6 0.01885 0.01068 0.00000 0.97048 0.00000 0.00000 
4 0.00000 0.05016 0.00000 0.94984 
2 0.50000 0.50000 
3 0.05016 0.00000 0.94984 
2 0.05016 0.94984 
3 0.08252 0.00000 0.91748 
2 0.08252 0.91748 
2 0.50000 0.50000 
5 0.00000 0.00000 0.00588 0.00000 0.99412 
3 0.50000 0.00000 0.50000 
2 0.50000 0.50000 
2 0.50000 0.50000 
4 0.00000 0.00588 0.00000 0.99412 
2 0.50000 0.50000 
3 0.00588 0.00000 0.99412 
2 0.00588 0.99412 
5 0.00000 0.00000 0.00001 0.00000 0.99998 
3 0.15267 0.00000 0.84733 
2 0.15267 0.84733 
2 0.50000 0.50000 
4 0.00000 0.00001 0.00000 0.99999 
2 0.50000 0.50000 
3 0.00001 0.00000 0.99999 
2 0.00001 0.99999 
4 0.00000 0.11455 0.00000 0.88545 
2 0.50000 0.50000 
3 0.11455 0.00000 0.88545 
2 0.11455 0.88545 
3 0.02985 0.00000 0.97015 
2 0.02985 0.97015 
2 0.17568 0.82432 
7 0.98526 0.00002 0.00002 0.00002 0.00084 0.00002 0.01383 
5 0.00000 0.00000 0.00005 0.00000 0.99995 
3 0.50000 0.00000 0.50000 
2 0.50000 0.50000 
2 0.50000 0.50000 
4 0.00000 0.00089 0.00000 0.99911 
2 0.50000 0.50000 
3 0.00089 0.00000 0.99911 
2 0.00089 0.99911 
4 0.00000 0.50000 0.00000 0.50000 
2 0.50000 0.50000 
3 0.50000 0.00000 0.50000 
2 0.50000 0.50000 
3 0.50000 0.00000 0.50000 
2 0.50000 0.50000 
2 0.50000 0.50000 
6 0.00011 0.00007 0.00002 0.99976 0.00002 0.00002 
4 0.00000 0.50000 0.00000 0.50000 
2 0.50000 0.50000 
3 0.50000 0.00000 0.50000 
2 0.50000 0.50000 
3 0.50000 0.00000 0.50000 
2 0.50000 0.50000 
2 0.50000 0.50000 
5 0.00002 0.00002 0.00008 0.00002 0.99985 
3 0.50000 0.00000 0.50000 
2 0.50000 0.50000 
2 0.50000 0.50000 
4 0.00003 0.00038 0.00003 0.99956 
2 0.50000 0.50000 
3 0.00010 0.00004 0.99986 
2 0.50000 0.50000 
8 0.23819 0.19576 0.25208 0.31091 0.00306 0.00000 0.00000 0.00000 
7 0.00029 0.00014 0.00039 0.00014 0.00014 0.00014 0.99877 
5 0.09581 0.06704 0.06704 0.06704 0.70305 
3 0.26064 0.26064 0.47873 
2 0.39096 0.60904 
2 0.39096 0.60904 
4 0.13056 0.13056 0.08381 0.65508 
2 0.39096 0.60904 
3 0.11174 0.11174 0.77652 
2 0.16761 0.83239 
4 0.30452 0.30452 0.19548 0.19548 
2 0.39096 0.60904 
3 0.26064 0.26064 0.47873 
2 0.39096 0.60904 
3 0.10116 0.10116 0.79768 
2 0.15174 0.84826 
2 0.39096 0.60904 
6 0.00016 0.00306 0.00016 0.00016 0.00016 0.99629 
4 0.30452 0.30452 0.19548 0.19548 
2 0.39096 0.60904 
3 0.26064 0.26064 0.47873 
2 0.00000 1.00000 
3 0.01888 0.01888 0.96224 
2 0.00000 1.00000 
2 0.00000 1.00000 
5 0.00043 0.00020 0.00020 0.00020 0.99898 
3 0.12556 0.12556 0.74889 
2 0.18833 0.81167 
2 0.39096 0.60904 
4 0.22971 0.00133 0.00024 0.76872 
2 0.00053 0.99947 
3 0.00033 0.00033 0.99935 
2 0.00000 1.00000 
6 0.00000 0.00049 0.00040 0.00043 0.00000 0.99868 
4 0.25000 0.25000 0.25000 0.25000 
2 0.50000 0.50000 
3 0.33333 0.33333 0.33333 
2 0.50000 0.50000 
3 0.00000 0.00000 1.00000 
2 0.00000 1.00000 
2 0.00000 1.00000 
5 0.30769 0.00000 0.00000 0.00000 0.69231 
3 0.00000 0.00000 1.00000 
2 0.00000 1.00000 
2 0.50000 0.50000 
4 0.00790 0.00395 0.00000 0.98815 
2 0.00000 1.00000 
3 0.00000 0.00000 1.00000 
2 0.00000 1.00000 
5 0.00000 0.00000 0.00000 0.00000 1.00000 
3 0.33333 0.33333 0.33333 
2 0.50000 0.50000 
2 0.50000 0.50000 
4 0.00000 0.00000 0.00000 1.00000 
2 0.50000 0.50000 
3 0.00001 0.00001 0.99998 
2 0.00000 1.00000 
4 0.25000 0.25000 0.25000 0.25000 
2 0.50000 0.50000 
3 0.33333 0.33333 0.33333 
2 0.50000 0.50000 
3 0.00000 0.00000 1.00000 
2 0.00000 1.00000 
2 0.50000 0.50000 
8 0.24496 0.68885 0.00041 0.00192 0.00000 0.06386 0.00000 0.00000 
7 0.00059 0.00157 0.00000 0.99784 0.00000 0.00000 0.00000 
5 0.00000 0.00000 0.00000 0.00000 1.00000 
3 0.33333 0.33333 0.33333 
2 0.50000 0.50000 
2 0.50000 0.50000 
4 0.00000 0.00000 0.00000 1.00000 
2 0.50000 0.50000 
3 0.00000 0.00000 1.00000 
2 0.00000 1.00000 
4 0.00000 0.00000 0.00000 1.00000 
2 0.50000 0.50000 
3 0.00000 0.00000 1.00000 
2 0.00000 1.00000 
3 0.33333 0.33333 0.33333 
2 0.50000 0.50000 
2 0.00000 1.00000 
6 0.00035 0.00000 0.00000 0.00000 0.00000 0.99965 
4 0.00000 0.00000 0.00000 1.00000 
2 0.50000 0.50000 
3 0.00000 0.00000 1.00000 
2 0.00000 1.00000 
3 0.33333 0.33333 0.33333 
2 0.50000 0.50000 
2 0.50000 0.50000 
5 0.00000 0.00000 0.00000 0.00000 1.00000 
3 0.33333 0.33333 0.33333 
2 0.50000 0.50000 
2 0.50000 0.50000 
4 0.00000 0.00000 0.00000 1.00000 
2 0.50000 0.50000 
3 0.00000 0.00000 1.00000 
2 0.00000 1.00000 
6 0.00016 0.00000 0.00265 0.00000 0.00000 0.99719 
4 0.00000 0.00000 0.00000 1.00000 
2 0.50000 0.50000 
3 0.00000 0.00000 1.00000 
2 0.00000 1.00000 
3 0.00000 0.00000 1.00000 
2 0.00000 1.00000 
2 0.00000 1.00000 
5 0.00000 0.00000 0.00000 0.00000 1.00000 
3 0.33333 0.33333 0.33333 
2 0.50000 0.50000 
2 0.50000 0.50000 
4 0.00000 0.00000 0.00000 1.00000 
2 0.50000 0.50000 
3 0.00000 0.00000 1.00000 
2 0.00000 1.00000 
5 0.00000 0.00000 0.00000 0.00000 1.00000 
3 0.33333 0.33333 0.33333 
2 0.50000 0.50000 
2 0.50000 0.50000 
4 0.00000 0.00000 0.00000 1.00000 
2 0.50000 0.50000 
3 0.00000 0.00000 1.00000 
2 0.00000 1.00000 
4 0.00000 0.00000 0.00000 1.00000 
2 0.50000 0.50000 
3 0.00000 0.00000 1.00000 
2 0.00000 1.00000 
3 0.33333 0.33333 0.33333 
2 0.50000 0.50000 
2 0.00000 1.00000 
8 0.00853 0.10382 0.88619 0.00106 0.00004 0.00004 0.00030 0.00001 
7 0.99277 0.00025 0.00025 0.00025 0.00025 0.00025 0.00600 
5 0.00005 0.00005 0.00005 0.00005 0.99980 
3 0.15556 0.15556 0.68889 
2 0.23333 0.76667 
2 0.23333 0.76667 
4 0.00006 0.00006 0.00006 0.99981 
2 0.23333 0.76667 
3 0.00008 0.00008 0.99983 
2 0.00012 0.99988 
4 0.11667 0.11667 0.11667 0.65000 
2 0.23333 0.76667 
3 0.15556 0.15556 0.68889 
2 0.23333 0.76667 
3 0.15556 0.15556 0.68889 
2 0.23333 0.76667 
2 0.23333 0.76667 
6 0.00183 0.00183 0.00183 0.99392 0.00029 0.00029 
4 0.03822 0.03822 0.03822 0.88535 
2 0.23333 0.76667 
3 0.05096 0.05096 0.89809 
2 0.07643 0.92357 
3 0.05096 0.05096 0.89809 
2 0.07643 0.92357 
2 0.07643 0.92357 
5 0.00034 0.00034 0.00034 0.00034 0.99862 
3 0.15556 0.15556 0.68889 
2 0.23333 0.76667 
2 0.23333 0.76667 
4 0.00043 0.00043 0.00043 0.99871 
2 0.23333 0.76667 
3 0.00057 0.00057 0.99885 
2 0.00086 0.99914 
6 0.00063 0.00006 0.00006 0.99920 0.00002 0.00002 
4 0.00775 0.00775 0.00775 0.97675 
2 0.23333 0.76667 
3 0.01033 0.01033 0.97934 
2 0.01550 0.98450 
3 0.14985 0.14985 0.70031 
2 0.22477 0.77523 
2 0.22477 0.77523 
5 0.00003 0.00003 0.00003 0.00003 0.99989 
3 0.15556 0.15556 0.68889 
2 0.23333 0.76667 
2 0.23333 0.76667 
4 0.00004 0.00004 0.00004 0.99989 
2 0.23333 0.76667 
3 0.00005 0.00005 0.99991 
2 0.00007 0.99993 
5 0.00000 0.00000 0.00000 0.00000 0.99999 
3 0.15556 0.15556 0.68889 
2 0.23333 0.76667 
2 0.23333 0.76667 
4 0.00000 0.00000 0.00000 0.99999 
2 0.23333 0.76667 
3 0.00001 0.00001 0.99999 
2 0.00001 0.99999 
4 0.00346 0.00346 0.00346 0.98961 
2 0.23333 0.76667 
3 0.00462 0.00462 0.99077 
2 0.00692 0.99308 
3 0.12661 0.12661 0.74677 
2 0.18992 0.81008 
2 0.18992 0.81008 
