0 4 0 
1 7 0 
2 6.66667 0 
3 6.25 0 
4 5 0 
5 4.16667 0 
6 3.57143 0 
7 3.125 0 
8 2.77778 0 
9 2.8 0 
10 3.09091 0 
11 2.83333 0 
12 2.76923 0 
13 2.57143 0 
14 2.4 0 
15 2.25 0 
16 2.47059 0 
17 2.66667 0 
18 2.84211 0 
19 2.7 0 
20 2.57143 0 
21 2.86364 0 
22 2.82609 0 
23 2.875 0 
24 2.76 0 
25 2.65385 0 
26 2.55556 0 
27 2.46429 0 
28 2.37931 0 
29 2.3 0 
30 2.22581 0.446237 
31 2.25 0.432292 
32 2.18182 0.60101 
33 2.20588 0.583333 
34 2.14286 0.566667 
35 2.5 0.550926 
36 2.52703 0.536036 
37 2.67105 0.52193 
38 2.60256 0.508547 
39 2.6375 0.495833 
40 2.6626 0.48374 
41 2.59921 0.472222 
42 2.53876 0.46124 
43 2.48106 0.450758 
44 2.52716 0.453086 
45 2.5157 0.47494 
46 2.74941 0.464835 
47 2.69213 0.45515 
48 2.75964 0.445862 
49 2.70444 0.436944 
50 3.27887 0.546024 
51 3.2735 0.535524 
52 3.21174 0.525419 
53 3.15226 0.571245 
54 3.13131 0.560859 
55 3.16468 0.550843 
56 3.17934 0.552875 
57 3.12452 0.574952 
58 3.07156 0.565207 
59 3.19537 0.555787 
60 3.14299 0.677823 
61 3.09229 0.666891 
62 3.04321 0.656305 
63 3.08941 0.64605 
64 3.16496 0.636111 
65 3.17761 0.626473 
66 3.13018 0.639511 
67 3.09395 0.649714 
68 3.13607 0.640298 
69 3.1254 0.631151 
70 3.08138 0.706768 
71 3.10108 0.738619 
72 3.20928 0.728501 
73 3.16592 0.735173 
74 3.1237 0.72537 
75 3.2405 0.724598 
76 3.19841 0.741162 
77 3.15741 0.73166 
78 3.11744 0.722398 
79 3.12847 0.746701 
80 3.12654 0.762174 
81 3.14533 0.752879 
82 3.10743 0.808066 
83 3.34425 0.957176 
84 3.33366 0.945915 
85 3.43443 0.934916 
86 3.41794 0.92417 
87 3.42456 0.913668 
88 3.44226 0.903402 
89 3.47809 0.893364 
90 3.63767 0.909188 
91 3.59813 0.899306 
92 3.57019 0.921894 
93 3.62796 0.912086 
94 3.58977 0.936696 
95 3.57023 1.04384 
96 3.53342 1.03308 
97 3.579 1.06335 
98 3.56305 1.05261 
99 3.82242 1.06208 
100 3.87368 1.05157 
101 3.83571 1.04126 
102 3.79847 1.03115 
103 3.77156 1.04046 
104 3.84067 1.03056 
105 3.81575 1.09945 
106 3.79878 1.08917 
107 3.82225 1.07909 
108 3.78719 1.06919 
109 3.76791 1.05947 
110 3.73396 1.04992 
111 3.70062 1.07031 
112 3.68557 1.09245 
113 3.76728 1.19982 
114 3.73452 1.31693 
115 3.71669 1.34006 
116 3.68493 1.3286 
117 3.67065 1.32582 
118 3.70703 1.31468 
119 3.67614 1.30372 
120 3.64576 1.29295 
121 3.61587 1.28235 
122 3.70843 1.27192 
123 3.70003 1.27242 
124 3.70243 1.26224 
125 3.68891 1.28132 
126 3.74648 1.28042 
127 3.71721 1.30166 
128 3.69356 1.43111 
129 3.68823 1.4201 
130 3.66008 1.40926 
131 3.63992 1.41157 
132 3.64263 1.44983 
133 3.70873 1.48379 
134 3.68126 1.51724 
135 3.6738 1.5404 
136 3.66401 1.52915 
137 3.85485 1.51807 
138 3.83192 1.50715 
139 3.80455 1.49639 
140 3.77756 1.48577 
141 3.82138 1.49744 
142 3.79466 1.4963 
143 3.84123 1.4859 
144 3.81473 1.54267 
145 3.81943 1.53211 
146 3.79345 1.52168 
147 3.76781 1.5114 
148 3.84991 1.50573 
149 3.82424 1.50458 
150 3.80775 1.49462 
151 3.7827 1.48479 
152 3.75797 1.47508 
153 3.8169 1.4655 
154 3.79228 1.45605 
155 3.80216 1.45313 
156 3.85437 1.4961 
157 3.83822 1.52144 
158 3.85182 1.51187 
159 3.84024 1.54999 
160 3.87229 1.57142 
161 3.888 1.56172 
162 3.98684 1.55827 
163 4.01131 1.58536 
164 4.01731 1.58008 
165 3.99311 1.60671 
166 4.1668 1.66794 
167 4.1539 1.65801 
168 4.12932 1.65018 
169 4.12856 1.64047 
170 4.14535 1.63088 
171 4.1542 1.62915 
172 4.14945 1.67315 
173 4.15051 1.66353 
174 4.12679 1.65403 
175 4.10335 1.66735 
176 4.10559 1.68053 
177 4.10499 1.67109 
178 4.13296 1.66176 
179 4.11 1.69923 
180 4.10571 1.73036 
181 4.08315 1.72085 
182 4.07177 1.71145 
183 4.05326 1.70215 
184 4.03676 1.69295 
185 4.03748 1.68384 
186 4.03817 1.67484 
187 4.01669 1.78827 
188 4.02013 1.77881 
189 4.00599 1.76945 
190 4.00595 1.79945 
191 3.98509 1.81612 
192 3.98171 1.80671 
193 3.97493 1.7974 
194 3.95455 1.78818 
195 3.93437 1.77906 
196 3.94317 1.77003 
197 4.05457 1.76109 
198 4.03419 1.75224 
199 4.02069 1.74348 
200 4.02058 1.7945 
201 4.00068 1.80666 
202 4.05363 1.79776 
203 4.03376 1.82326 
204 4.09051 1.829 
205 4.10949 1.82012 
206 4.10735 1.85803 
207 4.0876 1.8491 
208 4.1317 1.84344 
209 4.13584 1.83466 
210 4.12414 1.82596 
211 4.11333 1.83622 
212 4.09402 1.83151 
213 4.20339 1.82373 
214 4.20547 1.84832 
215 4.18754 1.83977 
216 4.18053 1.8958 
217 4.16136 1.88711 
218 4.16823 1.87849 
219 4.20505 1.86995 
220 4.26747 1.92484 
221 4.24825 1.93239 
222 4.30693 1.92372 
223 4.29663 1.92704 
224 4.28642 1.91847 
225 4.32498 1.95718 
226 4.30593 1.99556 
227 4.33967 2.00315 
228 4.40806 2.01187 
229 4.38889 2.07667 
230 4.38288 2.07492 
231 4.36399 2.06598 
232 4.35354 2.05711 
233 4.33493 2.04832 
234 4.32287 2.03961 
235 4.30455 2.04579 
236 4.28639 2.03716 
237 4.27446 2.0286 
238 4.25658 2.02012 
239 4.26648 2.02906 
240 4.24878 2.03724 
241 4.24591 2.02882 
242 4.23256 2.02047 
243 4.26439 2.01219 
244 4.25923 2.00398 
245 4.24598 1.99583 
246 4.24903 1.98775 
247 4.26139 2.00796 
248 4.27105 1.9999 
249 4.30493 1.9919 
250 4.3316 1.98396 
251 4.31874 1.9999 
252 4.38292 2.02032 
253 4.38928 2.01237 
254 4.42697 2.00447 
255 4.4214 1.99664 
256 4.40419 2.03946 
257 4.39875 2.04993 
258 4.42006 2.04201 
259 4.40786 2.03416 
260 4.46377 2.04638 
261 4.47409 2.06655 
262 4.45708 2.07137 
263 4.44062 2.06542 
264 4.44168 2.08036 
265 4.44002 2.07254 
266 4.42339 2.06478 
267 4.44047 2.05707 
268 4.49087 2.04942 
269 4.4756 2.04183 
270 4.46646 2.0343 
271 4.45004 2.02682 
272 4.44168 2.0194 
273 4.42729 2.01567 
274 4.49301 2.00835 
275 4.48036 2.01416 
276 4.48825 2.00929 
277 4.4748 2.00206 
278 4.45876 2.02715 
279 4.49105 2.01991 
280 4.55767 2.01272 
281 4.55215 2.01622 
282 4.59614 2.03265 
283 4.6046 2.07127 
284 4.59488 2.09558 
285 4.59542 2.10049 
286 4.59334 2.09317 
287 4.58781 2.08764 
288 4.58578 2.10658 
289 4.58917 2.09932 
290 4.5734 2.09211 
291 4.5623 2.11234 
292 4.5638 2.10513 
293 4.54828 2.11573 
294 4.54981 2.10856 
295 4.57404 2.10144 
296 4.60802 2.09436 
297 4.59927 2.09153 
298 4.60061 2.09791 
299 4.59666 2.10803 
300 4.59468 2.10103 
301 4.62748 2.09628 
302 4.61221 2.08936 
303 4.6091 2.08641 
304 4.60628 2.07957 
305 4.60866 2.07495 
306 4.62242 2.08303 
307 4.66747 2.07627 
308 4.70253 2.06955 
309 4.68736 2.0704 
310 4.68729 2.08946 
311 4.67227 2.09559 
312 4.65734 2.13623 
313 4.64251 2.17083 
314 4.67116 2.16394 
315 4.66271 2.16553 
316 4.69858 2.16606 
317 4.69639 2.15924 
318 4.68166 2.16815 
319 4.67016 2.16921 
320 4.66703 2.16246 
321 4.65254 2.17651 
322 4.68836 2.16977 
323 4.68843 2.17542 
324 4.68631 2.17488 
325 4.67193 2.17127 
326 4.70598 2.17687 
327 4.72873 2.17023 
328 4.72246 2.18795 
329 4.74704 2.18132 
330 4.75264 2.19134 
331 4.73833 2.18876 
332 4.74137 2.20921 
333 4.73516 2.22356 
334 4.81505 2.21991 
335 4.80072 2.21765 
336 4.85621 2.21107 
337 4.84973 2.20847 
338 4.87672 2.21254 
339 4.86238 2.20603 
340 4.84843 2.20337 
341 4.83937 2.20952 
342 4.84322 2.20308 
343 4.86935 2.19667 
344 4.85524 2.19031 
345 4.84698 2.18614 
346 4.85703 2.18945 
347 4.84307 2.19006 
348 4.8292 2.19524 
349 4.8154 2.23354 
350 4.81653 2.23579 
351 4.80995 2.23829 
352 4.82432 2.23194 
353 4.82482 2.22988 
354 4.8408 2.23329 
355 4.83984 2.23263 
356 4.87013 2.23408 
357 4.85652 2.22784 
358 4.84519 2.22164 
359 4.84562 2.2238 
360 4.86267 2.25088 
361 4.85821 2.24466 
362 4.84483 2.23848 
363 4.83976 2.23233 
364 4.88678 2.23877 
365 4.89665 2.23265 
366 4.88718 2.24564 
367 4.8739 2.23954 
368 4.86069 2.23553 
369 4.84789 2.26192 
370 4.87195 2.25851 
371 4.85885 2.25244 
372 4.85792 2.25579 
373 4.84961 2.25109 
374 4.84468 2.25176 
375 4.83313 2.25877 
376 4.82915 2.26339 
377 4.83754 2.28113 
378 4.83274 2.27951 
379 4.83581 2.2893 
380 4.82443 2.28438 
381 4.8514 2.2784 
382 4.84917 2.27549 
383 4.8404 2.27347 
384 4.82783 2.26886 
385 4.82828 2.27446 
386 4.8158 2.28118 
387 4.80579 2.28046 
388 4.84155 2.27974 
389 4.83426 2.29569 
390 4.86154 2.29621 
391 4.86777 2.29163 
392 4.85539 2.28579 
393 4.88504 2.28307 
394 4.90052 2.29754 
395 4.88815 2.29932 
396 4.87583 2.32277 
397 4.88787 2.34457 
398 4.87562 2.34239 
399 4.91135 2.34486 
400 4.91871 2.33902 
401 4.90772 2.3332 
402 4.90547 2.32741 
403 4.90576 2.32165 
404 4.91768 2.31592 
405 4.91049 2.31103 
406 4.90375 2.3083 
407 4.89173 2.35166 
408 4.88833 2.34591 
409 4.89429 2.3471 
410 4.89933 2.35491 
411 4.90008 2.35324 
412 4.89064 2.34754 
413 4.88393 2.3459 
414 4.87216 2.34509 
415 4.86525 2.35454 
416 4.85359 2.3513 
417 4.84198 2.34567 
418 4.84474 2.34485 
419 4.83888 2.33926 
420 4.84639 2.33611 
421 4.83727 2.3323 
422 4.83214 2.32678 
423 4.83647 2.32908 
424 4.83418 2.33772 
425 4.83832 2.33223 
426 4.88398 2.32859 
427 4.87591 2.34184 
428 4.8653 2.33639 
429 4.85996 2.34439 
430 4.85601 2.36864 
431 4.84477 2.38399 
432 4.83492 2.39272 
433 4.82378 2.39314 
434 4.8166 2.38763 
435 4.81043 2.38216 
436 4.83604 2.39174 
437 4.82612 2.39947 
438 4.82606 2.394 
439 4.81509 2.3898 
440 4.8066 2.39776 
441 4.80477 2.39233 
442 4.79978 2.39398 
443 4.79798 2.39985 
444 4.80171 2.40345 
445 4.79329 2.42976 
446 4.78256 2.42451 
447 4.77189 2.4191 
448 4.7645 2.42468 
449 4.75496 2.42427 
450 4.75149 2.43156 
451 4.74872 2.43614 
452 4.73824 2.43076 
453 4.73551 2.4254 
454 4.73005 2.42447 
455 4.74599 2.41915 
456 4.7378 2.41386 
457 4.73837 2.40859 
458 4.74793 2.40334 
459 4.73978 2.39812 
460 4.73205 2.40909 
461 4.72705 2.41037 
462 4.74303 2.40806 
463 4.77794 2.40287 
464 4.77197 2.40598 
465 4.76173 2.40082 
466 4.78686 2.40026 
467 4.78094 2.39691 
468 4.77341 2.39607 
469 4.76325 2.39765 
470 4.76588 2.39256 
471 4.75578 2.38818 
472 4.75348 2.43846 
473 4.75084 2.46012 
474 4.74083 2.4556 
475 4.73543 2.47053 
476 4.7615 2.47234 
477 4.75363 2.49646 
478 4.7528 2.50689 
479 4.75242 2.50167 
480 4.74254 2.49832 
481 4.75082 2.49314 
482 4.75547 2.5299 
483 4.74978 2.52632 
484 4.75133 2.52253 
485 4.7713 2.51778 
486 4.77536 2.53109 
487 4.77787 2.53258 
488 4.7681 2.52836 
489 4.75837 2.52881 
490 4.75275 2.52366 
491 4.74309 2.51853 
492 4.73888 2.51343 
493 4.72929 2.50834 
494 4.71973 2.50327 
495 4.71494 2.50499 
496 4.7078 2.50201 
497 4.69835 2.49844 
498 4.68893 2.4959 
499 4.68667 2.49824 
500 4.68131 2.50265 
501 4.67198 2.5136 
502 4.66461 2.51026 
503 4.65853 2.50528 
504 4.6493 2.52705 
505 4.64011 2.52295 
506 4.63885 2.51862 
507 4.63825 2.52678 
508 4.65206 2.52771 
509 4.6449 2.52385 
510 4.63581 2.52602 
511 4.64824 2.5276 
512 4.64137 2.55776 
513 4.63442 2.55278 
514 4.62818 2.553 
515 4.62417 2.55228 
516 4.63152 2.54711 
517 4.62258 2.54219 
518 4.6191 2.55009 
519 4.6116 2.54519 
520 4.60274 2.57241 
521 4.60159 2.56898 
522 4.59757 2.58925 
523 4.59535 2.58431 
524 4.58971 2.58803 
525 4.58669 2.58788 
526 4.57799 2.59074 
527 4.57176 2.5912 
528 4.57352 2.5863 
529 4.56829 2.59416 
530 4.56533 2.59022 
531 4.55809 2.58535 
532 4.55272 2.5805 
533 4.55169 2.57567 
534 4.54318 2.57626 
535 4.53471 2.57854 
536 4.53324 2.57373 
537 4.52482 2.57759 
538 4.5199 2.5728 
539 4.52635 2.57349 
540 4.51931 2.56874 
541 4.53312 2.57138 
542 4.53398 2.56971 
543 4.52794 2.5852 
544 4.51963 2.58046 
545 4.51459 2.5793 
546 4.51365 2.57458 
547 4.51996 2.58083 
548 4.52268 2.58127 
549 4.51987 2.57658 
550 4.51166 2.5719 
551 4.50349 2.56724 
552 4.49535 2.5843 
553 4.48723 2.57963 
554 4.49176 2.58863 
555 4.51066 2.58398 
556 4.52949 2.57934 
557 4.52645 2.57472 
558 4.52283 2.58621 
559 4.52279 2.58159 
560 4.51472 2.57699 
561 4.51781 2.57745 
562 4.50979 2.57642 
563 4.50532 2.57304 
564 4.5097 2.58441 
565 4.50389 2.57984 
566 4.49734 2.5871 
567 4.49038 2.59152 
568 4.48513 2.59147 
569 4.47708 2.59482 
570 4.51419 2.59027 
571 4.50608 2.59281 
572 4.5041 2.58829 
573 4.49916 2.58378 
574 4.49133 2.59241 
575 4.48578 2.59511 
576 4.48925 2.60208 
577 4.48451 2.60623 
578 4.5031 2.60786 
579 4.50051 2.6117 
580 4.50072 2.60928 
581 4.50588 2.62198 
582 4.50146 2.61748 
583 4.49718 2.613 
584 4.48949 2.61354 
585 4.50828 2.61363 
586 4.51254 2.62147 
587 4.51167 2.61701 
588 4.52012 2.62785 
589 4.51716 2.62509 
590 4.51324 2.62065 
591 4.50812 2.63875 
592 4.51977 2.63515 
593 4.52352 2.63324 
594 4.5557 2.62881 
595 4.55309 2.64453 
596 4.56647 2.6401 
597 4.58299 2.66881 
598 4.57534 2.67779 
599 4.56771 2.67481 
600 4.56531 2.67036 
601 4.55773 2.66759 
602 4.5511 2.67809 
603 4.54356 2.6869 
604 4.54566 2.6932 
605 4.54229 2.70027 
606 4.53417 2.70159 
607 4.53137 2.70822 
608 4.52676 2.7077 
609 4.52026 2.70982 
610 4.5145 2.70538 
611 4.52455 2.71077 
612 4.52179 2.72034 
613 4.51443 2.72025 
614 4.50709 2.71583 
615 4.50013 2.71413 
616 4.49805 2.70973 
617 4.50291 2.70534 
618 4.49564 2.70097 
619 4.48839 2.70791 
620 4.48116 2.70355 
621 4.47395 2.6992 
622 4.46842 2.69716 
623 4.47141 2.70774 
624 4.46426 2.70774 
625 4.45712 2.70369 
626 4.45107 2.69938 
627 4.44685 2.71897 
628 4.44232 2.71464 
629 4.44252 2.71779 
630 4.43548 2.71348 
631 4.42846 2.70919 
632 4.42147 2.70873 
633 4.41449 2.70446 
634 4.41227 2.7002 
635 4.40769 2.69727 
636 4.42275 2.69902 
637 4.43463 2.70629 
638 4.43288 2.70205 
639 4.42596 2.69874 
640 4.43231 2.73908 
641 4.43709 2.7391 
642 4.43019 2.73484 
643 4.42453 2.7368 
644 4.43835 2.7422 
645 4.43612 2.7635 
646 4.44317 2.76309 
647 4.43632 2.75971 
648 4.42948 2.76693 
649 4.44694 2.76575 
650 4.44011 2.7615 
651 4.43405 2.75726 
652 4.42726 2.76427 
653 4.42049 2.76658 
654 4.4168 2.77847 
655 4.41739 2.77423 
656 4.41204 2.7761 
657 4.40855 2.77828 
658 4.41385 2.78129 
659 4.40716 2.79293 
660 4.40069 2.78871 
661 4.39404 2.7848 
662 4.38741 2.7806 
663 4.38081 2.78914 
664 4.38324 2.79171 
665 4.39017 2.78752 
666 4.38659 2.79724 
667 4.38002 2.79958 
668 4.38167 2.80739 
669 4.37513 2.8032 
670 4.37954 2.80796 
671 4.37284 2.80378 
672 4.37303 2.82123 
673 4.37002 2.82001 
674 4.36725 2.81583 
675 4.36104 2.81167 
676 4.35555 2.81747 
677 4.34913 2.82249 
678 4.34493 2.82026 
679 4.34737 2.81612 
680 4.36912 2.81759 
681 4.372 2.82552 
682 4.36548 2.82138 
683 4.3591 2.81725 
684 4.35517 2.81314 
685 4.38381 2.80904 
686 4.38086 2.80963 
687 4.38321 2.80555 
688 4.38975 2.80147 
689 4.38431 2.79741 
690 4.37982 2.7934 
691 4.37518 2.79225 
692 4.36903 2.80698 
693 4.36754 2.82995 
694 4.41194 2.83953 
695 4.4056 2.84623 
696 4.39928 2.84214 
697 4.39126 2.83796 
698 4.38951 2.83819 
699 4.38556 2.86807 
700 4.38168 2.87253 
701 4.37758 2.86844 
702 4.38131 2.86436 
703 4.37421 2.86384 
704 4.37563 2.8649 
705 4.381 2.86651 
706 4.38329 2.86497 
707 4.3771 2.86587 
708 4.37092 2.88016 
709 4.3686 2.87701 
710 4.36271 2.88328 
711 4.36185 2.88203 
712 4.3647 2.88173 
713 4.36338 2.88008 
714 4.37275 2.88375 
715 4.37095 2.87972 
716 4.37626 2.88779 
717 4.38061 2.88577 
718 4.37452 2.88277 
719 4.37052 2.88189 
720 4.36446 2.88842 
721 4.35911 2.8847 
722 4.36258 2.88649 
723 4.3607 2.89335 
724 4.35813 2.88936 
725 4.35626 2.88745 
726 4.38321 2.88878 
727 4.37719 2.90215 
728 4.37304 2.89817 
729 4.36917 2.89625 
730 4.37414 2.89229 
731 4.37704 2.88834 
732 4.40381 2.8844 
733 4.39645 2.88857 
734 4.40271 2.88464 
735 4.40126 2.88352 
736 4.39529 2.87961 
737 4.39035 2.88438 
738 4.39105 2.88059 
739 4.38664 2.87669 
740 4.38072 2.87281 
741 4.37482 2.86894 
742 4.37154 2.86508 
743 4.37373 2.86145 
744 4.38128 2.86804 
745 4.37831 2.87703 
746 4.37281 2.87636 
747 4.36897 2.87251 
748 4.36347 2.86868 
749 4.36032 2.86485 
750 4.35468 2.86104 
751 4.35231 2.85723 
752 4.35492 2.85344 
753 4.34914 2.85026 
754 4.34338 2.8483 
755 4.33763 2.85423 
756 4.33266 2.8531 
757 4.35662 2.85659 
758 4.35088 2.85283 
759 4.34801 2.86299 
760 4.3423 2.86186 
761 4.3366 2.85998 
762 4.33266 2.85623 
763 4.33484 2.85249 
764 4.33702 2.84876 
765 4.3418 2.84504 
766 4.35809 2.84133 
767 4.35658 2.83763 
768 4.35872 2.8353 
769 4.35366 2.8434 
770 4.34772 2.83971 
771 4.35826 2.83625 
772 4.35305 2.83905 
773 4.35768 2.83742 
774 4.35747 2.8482 
775 4.35362 2.85097 
776 4.35994 2.8473 
777 4.35755 2.84364 
778 4.35335 2.84242 
779 4.35162 2.83878 
780 4.3472 2.83595 
781 4.34938 2.83789 
782 4.35638 2.83815 
783 4.35083 2.83453 
784 4.36414 2.85191 
785 4.35858 2.84828 
786 4.35495 2.84589 
787 4.35719 2.84701 
788 4.36291 2.85481 
789 4.35739 2.85119 
790 4.35376 2.85604 
791 4.35563 2.86295 
792 4.35014 2.85934 
793 4.34466 2.86456 
794 4.33916 2.87231 
795 4.33999 2.88798 
796 4.33455 2.89013 
797 4.33333 2.88651 
798 4.32992 2.88602 
799 4.3245 2.90419 
800 4.32505 2.90089 
801 4.32448 2.89875 
802 4.32013 2.90385 
803 4.31432 2.90024 
804 4.30896 2.89912 
805 4.30712 2.89553 
806 4.30178 2.91075 
807 4.29646 2.90838 
808 4.29115 2.91169 
809 4.30807 2.91841 
810 4.32435 2.92446 
811 4.32425 2.92409 
812 4.3275 2.9205 
813 4.32439 2.92165 
814 4.32644 2.92563 
815 4.32936 2.92204 
816 4.3397 2.91969 
817 4.3344 2.91612 
818 4.33186 2.92335 
819 4.32778 2.91978 
820 4.32251 2.92353 
821 4.31725 2.92241 
822 4.3193 2.91886 
823 4.31466 2.91532 
824 4.30943 2.91602 
825 4.31272 2.9131 
826 4.31587 2.90958 
827 4.31085 2.91561 
828 4.31265 2.91933 
829 4.31354 2.91582 
830 4.30835 2.91231 
831 4.30374 2.92603 
832 4.29857 2.92251 
833 4.29342 2.9233 
834 4.28828 2.9198 
835 4.29822 2.91651 
836 4.29428 2.91655 
837 4.29139 2.91307 
838 4.29164 2.90997 
839 4.2926 2.91127 
840 4.2875 2.91732 
841 4.28369 2.91624 
842 4.30212 2.91989 
843 4.29703 2.91643 
844 4.29194 2.91417 
845 4.2916 2.92097 
846 4.31406 2.92106 
847 4.31398 2.9273 
848 4.3301 2.92385 
849 4.32657 2.92335 
850 4.32501 2.92109 
851 4.32221 2.9186 
852 4.31714 2.91518 
853 4.33517 2.92465 
854 4.3432 2.93718 
855 4.33813 2.93375 
856 4.33773 2.93032 
857 4.33268 2.92691 
858 4.33229 2.92367 
859 4.32929 2.92032 
860 4.32611 2.92402 
861 4.32115 2.92063 
862 4.31688 2.91725 
863 4.31189 2.91806 
864 4.32309 2.91468 
865 4.31809 2.92109 
866 4.31311 2.92447 
867 4.32119 2.92219 
868 4.31656 2.91883 
869 4.3139 2.92105 
870 4.31035 2.9192 
871 4.30467 2.91585 
872 4.30461 2.91458 
873 4.30363 2.91124 
874 4.29975 2.90949 
875 4.29484 2.9076 
876 4.29166 2.90482 
877 4.29023 2.90366 
878 4.2894 2.90206 
879 4.28452 2.89895 
880 4.2808 2.90247 
881 4.27697 2.90598 
882 4.28297 2.90822 
883 4.27812 2.90493 
884 4.27285 2.90363 
885 4.27548 2.90035 
886 4.27179 2.89708 
887 4.2681 2.89483 
888 4.265 2.89157 
889 4.26071 2.89632 
890 4.25592 2.89306 
891 4.25232 2.89191 
892 4.24772 2.89875 
893 4.26617 2.89662 
894 4.26625 2.89339 
895 4.2643 2.89109 
896 4.25954 2.89684 
897 4.2548 2.89362 
898 4.25007 2.89535 
899 4.2483 2.89214 
900 4.24617 2.89481 
901 4.247 2.8992 
902 4.2423 2.89682 
903 4.23747 2.89792 
904 4.23278 2.89472 
905 4.22866 2.89152 
906 4.224 2.89728 
907 4.2195 2.90134 
908 4.22555 2.89898 
909 4.2209 2.90019 
910 4.21588 2.90139 
911 4.21537 2.89862 
912 4.2218 2.89544 
913 4.22803 2.89555 
914 4.22599 2.8975 
915 4.22411 2.89434 
916 4.22016 2.89336 
917 4.21638 2.89184 
918 4.21179 2.8976 
919 4.20757 2.89445 
920 4.20518 2.89457 
921 4.20417 2.89143 
922 4.20299 2.89222 
923 4.20331 2.89902 
924 4.19996 2.89912 
925 4.19758 2.89917 
926 4.19765 2.90094 
927 4.2039 2.89938 
928 4.20435 2.89841 
929 4.20198 2.89529 
930 4.19719 2.89495 
931 4.19724 2.89184 
932 4.19274 2.89035 
933 4.19534 2.89234 
934 4.19085 2.88925 
935 4.18638 2.88616 
936 4.18724 2.88308 
937 4.18343 2.88725 
938 4.19228 2.88541 
939 4.19527 2.89491 
940 4.19294 2.89823 
941 4.18925 2.89515 
942 4.18481 2.89208 
943 4.18037 2.89219 
944 4.18547 2.89231 
945 4.18196 2.88925 
946 4.17783 2.88622 
947 4.19188 2.88661 
948 4.18747 2.88567 
949 4.18306 2.89173 
950 4.19172 2.9021 
951 4.18836 2.89905 
952 4.1942 2.89601 
953 4.18912 2.89393 
954 4.18473 2.89174 
955 4.18035 2.88872 
956 4.17873 2.8857 
957 4.18346 2.89138 
958 4.1791 2.88837 
959 4.17669 2.88536 
960 4.17678 2.89484 
961 4.18335 2.89183 
962 4.17901 2.88883 
963 4.17776 2.88584 
964 4.17343 2.88505 
965 4.18467 2.88828 
966 4.18031 2.89532 
967 4.18633 2.89233 
968 4.18201 2.89115 
969 4.17804 2.89512 
970 4.17447 2.89659 
971 4.17059 2.89361 
972 4.17135 2.89117 
973 4.17014 2.88848 
974 4.16587 2.88547 
975 4.16899 2.88252 
976 4.16665 2.87957 
977 4.16436 2.87918 
978 4.16136 2.8775 
979 4.15734 2.87976 
980 4.1556 2.88067 
981 4.15218 2.87825 
982 4.16804 2.87532 
983 4.16381 2.87246 
984 4.15986 2.88752 
985 4.15794 2.88595 
986 4.15595 2.88505 
987 4.15199 2.88682 
988 4.1478 2.88491 
989 4.14738 2.882 
990 4.14576 2.88338 
991 4.14377 2.8846 
992 4.14623 2.8832 
993 4.14307 2.8803 
994 4.13966 2.87759 
995 4.1355 2.8747 
996 4.13336 2.87182 
997 4.12922 2.86987 
998 4.12759 2.86855 
999 4.13193 2.86568 
1000 4.1278 2.86281 
1100 4.00145 2.81559 
1200 3.95917 2.82298 
1300 3.87638 2.78047 
1400 3.79846 2.7907 
1500 3.77034 2.77132 
1600 3.70829 2.79528 
1700 3.72011 2.77562 
1800 3.64258 2.75667 
1900 3.66156 2.71289 
2000 3.65135 2.68521 
2100 3.63536 2.64322 
2200 3.60721 2.60032 
2300 3.53797 2.57051 
2400 3.46995 2.51815 
2500 3.43801 2.49759 
2600 3.3861 2.46924 
2700 3.34157 2.44329 
2800 3.29163 2.40048 
2900 3.27497 2.3704 
3000 3.23165 2.34138 
3100 3.19789 2.30953 
3200 3.17037 2.26797 
3300 3.12645 2.24447 
3400 3.09888 2.21933 
3500 3.07889 2.18803 
3600 3.05771 2.16746 
3700 3.01157 2.13704 
3800 2.96834 2.12488 
3900 2.93147 2.11119 
4000 2.90092 2.09591 
4100 2.89882 2.08382 
4200 2.86502 2.06502 
4300 2.83708 2.04936 
4400 2.80765 2.02893 
4500 2.78705 2.01177 
4600 2.77293 1.99424 
4700 2.75518 1.97259 
4800 2.73825 1.9541 
4900 2.7122 1.93657 
5000 2.68846 1.91785 
5100 2.68018 1.90665 
5200 2.66891 1.89404 
5300 2.6475 1.88366 
5400 2.63664 1.87276 
5500 2.61979 1.85258 
5600 2.60151 1.84299 
5700 2.59139 1.83445 
5800 2.57801 1.82564 
5900 2.55892 1.82192 
6000 2.53205 1.82413 
6100 2.5156 1.80978 
6200 2.49716 1.79824 
6300 2.48372 1.7984 
6400 2.47223 1.79521 
6500 2.45763 1.78365 
6600 2.43673 1.77291 
6700 2.42007 1.75609 
6800 2.40748 1.74446 
6900 2.39351 1.73085 
7000 2.37478 1.71929 
7100 2.3628 1.70918 
7200 2.34899 1.70594 
7300 2.33863 1.69166 
7400 2.32639 1.68409 
7500 2.32143 1.67591 
7600 2.30585 1.67023 
7700 2.29199 1.66573 
7800 2.27649 1.65518 
7900 2.26306 1.65013 
8000 2.25371 1.63867 
8100 2.24626 1.63144 
8200 2.23458 1.62594 
8300 2.23577 1.61879 
8400 2.22274 1.61687 
8500 2.20913 1.60654 
8600 2.20127 1.59739 
8700 2.18968 1.58748 
8800 2.18121 1.58086 
8900 2.17619 1.57682 
9000 2.1665 1.57158 
9100 2.15676 1.56399 
9200 2.14697 1.55371 
9300 2.13361 1.5462 
9400 2.11939 1.54233 
9500 2.11557 1.53224 
9600 2.10737 1.52624 
9700 2.09698 1.51626 
9800 2.0913 1.51055 
9900 2.08291 1.50476 
10000 2.07879 1.49952 
10100 2.07003 1.49197 
10200 2.06085 1.48229 
10300 2.05294 1.47273 
10400 2.05105 1.46677 
10500 2.04257 1.4614 
10600 2.03714 1.45616 
10700 2.03303 1.44825 
10800 2.02188 1.44329 
10900 2.01904 1.43817 
11000 2.01187 1.43072 
11100 2.00636 1.42595 
11200 1.99613 1.4224 
11300 1.98714 1.41875 
11400 1.98155 1.41351 
11500 1.97315 1.40915 
11600 1.96775 1.40565 
11700 1.96242 1.39799 
11800 1.95607 1.39366 
11900 1.94781 1.3878 
12000 1.94011 1.38195 
12100 1.9322 1.37564 
12200 1.92927 1.37069 
12300 1.92497 1.36657 
12400 1.91643 1.36397 
12500 1.90817 1.35737 
12600 1.8986 1.35229 
12700 1.89026 1.34926 
12800 1.88533 1.34692 
12900 1.87865 1.34194 
13000 1.87251 1.33514 
13100 1.86991 1.33065 
13200 1.86126 1.32591 
13300 1.85503 1.32367 
13400 1.84888 1.32367 
13500 1.84185 1.31744 
13600 1.83548 1.31406 
13700 1.83228 1.30912 
13800 1.82573 1.30593 
13900 1.82167 1.30066 
14000 1.8128 1.29757 
14100 1.81278 1.29349 
14200 1.80444 1.28947 
14300 1.79934 1.28468 
14400 1.79591 1.2813 
14500 1.78806 1.27713 
14600 1.78256 1.27379 
14700 1.77625 1.27178 
14800 1.77014 1.26746 
14900 1.7643 1.26193 
15000 1.76024 1.25909 
15100 1.75639 1.25544 
15200 1.74865 1.25581 
15300 1.74254 1.25124 
15400 1.73582 1.24861 
15500 1.73209 1.24522 
15600 1.72761 1.24147 
15700 1.72107 1.2397 
15800 1.71592 1.2366 
15900 1.71331 1.23292 
16000 1.71074 1.22811 
16100 1.70406 1.22398 
16200 1.69834 1.22185 
16300 1.69263 1.21863 
16400 1.68945 1.21738 
16500 1.68443 1.21459 
16600 1.67966 1.2114 
16700 1.67719 1.20708 
16800 1.67132 1.20241 
16900 1.66661 1.20082 
17000 1.66516 1.19773 
17100 1.66343 1.19402 
17200 1.65802 1.18988 
17300 1.65824 1.18591 
17400 1.65376 1.18413 
17500 1.65278 1.18142 
17600 1.64982 1.17766 
17700 1.64717 1.17645 
17800 1.64458 1.1715 
17900 1.6421 1.16747 
18000 1.6399 1.16604 
18100 1.63636 1.16362 
18200 1.63471 1.15996 
18300 1.63037 1.15669 
18400 1.62609 1.15362 
18500 1.62094 1.15036 
18600 1.61786 1.14791 
18700 1.61629 1.14452 
18800 1.61098 1.14223 
18900 1.60597 1.14004 
19000 1.60203 1.13852 
19100 1.59783 1.13491 
19200 1.59407 1.13263 
19300 1.59183 1.12824 
19400 1.58952 1.12637 
19500 1.58758 1.12331 
19600 1.58377 1.12078 
19700 1.58041 1.11788 
19800 1.5781 1.11384 
19900 1.57433 1.11095 
20000 1.57182 1.1091 
20100 1.5702 1.10512 
20200 1.56725 1.10415 
20300 1.56285 1.10273 
20400 1.55995 1.10126 
20500 1.55592 1.09761 
20600 1.55441 1.09542 
20700 1.55002 1.0937 
20800 1.54846 1.09089 
20900 1.54855 1.0893 
21000 1.54619 1.08652 
21100 1.54295 1.08318 
21200 1.54096 1.08062 
21300 1.53866 1.07679 
21400 1.53498 1.07353 
21500 1.5306 1.0718 
21600 1.52781 1.07127 
21700 1.52451 1.06738 
21800 1.52212 1.0643 
21900 1.51828 1.06096 
22000 1.51569 1.05933 
22100 1.51398 1.05694 
22200 1.51046 1.0541 
22300 1.5074 1.05142 
22400 1.50448 1.05084 
22500 1.50416 1.0498 
22600 1.50266 1.04931 
22700 1.49977 1.04724 
22800 1.4959 1.04536 
22900 1.49401 1.04164 
23000 1.49111 1.03864 
23100 1.48945 1.03607 
23200 1.48696 1.03401 
23300 1.48472 1.03078 
23400 1.48235 1.02832 
23500 1.48015 1.02619 
23600 1.47678 1.0239 
23700 1.4745 1.02165 
23800 1.47351 1.01849 
23900 1.47114 1.01567 
24000 1.46865 1.01261 
24100 1.46606 1.01188 
24200 1.46299 1.01074 
24300 1.46086 1.00833 
24400 1.45639 1.00613 
24500 1.45216 1.00396 
24600 1.44852 1.00281 
24700 1.44687 1.00029 
24800 1.4435 0.997399 
24900 1.44213 0.994611 
25000 1.43959 0.992397 
25100 1.44062 0.990642 
25200 1.43716 0.987794 
25300 1.43405 0.985811 
25400 1.43281 0.983458 
25500 1.43012 0.98132 
25600 1.42943 0.979795 
25700 1.4278 0.977538 
25800 1.42616 0.975347 
25900 1.42338 0.973787 
26000 1.42151 0.97126 
26100 1.4191 0.969262 
26200 1.41599 0.966682 
26300 1.41308 0.96473 
26400 1.41086 0.962032 
26500 1.40821 0.960771 
26600 1.40552 0.958915 
26700 1.40457 0.957068 
26800 1.40266 0.954479 
26900 1.40053 0.952314 
27000 1.39811 0.950662 
27100 1.39614 0.948043 
27200 1.39398 0.947078 
27300 1.39296 0.944587 
27400 1.38976 0.942913 
27500 1.38701 0.940835 
27600 1.38446 0.938385 
27700 1.38222 0.935796 
27800 1.37921 0.934108 
27900 1.37778 0.932453 
28000 1.37604 0.929914 
28100 1.37242 0.92877 
28200 1.37153 0.926397 
28300 1.36995 0.925447 
28400 1.36758 0.922911 
28500 1.36485 0.922443 
28600 1.36223 0.922649 
28700 1.36056 0.921197 
28800 1.35728 0.919566 
28900 1.35581 0.917652 
29000 1.35256 0.915341 
29100 1.35088 0.914161 
29200 1.34933 0.911697 
29300 1.34696 0.909456 
29400 1.34338 0.908077 
29500 1.34128 0.906972 
29600 1.33861 0.905331 
29700 1.3378 0.904002 
29800 1.33482 0.902168 
29900 1.33194 0.900996 
30000 1.32943 0.900927 
30100 1.32694 0.898566 
30200 1.32571 0.896122 
30300 1.32433 0.894701 
30400 1.32251 0.893138 
30500 1.31976 0.892638 
30600 1.31776 0.890737 
30700 1.31612 0.889853 
30800 1.3156 0.887373 
30900 1.31287 0.88598 
31000 1.31118 0.885451 
31100 1.30879 0.884183 
31200 1.30787 0.88266 
31300 1.30647 0.881823 
31400 1.30421 0.879923 
31500 1.30357 0.878281 
31600 1.30188 0.876477 
31700 1.29921 0.874337 
31800 1.29665 0.872978 
31900 1.29466 0.871207 
32000 1.29238 0.870186 
32100 1.29058 0.868642 
32200 1.28768 0.86672 
32300 1.28617 0.865599 
32400 1.28401 0.863922 
32500 1.28197 0.863064 
32600 1.28106 0.861372 
32700 1.27942 0.859709 
32800 1.27774 0.858178 
32900 1.27574 0.856926 
33000 1.27292 0.856372 
33100 1.27232 0.855544 
33200 1.26976 0.854209 
33300 1.26774 0.852664 
33400 1.26496 0.851014 
33500 1.26332 0.848941 
33600 1.26202 0.848341 
33700 1.26058 0.846973 
33800 1.25847 0.846097 
33900 1.25721 0.845198 
34000 1.25584 0.84486 
34100 1.25456 0.843006 
34200 1.25224 0.841903 
34300 1.24977 0.840423 
34400 1.24765 0.838591 
34500 1.24522 0.838156 
34600 1.2432 0.837039 
34700 1.24082 0.836214 
34800 1.23966 0.834302 
34900 1.23817 0.833049 
35000 1.23549 0.831196 
35100 1.23521 0.830746 
35200 1.23453 0.829618 
35300 1.23124 0.82793 
35400 1.23 0.826437 
35500 1.22881 0.82507 
35600 1.2266 0.82345 
35700 1.22396 0.821734 
35800 1.22299 0.820936 
35900 1.2221 0.819775 
36000 1.22133 0.818666 
36100 1.2188 0.817343 
36200 1.21696 0.816402 
36300 1.21538 0.815152 
36400 1.2136 0.814074 
36500 1.21272 0.812985 
36600 1.21269 0.812 
36700 1.21065 0.810225 
36800 1.20906 0.809096 
36900 1.20727 0.80849 
37000 1.20472 0.806996 
37100 1.20311 0.80522 
37200 1.20146 0.803999 
37300 1.20007 0.802979 
37400 1.19841 0.801497 
37500 1.19642 0.800425 
37600 1.195 0.799102 
37700 1.19347 0.797782 
37800 1.19145 0.796671 
37900 1.1892 0.794815 
38000 1.18752 0.794638 
38100 1.18667 0.793259 
38200 1.18579 0.792244 
38300 1.18401 0.790678 
38400 1.18219 0.789766 
38500 1.18184 0.788706 
38600 1.17923 0.787697 
38700 1.17825 0.786997 
38800 1.17704 0.785766 
38900 1.17539 0.784354 
39000 1.17357 0.78369 
39100 1.17273 0.783028 
39200 1.17115 0.781711 
39300 1.17023 0.781667 
39400 1.16984 0.781004 
39500 1.16714 0.780257 
39600 1.16582 0.778917 
39700 1.16487 0.77833 
39800 1.1626 0.776798 
39900 1.16039 0.775242 
40000 1.15829 0.774919 
40100 1.15733 0.773758 
40200 1.15582 0.772852 
40300 1.15406 0.772417 
40400 1.15266 0.772047 
40500 1.15177 0.770772 
40600 1.15017 0.769458 
40700 1.14952 0.768456 
40800 1.14844 0.767716 
40900 1.14626 0.767397 
41000 1.14499 0.766164 
41100 1.14403 0.764944 
41200 1.1427 0.764525 
41300 1.14109 0.763565 
41400 1.13968 0.763099 
41500 1.13842 0.76219 
41600 1.1375 0.761509 
41700 1.13699 0.760482 
41800 1.13526 0.759498 
41900 1.13389 0.758439 
42000 1.13317 0.757186 
42100 1.13181 0.755775 
42200 1.1305 0.754891 
42300 1.12833 0.753719 
42400 1.12713 0.75262 
42500 1.12497 0.751953 
42600 1.12345 0.751311 
42700 1.12207 0.750477 
42800 1.12055 0.749485 
42900 1.11916 0.74899 
43000 1.11798 0.747725 
43100 1.11649 0.746851 
43200 1.11485 0.745657 
43300 1.11333 0.744349 
43400 1.11216 0.743326 
43500 1.11062 0.742609 
43600 1.10988 0.741775 
43700 1.10811 0.740547 
43800 1.10669 0.739149 
43900 1.1058 0.738477 
44000 1.10332 0.73752 
44100 1.10187 0.736352 
44200 1.10077 0.735638 
44300 1.09987 0.735281 
44400 1.09764 0.734629 
44500 1.09645 0.733373 
44600 1.09499 0.731884 
44700 1.09341 0.73068 
44800 1.09167 0.729272 
44900 1.09051 0.728021 
45000 1.08907 0.727005 
45100 1.08811 0.726677 
45200 1.0868 0.72602 
45300 1.08554 0.725284 
45400 1.08396 0.724979 
45500 1.08224 0.724856 
45600 1.08124 0.723827 
45700 1.08003 0.723458 
45800 1.07925 0.72225 
45900 1.07752 0.721186 
46000 1.07627 0.720906 
46100 1.07491 0.720716 
46200 1.07385 0.719493 
46300 1.07229 0.718498 
46400 1.07122 0.717541 
46500 1.07064 0.716892 
46600 1.06956 0.715905 
46700 1.06827 0.715223 
46800 1.0677 0.714647 
46900 1.06671 0.71408 
47000 1.06506 0.712839 
47100 1.0638 0.711777 
47200 1.06252 0.71069 
47300 1.06178 0.710019 
47400 1.06045 0.708781 
47500 1.05988 0.708056 
47600 1.05878 0.707258 
47700 1.05707 0.705889 
47800 1.05588 0.70496 
47900 1.05434 0.704101 
48000 1.05362 0.702961 
48100 1.05203 0.70196 
48200 1.05108 0.700894 
48300 1.04962 0.699933 
48400 1.04861 0.699147 
48500 1.04721 0.69777 
48600 1.04571 0.697253 
48700 1.04466 0.696098 
48800 1.04316 0.695242 
48900 1.04206 0.694358 
49000 1.04075 0.693235 
49100 1.03986 0.692466 
49200 1.03883 0.691581 
49300 1.03758 0.690752 
49400 1.03709 0.68996 
49500 1.03623 0.689659 
49600 1.0348 0.68869 
49700 1.03367 0.687997 
49800 1.03286 0.687115 
49900 1.03191 0.685895 
50000 1.03034 0.685247 
50100 1.02891 0.684349 
50200 1.02788 0.683667 
50300 1.027 0.683172 
50400 1.0258 0.682331 
50500 1.02502 0.681936 
50600 1.02397 0.680926 
50700 1.02326 0.679862 
50800 1.0236 0.679738 
50900 1.02201 0.679132 
51000 1.02142 0.678364 
51100 1.02082 0.677647 
51200 1.02019 0.677047 
51300 1.02023 0.676115 
51400 1.01947 0.675254 
51500 1.01892 0.674404 
51600 1.01787 0.673391 
51700 1.0171 0.673258 
51800 1.01595 0.672582 
51900 1.01536 0.672358 
52000 1.01532 0.671794 
52100 1.01377 0.671146 
52200 1.01299 0.67089 
52300 1.01197 0.670447 
52400 1.01137 0.669832 
52500 1.0111 0.668971 
52600 1.0104 0.668723 
52700 1.00956 0.668368 
52800 1.00873 0.667338 
52900 1.00772 0.666476 
53000 1.00674 0.66578 
53100 1.00556 0.664947 
53200 1.00414 0.664292 
53300 1.00339 0.663275 
53400 1.00317 0.662573 
53500 1.00223 0.66172 
53600 1.00088 0.661341 
53700 0.999813 0.660528 
53800 0.998815 0.65994 
53900 0.997831 0.659181 
54000 0.996269 0.658318 
54100 0.996209 0.657356 
54200 0.995016 0.657307 
54300 0.99419 0.65723 
54400 0.993803 0.656685 
54500 0.992833 0.655791 
54600 0.991652 0.655437 
54700 0.990685 0.654678 
54800 0.98987 0.654205 
54900 0.988645 0.65322 
55000 0.987965 0.652479 
55100 0.986681 0.651682 
55200 0.985973 0.650875 
55300 0.984922 0.650805 
55400 0.984199 0.650217 
55500 0.983182 0.649839 
55600 0.982678 0.64948 
55700 0.9815 0.649131 
55800 0.980315 0.648244 
55900 0.979563 0.647649 
56000 0.978635 0.647007 
56100 0.977651 0.646579 
56200 0.976717 0.64598 
56300 0.976404 0.645054 
56400 0.975536 0.645039 
56500 0.974601 0.644701 
56600 0.973716 0.64396 
56700 0.972821 0.643349 
56800 0.971967 0.64255 
56900 0.970812 0.642067 
57000 0.969587 0.641269 
57100 0.968502 0.640518 
57200 0.967711 0.640227 
57300 0.966657 0.640237 
57400 0.96621 0.639595 
57500 0.966342 0.638837 
57600 0.965379 0.637901 
57700 0.964921 0.637269 
57800 0.964058 0.636512 
57900 0.963711 0.636022 
58000 0.963625 0.635144 
58100 0.96234 0.634356 
58200 0.961172 0.634238 
58300 0.960294 0.633867 
58400 0.959651 0.633251 
58500 0.958657 0.632827 
58600 0.957948 0.63223 
58700 0.957857 0.631571 
58800 0.957753 0.630832 
58900 0.956971 0.630314 
59000 0.956099 0.62969 
59100 0.955119 0.629006 
59200 0.954741 0.62833 
59300 0.954329 0.627597 
59400 0.953371 0.62686 
59500 0.952216 0.62641 
59600 0.951292 0.626076 
59700 0.950384 0.625597 
59800 0.949782 0.625202 
59900 0.948514 0.624333 
60000 0.947832 0.623638 
60100 0.946808 0.623165 
60200 0.946149 0.622768 
60300 0.945298 0.622117 
60400 0.944648 0.621729 
60500 0.943803 0.621526 
60600 0.942997 0.620667 
60700 0.941895 0.61988 
60800 0.941012 0.619542 
60900 0.940158 0.619462 
61000 0.939392 0.618614 
61100 0.938643 0.617862 
61200 0.937553 0.617485 
61300 0.93684 0.616794 
61400 0.935819 0.616196 
61500 0.934604 0.615389 
61600 0.934017 0.614801 
61700 0.933127 0.614063 
61800 0.932304 0.613374 
61900 0.931624 0.612647 
62000 0.930862 0.612071 
62100 0.930096 0.611478 
62200 0.92968 0.610845 
62300 0.929269 0.610225 
62400 0.928368 0.609888 
62500 0.927645 0.60919 
62600 0.926721 0.608506 
62700 0.925964 0.607652 
62800 0.924981 0.606914 
62900 0.923933 0.606537 
63000 0.92289 0.605881 
63100 0.921848 0.605259 
63200 0.920699 0.604549 
63300 0.920134 0.603866 
63400 0.91966 0.603036 
63500 0.918953 0.60318 
63600 0.917976 0.602677 
63700 0.917348 0.602111 
63800 0.916713 0.601627 
63900 0.915943 0.601 
64000 0.915196 0.600638 
64100 0.914404 0.600119 
64200 0.913986 0.599623 
64300 0.913404 0.599388 
64400 0.912405 0.598689 
64500 0.911728 0.59784 
64600 0.910767 0.596969 
64700 0.9102 0.596522 
64800 0.909258 0.596453 
64900 0.908288 0.59604 
65000 0.908032 0.595406 
65100 0.907138 0.594776 
65200 0.906262 0.594054 
65300 0.90524 0.593544 
65400 0.904129 0.592991 
65500 0.904033 0.592844 
65600 0.903336 0.592422 
65700 0.902074 0.592022 
65800 0.901123 0.592122 
65900 0.900517 0.591957 
66000 0.900119 0.591575 
66100 0.899329 0.590961 
66200 0.899143 0.590408 
66300 0.898618 0.58996 
66400 0.897572 0.589711 
66500 0.896295 0.58918 
66600 0.895826 0.588695 
66700 0.895219 0.588227 
66800 0.894149 0.588094 
66900 0.893724 0.587335 
67000 0.892924 0.586981 
67100 0.891952 0.586523 
67200 0.890907 0.585886 
67300 0.890426 0.585407 
67400 0.88973 0.584945 
67500 0.889112 0.58435 
67600 0.8886 0.583966 
67700 0.888008 0.583595 
67800 0.887359 0.583032 
67900 0.886819 0.582512 
68000 0.885682 0.582042 
68100 0.884925 0.581536 
68200 0.884308 0.58097 
68300 0.883279 0.580282 
68400 0.882587 0.579697 
68500 0.881941 0.579533 
68600 0.881206 0.579014 
68700 0.880253 0.578711 
68800 0.879398 0.578188 
68900 0.879421 0.578348 
69000 0.87851 0.578725 
69100 0.877739 0.578328 
69200 0.876725 0.577705 
69300 0.876179 0.577534 
69400 0.875462 0.577125 
69500 0.874687 0.576562 
69600 0.874001 0.575745 
69700 0.873487 0.575258 
69800 0.873595 0.574737 
69900 0.872678 0.574179 
70000 0.871854 0.573725 
70100 0.871213 0.573366 
70200 0.870847 0.57281 
70300 0.870104 0.572474 
70400 0.869122 0.572014 
70500 0.868488 0.571621 
70600 0.867877 0.570923 
70700 0.867192 0.57051 
70800 0.866412 0.569912 
70900 0.866071 0.569277 
71000 0.865431 0.56893 
71100 0.865024 0.568512 
71200 0.864535 0.568063 
71300 0.864249 0.567763 
71400 0.863697 0.567072 
71500 0.863049 0.566546 
71600 0.86247 0.566054 
71700 0.861934 0.565486 
71800 0.861334 0.564823 
71900 0.860403 0.564219 
72000 0.859337 0.564336 
72100 0.858407 0.563928 
72200 0.857741 0.563265 
72300 0.857012 0.562972 
72400 0.856127 0.562728 
72500 0.85541 0.56259 
72600 0.854984 0.562269 
72700 0.854248 0.561679 
72800 0.853439 0.561436 
72900 0.85295 0.561053 
73000 0.852041 0.560457 
73100 0.851614 0.559771 
73200 0.851086 0.559721 
73300 0.850512 0.55909 
73400 0.8498 0.558768 
73500 0.849054 0.558199 
73600 0.848382 0.557856 
73700 0.848162 0.55732 
73800 0.847267 0.556747 
73900 0.846567 0.556326 
74000 0.845578 0.555798 
74100 0.844665 0.555585 
74200 0.844592 0.555238 
74300 0.843537 0.55469 
74400 0.842674 0.5544 
74500 0.842048 0.554196 
74600 0.841572 0.553812 
74700 0.840968 0.553089 
74800 0.840108 0.552545 
74900 0.839583 0.552252 
75000 0.838571 0.551761 
75100 0.837812 0.551462 
75200 0.837477 0.551259 
75300 0.837092 0.550896 
75400 0.836295 0.550425 
75500 0.835357 0.550155 
75600 0.834414 0.549887 
75700 0.833601 0.549235 
75800 0.832554 0.548934 
75900 0.832127 0.548348 
76000 0.831568 0.547981 
76100 0.830918 0.547668 
76200 0.830443 0.547077 
76300 0.829913 0.546565 
76400 0.82948 0.546016 
76500 0.828961 0.545283 
76600 0.828355 0.54533 
76700 0.827547 0.544595 
76800 0.826991 0.544379 
76900 0.826544 0.54392 
77000 0.825975 0.543642 
77100 0.82554 0.542983 
77200 0.824942 0.542881 
77300 0.824624 0.542283 
77400 0.824306 0.541772 
77500 0.823652 0.541161 
77600 0.823279 0.540927 
77700 0.82292 0.540513 
77800 0.822099 0.539997 
77900 0.8216 0.539544 
78000 0.821196 0.539286 
78100 0.820201 0.538783 
78200 0.819404 0.538638 
78300 0.818747 0.538383 
78400 0.818196 0.537958 
78500 0.817706 0.537616 
78600 0.816841 0.537102 
78700 0.816319 0.536811 
78800 0.815721 0.536299 
78900 0.814929 0.535845 
79000 0.814154 0.535314 
79100 0.813781 0.53481 
79200 0.813749 0.534578 
79300 0.812934 0.534176 
79400 0.812646 0.533717 
79500 0.81192 0.533466 
79600 0.811483 0.533104 
79700 0.810698 0.533007 
79800 0.810038 0.532579 
79900 0.810001 0.532355 
80000 0.809348 0.531941 
80100 0.808828 0.531648 
80200 0.808018 0.531465 
80300 0.807438 0.531282 
80400 0.807159 0.530725 
80500 0.806501 0.530375 
80600 0.805829 0.52988 
80700 0.805161 0.529326 
80800 0.804835 0.529043 
80900 0.804216 0.528621 
81000 0.803769 0.528124 
81100 0.803137 0.527739 
81200 0.802302 0.527355 
81300 0.801666 0.52723 
81400 0.801023 0.526755 
81500 0.800715 0.526462 
81600 0.800725 0.526091 
81700 0.800122 0.52576 
81800 0.799803 0.525419 
81900 0.799377 0.525152 
82000 0.798877 0.524911 
82100 0.798271 0.524554 
82200 0.797936 0.524057 
82300 0.797274 0.52375 
82400 0.796696 0.523113 
82500 0.796086 0.522758 
82600 0.795681 0.522307 
82700 0.794949 0.521757 
82800 0.794441 0.521378 
82900 0.793566 0.520922 
83000 0.792953 0.520524 
83100 0.792247 0.52008 
83200 0.791917 0.519699 
83300 0.79132 0.519098 
83400 0.790783 0.518572 
83500 0.790382 0.518274 
83600 0.789965 0.517944 
83700 0.789119 0.517965 
83800 0.788655 0.51772 
83900 0.787824 0.517378 
84000 0.787264 0.516992 
84100 0.78668 0.51681 
84200 0.785835 0.516206 
84300 0.785215 0.515739 
84400 0.784631 0.515473 
84500 0.783893 0.515256 
84600 0.783283 0.515007 
84700 0.782938 0.514644 
84800 0.782485 0.514424 
84900 0.781906 0.514302 
85000 0.7814 0.513871 
85100 0.781125 0.513512 
85200 0.780724 0.513129 
85300 0.780351 0.51292 
85400 0.779555 0.51247 
85500 0.778841 0.512303 
85600 0.778208 0.51183 
85700 0.777386 0.511765 
85800 0.777169 0.511482 
85900 0.776653 0.511073 
86000 0.776117 0.510732 
86100 0.775334 0.510379 
86200 0.774819 0.510088 
86300 0.774458 0.50981 
86400 0.773766 0.509454 
86500 0.77321 0.509041 
86600 0.772592 0.508716 
86700 0.772077 0.508191 
86800 0.771842 0.507757 
86900 0.771245 0.507478 
87000 0.770639 0.507127 
87100 0.770197 0.506514 
87200 0.769623 0.506329 
87300 0.769115 0.505958 
87400 0.768726 0.505553 
87500 0.768178 0.505517 
87600 0.767655 0.505167 
87700 0.767112 0.50536 
87800 0.766461 0.504933 
87900 0.766059 0.504542 
88000 0.765326 0.504188 
88100 0.764969 0.50387 
88200 0.764314 0.503503 
88300 0.763815 0.503265 
88400 0.76338 0.503 
88500 0.762779 0.502666 
88600 0.762267 0.502279 
88700 0.76158 0.502023 
88800 0.76109 0.501676 
88900 0.760362 0.501246 
89000 0.759759 0.501026 
89100 0.759266 0.501101 
89200 0.758844 0.500727 
89300 0.758763 0.500481 
89400 0.758314 0.500046 
89500 0.757903 0.499823 
89600 0.757592 0.499625 
89700 0.757505 0.499134 
89800 0.757047 0.498854 
89900 0.756336 0.49839 
90000 0.75577 0.498105 
90100 0.75534 0.497771 
90200 0.754953 0.49767 
90300 0.754598 0.497409 
90400 0.754011 0.497138 
90500 0.753428 0.496799 
90600 0.752824 0.496476 
90700 0.75213 0.496348 
90800 0.751623 0.496099 
90900 0.751101 0.49596 
91000 0.750665 0.495711 
91100 0.75016 0.49536 
91200 0.74971 0.495154 
91300 0.749372 0.494825 
91400 0.748761 0.494516 
91500 0.748422 0.494498 
91600 0.747869 0.494129 
91700 0.747733 0.493724 
91800 0.747264 0.493453 
91900 0.746756 0.492962 
92000 0.746583 0.492496 
92100 0.745945 0.492029 
92200 0.745565 0.491714 
92300 0.745 0.491444 
92400 0.744264 0.4912 
92500 0.743757 0.490805 
92600 0.743534 0.49052 
92700 0.743269 0.490201 
92800 0.74296 0.489887 
92900 0.742596 0.489426 
93000 0.74217 0.489193 
93100 0.741949 0.488843 
93200 0.741525 0.488459 
93300 0.741234 0.488015 
93400 0.740661 0.487747 
93500 0.740243 0.487422 
93600 0.740118 0.487113 
93700 0.739569 0.486749 
93800 0.739139 0.486487 
93900 0.738715 0.486242 
94000 0.738352 0.486089 
94100 0.738103 0.485953 
94200 0.737761 0.485549 
94300 0.737292 0.485287 
94400 0.736869 0.485091 
94500 0.736292 0.484718 
94600 0.735729 0.484297 
94700 0.735477 0.483982 
94800 0.735091 0.483828 
94900 0.734703 0.483439 
95000 0.734177 0.483144 
95100 0.733732 0.482665 
95200 0.733175 0.482519 
95300 0.732652 0.482048 
95400 0.732097 0.48199 
95500 0.731528 0.481871 
95600 0.730776 0.481472 
95700 0.730214 0.481174 
95800 0.729707 0.480719 
95900 0.728951 0.480248 
96000 0.728423 0.480184 
96100 0.728062 0.479896 
96200 0.727451 0.479656 
96300 0.727256 0.479265 
96400 0.726918 0.479212 
96500 0.726213 0.478858 
96600 0.725957 0.478519 
96700 0.725618 0.478121 
96800 0.7256 0.477757 
96900 0.725247 0.477448 
97000 0.724928 0.477189 
97100 0.724364 0.476977 
97200 0.723873 0.477059 
97300 0.723434 0.476733 
97400 0.722914 0.47637 
97500 0.722523 0.476112 
97600 0.722329 0.476038 
97700 0.721745 0.475931 
97800 0.72116 0.475582 
97900 0.720541 0.475307 
98000 0.720368 0.475012 
98100 0.71984 0.474645 
98200 0.719527 0.474267 
98300 0.719022 0.474179 
98400 0.718496 0.47376 
98500 0.718155 0.473362 
98600 0.717588 0.473037 
98700 0.717282 0.472815 
98800 0.71691 0.472587 
98900 0.716466 0.472297 
99000 0.716077 0.471924 
99100 0.715623 0.471665 
99200 0.715198 0.47131 
99300 0.714789 0.470917 
99400 0.714399 0.470762 
99500 0.713906 0.470464 
99600 0.713522 0.470177 
99700 0.713071 0.470026 
99800 0.712755 0.469604 
99900 0.712541 0.46954 
100000 0.712172 0.46915 
110000 0.67439 0.443023 
120000 0.639352 0.420465 
130000 0.608594 0.401549 
140000 0.580606 0.383232 
150000 0.554648 0.367273 
160000 0.531157 0.352758 
170000 0.509819 0.339356 
180000 0.49039 0.326796 
190000 0.4723 0.315125 
200000 0.456527 0.304411 
210000 0.441021 0.294756 
220000 0.425798 0.285297 
230000 0.412185 0.27695 
240000 0.399437 0.268586 
250000 0.387271 0.260772 
260000 0.37555 0.253842 
270000 0.365162 0.246983 
280000 0.35535 0.240609 
290000 0.346334 0.234228 
300000 0.337413 0.228121 
310000 0.328694 0.222769 
320000 0.320302 0.217441 
330000 0.313163 0.212476 
340000 0.306031 0.207989 
350000 0.298869 0.203567 
360000 0.29177 0.199053 
370000 0.285261 0.194901 
380000 0.279334 0.190899 
390000 0.273368 0.186948 
400000 0.267789 0.183304 
410000 0.262385 0.179736 
420000 0.257419 0.1763 
430000 0.252874 0.172861 
440000 0.248055 0.169554 
450000 0.243381 0.16628 
460000 0.239246 0.163233 
470000 0.235183 0.160521 
480000 0.231095 0.157881 
490000 0.227241 0.155095 
500000 0.223469 0.152335 
510000 0.219609 0.149817 
520000 0.216108 0.147448 
530000 0.212758 0.145048 
540000 0.209194 0.14274 
550000 0.205841 0.140622 
560000 0.202846 0.13853 
570000 0.199786 0.136614 
580000 0.196998 0.134563 
590000 0.194158 0.132704 
600000 0.191 0.130936 
610000 0.18862 0.128969 
620000 0.1861 0.127191 
630000 0.183644 0.125671 
640000 0.181074 0.123964 
650000 0.178599 0.122309 
660000 0.17644 0.120824 
670000 0.17417 0.119489 
680000 0.17211 0.11808 
690000 0.170085 0.116707 
700000 0.168053 0.115322 
710000 0.165965 0.11396 
720000 0.164192 0.112671 
730000 0.162043 0.111282 
740000 0.160406 0.11012 
750000 0.158514 0.108994 
760000 0.156694 0.10786 
770000 0.155034 0.106813 
780000 0.153432 0.10561 
790000 0.151912 0.10451 
800000 0.150272 0.103488 
810000 0.148638 0.102405 
820000 0.147167 0.101393 
830000 0.145675 0.1004 
840000 0.144152 0.0993088 
850000 0.142697 0.0982993 
860000 0.1413 0.0972531 
870000 0.14006 0.0963646 
880000 0.138723 0.0954315 
890000 0.137555 0.0945813 
900000 0.136421 0.0937159 
910000 0.135173 0.0927724 
920000 0.13372 0.091897 
930000 0.132408 0.0910453 
940000 0.131254 0.0902184 
950000 0.130104 0.0893306 
960000 0.128943 0.0885563 
970000 0.127868 0.0877823 
980000 0.126941 0.0870049 
990000 0.125705 0.0861755 
1000000 0.124688 0.0854532 
1010000 0.12365 0.0846821 
1020000 0.122658 0.0840311 
1030000 0.121446 0.0833119 
1040000 0.120428 0.0826044 
1050000 0.119517 0.0820073 
1060000 0.11858 0.0813516 
1070000 0.117596 0.0806833 
1080000 0.116776 0.080069 
1090000 0.115869 0.0794644 
1100000 0.114995 0.0789031 
1110000 0.114282 0.0783555 
1120000 0.11354 0.0777408 
1130000 0.112667 0.0771276 
1140000 0.111798 0.0765603 
1150000 0.111011 0.0760241 
1160000 0.110246 0.0754328 
1170000 0.109401 0.0748634 
1180000 0.108709 0.0743361 
1190000 0.108011 0.0737968 
1200000 0.107242 0.0732715 
1210000 0.106544 0.0727828 
1220000 0.105815 0.0722651 
1230000 0.10492 0.0717861 
1240000 0.10405 0.0712632 
1250000 0.103406 0.0707844 
1260000 0.102831 0.0703376 
1270000 0.102179 0.0698333 
1280000 0.101571 0.0693766 
1290000 0.100922 0.0688978 
1300000 0.100269 0.0684343 
1310000 0.0997138 0.0679962 
1320000 0.0990819 0.067604 
1330000 0.0983305 0.0671713 
1340000 0.0977856 0.0667381 
1350000 0.09723 0.0663192 
1360000 0.0966246 0.0658852 
1370000 0.0960537 0.0654813 
1380000 0.0954289 0.0650689 
1390000 0.0948946 0.0647103 
1400000 0.094336 0.0643161 
1410000 0.0938105 0.063864 
1420000 0.0932224 0.0634813 
1430000 0.0926832 0.0630725 
1440000 0.0921953 0.0626574 
1450000 0.0916006 0.0622955 
1460000 0.0910238 0.0619304 
1470000 0.0904185 0.0615155 
1480000 0.0899562 0.0611627 
1490000 0.0893532 0.0607819 
1500000 0.0888979 0.0604738 
1510000 0.088379 0.0601351 
1520000 0.0878553 0.0597525 
1530000 0.0873392 0.0594231 
1540000 0.0867409 0.0591148 
1550000 0.086238 0.0588163 
1560000 0.0857659 0.0584868 
1570000 0.0852902 0.0581393 
1580000 0.08483 0.0578262 
1590000 0.0843296 0.0574449 
1600000 0.0839475 0.0571375 
1610000 0.0834943 0.0568246 
1620000 0.0831066 0.0565189 
1630000 0.0826996 0.0562529 
1640000 0.0823439 0.055934 
1650000 0.0818651 0.0556541 
1660000 0.0814974 0.0553291 
1670000 0.0811452 0.0550479 
1680000 0.0807746 0.0547839 
1690000 0.0803888 0.054498 
1700000 0.0800353 0.0541654 
1710000 0.0796741 0.0538834 
1720000 0.0793021 0.0536175 
1730000 0.0789025 0.0533234 
1740000 0.0784491 0.0530698 
1750000 0.0781017 0.0528138 
1760000 0.077724 0.0525495 
1770000 0.0773843 0.0522852 
1780000 0.0770696 0.0520067 
1790000 0.0767296 0.0517249 
1800000 0.0763709 0.0515023 
1810000 0.0759773 0.0512434 
1820000 0.0756707 0.050965 
1830000 0.0752506 0.0507358 
1840000 0.0748699 0.0504678 
1850000 0.07453 0.0502584 
1860000 0.0741509 0.0500068 
1870000 0.0737778 0.0497502 
1880000 0.0734863 0.0495293 
1890000 0.0731433 0.0493143 
1900000 0.0728741 0.0490803 
1910000 0.0725176 0.0488649 
1920000 0.0722265 0.0486561 
1930000 0.0719474 0.0484359 
1940000 0.071569 0.048209 
1950000 0.0712833 0.0479634 
1960000 0.0709601 0.0477504 
1970000 0.0706778 0.0475458 
1980000 0.0703895 0.0473533 
1990000 0.0701034 0.0471513 
2000000 0.069773 0.0469316 
2010000 0.0695291 0.0467224 
2020000 0.0693338 0.0465089 
2030000 0.069025 0.0463074 
2040000 0.0687788 0.0460974 
2050000 0.0685104 0.0458879 
2060000 0.0681685 0.0457225 
2070000 0.0678094 0.0455419 
2080000 0.0675007 0.0453546 
2090000 0.0671798 0.0451934 
2100000 0.0668661 0.0450088 
2110000 0.0666575 0.0447938 
2120000 0.0663534 0.0445966 
2130000 0.0661045 0.0444191 
2140000 0.065808 0.0441992 
2150000 0.0655393 0.0439851 
2160000 0.0652901 0.0438208 
2170000 0.0649834 0.043639 
2180000 0.0647544 0.0434643 
2190000 0.0644437 0.0432978 
2200000 0.064213 0.0431331 
2210000 0.0640104 0.0429661 
2220000 0.0637438 0.0427979 
2230000 0.0635711 0.0426301 
2240000 0.0633871 0.0424809 
2250000 0.0631733 0.0423335 
2260000 0.0629435 0.0421888 
2270000 0.0626659 0.0420196 
2280000 0.0624419 0.0418429 
2290000 0.0622172 0.0416791 
2300000 0.0619809 0.0415121 
2310000 0.0617509 0.041368 
2320000 0.06152 0.0412061 
2330000 0.0613186 0.041057 
2340000 0.0610952 0.0408952 
2350000 0.0608633 0.0407476 
2360000 0.0606202 0.040582 
2370000 0.0603851 0.0404194 
2380000 0.0602174 0.0402952 
2390000 0.0600337 0.0401282 
2400000 0.0598591 0.0399734 
2410000 0.0596484 0.0398347 
2420000 0.0594373 0.0397069 
2430000 0.0593243 0.0395548 
2440000 0.059119 0.0394125 
2450000 0.0589373 0.0392799 
2460000 0.0587997 0.0391392 
2470000 0.0585959 0.039016 
2480000 0.0584079 0.0388653 
2490000 0.0581741 0.0387199 
2500000 0.0579915 0.0385756 
2510000 0.0578091 0.0384417 
2520000 0.0576379 0.0383321 
2530000 0.057386 0.0381938 
2540000 0.0572191 0.0380608 
2550000 0.0570284 0.037927 
2560000 0.0568804 0.0377742 
2570000 0.0566264 0.0376411 
2580000 0.0564798 0.0375175 
2590000 0.0562993 0.0373824 
2600000 0.0561023 0.0372343 
2610000 0.0559307 0.0371073 
2620000 0.0556827 0.03697 
2630000 0.0555551 0.0368506 
2640000 0.0554026 0.0367351 
2650000 0.0552436 0.0366079 
2660000 0.0550586 0.0364787 
2670000 0.0548798 0.036372 
2680000 0.0546981 0.0362632 
2690000 0.0545219 0.036131 
2700000 0.0543677 0.0360142 
2710000 0.0541703 0.0358834 
2720000 0.0540412 0.0357753 
2730000 0.0539165 0.0356649 
2740000 0.0537872 0.0355546 
2750000 0.053665 0.0354486 
2760000 0.0535258 0.0353501 
2770000 0.0533496 0.0352284 
2780000 0.0532349 0.035118 
2790000 0.0530378 0.0349938 
2800000 0.052886 0.0348915 
2810000 0.0527347 0.0347635 
2820000 0.0525678 0.0346488 
2830000 0.0524439 0.0345249 
2840000 0.0523265 0.0344203 
2850000 0.0522002 0.0343468 
2860000 0.0520467 0.034253 
2870000 0.051876 0.0341533 
2880000 0.0517165 0.0340446 
2890000 0.0515687 0.03395 
2900000 0.051427 0.0338507 
2910000 0.0512722 0.0337431 
2920000 0.0511128 0.0336595 
2930000 0.0509515 0.0335407 
2940000 0.0508534 0.033455 
2950000 0.0507187 0.0333598 
2960000 0.0505657 0.0332699 
2970000 0.050429 0.0331691 
2980000 0.0502835 0.033064 
2990000 0.0501076 0.0329815 
3000000 0.0499884 0.0328844 
3010000 0.0498687 0.0328122 
3020000 0.0497188 0.0327384 
3030000 0.0495523 0.0326404 
3040000 0.0493766 0.0325491 
3050000 0.0492601 0.0324327 
3060000 0.0491501 0.0323306 
3070000 0.0490425 0.0322234 
3080000 0.0489143 0.0321263 
3090000 0.0488204 0.0320263 
3100000 0.0487417 0.031946 
3110000 0.0486314 0.0318598 
3120000 0.0484777 0.031757 
3130000 0.0483325 0.0316589 
3140000 0.0481966 0.031576 
3150000 0.048058 0.0314881 
3160000 0.0479549 0.0314173 
3170000 0.0478095 0.0313363 
3180000 0.0476817 0.0312548 
3190000 0.0475163 0.031174 
3200000 0.0473815 0.0310964 
3210000 0.0472181 0.0310181 
3220000 0.0470979 0.0309233 
3230000 0.0469705 0.0308503 
3240000 0.0468388 0.0307962 
3250000 0.0466994 0.0306949 
3260000 0.0465812 0.0306183 
3270000 0.0464566 0.0305541 
3280000 0.0463221 0.0304671 
3290000 0.0462401 0.0303851 
3300000 0.0461485 0.0303025 
3310000 0.0459983 0.0302303 
3320000 0.0458534 0.0301522 
3330000 0.0457428 0.0300791 
3340000 0.0456115 0.0299945 
3350000 0.0454841 0.0299076 
3360000 0.0453567 0.0298301 
3370000 0.0452693 0.0297614 
3380000 0.0451776 0.0296842 
3390000 0.0450779 0.0295991 
3400000 0.044984 0.0295518 
3410000 0.0448732 0.0294844 
3420000 0.0447801 0.0294069 
3430000 0.0446732 0.0293366 
3440000 0.0445737 0.0292508 
3450000 0.0444683 0.0291761 
3460000 0.0443618 0.0291092 
3470000 0.0442715 0.0290479 
3480000 0.0441832 0.0289663 
3490000 0.0440742 0.0289026 
3500000 0.043949 0.0288226 
3510000 0.0438575 0.0287461 
3520000 0.0437333 0.0286873 
3530000 0.0436174 0.0286025 
3540000 0.0434971 0.0285369 
3550000 0.0433732 0.028465 
3560000 0.0433266 0.0283902 
3570000 0.0432238 0.0283312 
3580000 0.0430756 0.0282485 
3590000 0.0429998 0.0281888 
3600000 0.0429082 0.0281236 
3610000 0.0427846 0.0280591 
3620000 0.042708 0.0279836 
3630000 0.0426182 0.0279178 
3640000 0.0425432 0.0278382 
3650000 0.0424741 0.0277714 
3660000 0.0424051 0.0277101 
3670000 0.0423058 0.0276277 
3680000 0.0422364 0.0275566 
3690000 0.0421763 0.0274953 
3700000 0.042045 0.027428 
3710000 0.0419455 0.0273545 
3720000 0.0418762 0.0272887 
3730000 0.0417741 0.0272298 
3740000 0.0416651 0.0271709 
3750000 0.0415818 0.0271144 
3760000 0.0414908 0.0270335 
3770000 0.0414155 0.0269742 
3780000 0.0412915 0.0269073 
3790000 0.0412022 0.0268422 
3800000 0.0411482 0.0267876 
3810000 0.0410234 0.0267388 
3820000 0.0409502 0.0266783 
3830000 0.0408659 0.0266158 
3840000 0.0408073 0.0265534 
3850000 0.0407208 0.0264859 
3860000 0.0406167 0.0264294 
3870000 0.0405159 0.0263733 
3880000 0.0404461 0.026322 
3890000 0.0403451 0.0262484 
3900000 0.0402441 0.0261984 
3910000 0.0401799 0.0261489 
3920000 0.0400938 0.0260862 
3930000 0.0400061 0.0260283 
3940000 0.0399396 0.025968 
3950000 0.0398719 0.0259207 
3960000 0.0398007 0.0258596 
3970000 0.0397302 0.0258075 
3980000 0.0396707 0.0257409 
3990000 0.0396192 0.0256839 
4000000 0.0395191 0.0256378 
4010000 0.0394526 0.0255789 
4020000 0.0393661 0.0255151 
4030000 0.0392993 0.0254597 
4040000 0.0392341 0.0253927 
4050000 0.0391856 0.0253257 
4060000 0.0390841 0.0252739 
4070000 0.0390138 0.0252492 
4080000 0.0389252 0.0252125 
4090000 0.0388492 0.0251748 
4100000 0.0387873 0.0251359 
4110000 0.0387096 0.0250941 
4120000 0.0386594 0.0250581 
4130000 0.0386059 0.0250171 
4140000 0.0385477 0.0249811 
4150000 0.0384426 0.0249304 
4160000 0.0383701 0.0248908 
4170000 0.0382988 0.0248474 
4180000 0.0382524 0.0247907 
4190000 0.0381492 0.0247366 
4200000 0.0380722 0.0246794 
4210000 0.0380201 0.0246339 
4220000 0.0379399 0.0245824 
4230000 0.0378707 0.0245282 
4240000 0.0377745 0.0244836 
4250000 0.0376771 0.024434 
4260000 0.0376085 0.0243671 
4270000 0.0375408 0.0243245 
4280000 0.037457 0.0242681 
4290000 0.0373844 0.0242239 
4300000 0.0372995 0.0241645 
4310000 0.0372492 0.0241156 
4320000 0.0371785 0.0240671 
4330000 0.0370864 0.0240046 
4340000 0.0370265 0.0239517 
4350000 0.0369536 0.0239111 
4360000 0.0369194 0.0238709 
4370000 0.0368309 0.0238244 
4380000 0.0367744 0.023772 
4390000 0.0367253 0.0237427 
4400000 0.0366558 0.0236981 
4410000 0.0365979 0.0236557 
4420000 0.0364995 0.0236004 
4430000 0.036421 0.0235536 
4440000 0.036356 0.0235161 
4450000 0.0362427 0.0234702 
4460000 0.0361706 0.023406 
4470000 0.0361204 0.0233719 
4480000 0.036047 0.0233304 
4490000 0.035984 0.0232828 
4500000 0.0359229 0.0232348 
4510000 0.0358257 0.0231969 
4520000 0.0357392 0.0231461 
4530000 0.0356704 0.0231096 
4540000 0.0356151 0.0230644 
4550000 0.0355533 0.0230106 
4560000 0.0355041 0.0229664 
4570000 0.0354184 0.0229288 
4580000 0.0353429 0.0228952 
4590000 0.0352837 0.0228614 
4600000 0.0352046 0.0228174 
4610000 0.0351352 0.0227689 
4620000 0.0350871 0.022733 
4630000 0.0350262 0.0227052 
4640000 0.0349425 0.0226618 
4650000 0.034885 0.0226233 
4660000 0.0348217 0.0225748 
4670000 0.0347526 0.0225419 
4680000 0.034692 0.0225074 
4690000 0.0346359 0.0224582 
4700000 0.034591 0.0224151 
4710000 0.0345355 0.0223806 
4720000 0.0344956 0.0223329 
4730000 0.0344194 0.0222889 
4740000 0.0343391 0.0222359 
4750000 0.0342803 0.0221871 
4760000 0.0341877 0.0221524 
4770000 0.0341241 0.0221059 
4780000 0.0340488 0.0220696 
4790000 0.0340153 0.022023 
4800000 0.0339452 0.0219816 
4810000 0.0338846 0.021945 
4820000 0.0338157 0.021912 
4830000 0.03373 0.0218706 
4840000 0.033655 0.0218228 
4850000 0.0335692 0.0217908 
4860000 0.0335098 0.0217619 
4870000 0.0334431 0.0217225 
4880000 0.0334006 0.0216918 
4890000 0.0333657 0.0216492 
4900000 0.0333095 0.0216072 
4910000 0.0332674 0.0215759 
4920000 0.033222 0.0215366 
4930000 0.0331813 0.0214999 
4940000 0.0331431 0.0214611 
4950000 0.0331135 0.0214237 
4960000 0.0330638 0.0213861 
4970000 0.033 0.0213471 
4980000 0.0329586 0.0213067 
4990000 0.0329089 0.0212629 
5000000 0.0328339 0.0212234 
5010000 0.0328152 0.0211887 
5020000 0.0327292 0.0211418 
5030000 0.0326751 0.0210925 
5040000 0.0325952 0.0210575 
5050000 0.0325507 0.0210194 
5060000 0.032494 0.0209936 
5070000 0.0324328 0.0209595 
5080000 0.0323789 0.0209213 
5090000 0.0323209 0.0208839 
5100000 0.0322883 0.0208493 
5110000 0.032248 0.0208065 
5120000 0.0322214 0.0207708 
5130000 0.0321599 0.0207344 
5140000 0.0321109 0.0206941 
5150000 0.0320355 0.0206491 
5160000 0.0319917 0.0206098 
5170000 0.03194 0.0205709 
5180000 0.0318646 0.0205318 
5190000 0.0317884 0.0204906 
5200000 0.031781 0.0204576 
5210000 0.0317024 0.0204208 
5220000 0.0316462 0.0203855 
5230000 0.0315707 0.0203536 
5240000 0.0315245 0.0203215 
5250000 0.031471 0.0202893 
5260000 0.0314367 0.0202493 
5270000 0.0313825 0.0202243 
5280000 0.0313342 0.0201879 
5290000 0.0312713 0.0201534 
5300000 0.0312189 0.0201329 
5310000 0.0311532 0.0201088 
5320000 0.03108 0.0200759 
5330000 0.0310296 0.0200497 
5340000 0.030998 0.02001 
5350000 0.0309603 0.0199799 
5360000 0.0309358 0.0199524 
5370000 0.0309017 0.0199173 
5380000 0.0308553 0.0198826 
5390000 0.0308096 0.0198448 
5400000 0.0307571 0.0198127 
5410000 0.0307138 0.0197826 
5420000 0.0306916 0.0197455 
5430000 0.030676 0.0197141 
5440000 0.0306144 0.0196836 
5450000 0.0305688 0.0196439 
5460000 0.0305311 0.019608 
5470000 0.0304941 0.0195761 
5480000 0.0304378 0.0195398 
5490000 0.030406 0.0195133 
5500000 0.0303564 0.0194895 
5510000 0.0303001 0.0194614 
5520000 0.0302608 0.019429 
5530000 0.030196 0.0194004 
5540000 0.0301518 0.0193772 
5550000 0.0301112 0.0193543 
5560000 0.0300624 0.0193225 
5570000 0.0300048 0.0192799 
5580000 0.0299573 0.0192595 
5590000 0.0299018 0.0192352 
5600000 0.0298591 0.0192108 
5610000 0.0298407 0.0191897 
5620000 0.0298211 0.0191579 
5630000 0.0297827 0.0191281 
5640000 0.0297187 0.0190867 
5650000 0.0296315 0.0190645 
5660000 0.0295977 0.0190303 
5670000 0.0295355 0.0190018 
5680000 0.029501 0.0189767 
5690000 0.0294705 0.018936 
5700000 0.0294283 0.0189169 
5710000 0.029373 0.0188926 
5720000 0.0293193 0.0188731 
5730000 0.0292732 0.0188421 
5740000 0.0292185 0.0188178 
5750000 0.0291585 0.0187841 
5760000 0.0291195 0.0187544 
5770000 0.0290939 0.0187169 
5780000 0.0290544 0.0186834 
5790000 0.0290058 0.0186511 
5800000 0.0289784 0.0186218 
5810000 0.0289215 0.0185923 
5820000 0.0288745 0.0185572 
5830000 0.0288444 0.0185279 
5840000 0.0288051 0.0185061 
5850000 0.0287776 0.0184879 
5860000 0.0287395 0.0184561 
5870000 0.028703 0.0184256 
5880000 0.028671 0.0183958 
5890000 0.0286103 0.0183623 
5900000 0.0285834 0.0183328 
5910000 0.0285575 0.0182983 
5920000 0.0285102 0.0182702 
5930000 0.0284741 0.0182332 
5940000 0.0284211 0.01821 
5950000 0.0284146 0.0181935 
5960000 0.028393 0.0181546 
5970000 0.0283549 0.0181263 
5980000 0.028298 0.0180971 
5990000 0.0282632 0.0180717 
6000000 0.0282366 0.0180324 
6010000 0.0282124 0.0180142 
6020000 0.0281673 0.0179927 
6030000 0.0281212 0.0179699 
6040000 0.0280873 0.017953 
6050000 0.0280564 0.0179284 
6060000 0.02802 0.0179026 
6070000 0.0279817 0.0178787 
6080000 0.0279185 0.0178542 
6090000 0.0278963 0.0178351 
6100000 0.0278741 0.0178067 
6110000 0.0278109 0.0177808 
6120000 0.0277681 0.0177613 
6130000 0.0277006 0.0177387 
6140000 0.0276426 0.0177161 
6150000 0.0275903 0.0176916 
6160000 0.0275454 0.0176705 
6170000 0.0275268 0.0176421 
6180000 0.0274957 0.0176214 
6190000 0.0274421 0.0175989 
6200000 0.0274043 0.0175768 
6210000 0.0273743 0.0175501 
6220000 0.027322 0.0175291 
6230000 0.0272853 0.0174931 
6240000 0.0272839 0.0174672 
6250000 0.0272797 0.0174399 
6260000 0.0272386 0.0174127 
6270000 0.0272047 0.017389 
6280000 0.027173 0.0173629 
6290000 0.0271244 0.0173459 
6300000 0.0270674 0.0173332 
6310000 0.0270518 0.0173152 
6320000 0.0269961 0.0172935 
6330000 0.0269806 0.017269 
6340000 0.0269235 0.0172422 
6350000 0.0268879 0.0172202 
6360000 0.0268529 0.0171961 
6370000 0.0268132 0.0171783 
6380000 0.0267406 0.0171525 
6390000 0.0266808 0.0171292 
6400000 0.0266646 0.0171103 
6410000 0.0266371 0.0170957 
6420000 0.0266122 0.0170738 
6430000 0.0266088 0.017049 
6440000 0.0265794 0.0170251 
6450000 0.0265426 0.0170002 
6460000 0.0265088 0.0169774 
6470000 0.026445 0.0169524 
6480000 0.0263953 0.0169342 
6490000 0.0263564 0.0169039 
6500000 0.0263152 0.016884 
6510000 0.0262686 0.0168647 
6520000 0.0262351 0.0168392 
6530000 0.0262065 0.0168222 
6540000 0.0261761 0.0168042 
6550000 0.0261522 0.0167874 
6560000 0.0261498 0.0167593 
6570000 0.0261089 0.0167426 
6580000 0.0260896 0.0167166 
6590000 0.0260374 0.0166937 
6600000 0.0260145 0.0166684 
6610000 0.025978 0.0166484 
6620000 0.0259358 0.0166331 
6630000 0.0258912 0.0166129 
6640000 0.0258577 0.0165925 
6650000 0.025845 0.0165693 
6660000 0.025826 0.0165451 
6670000 0.0257992 0.0165246 
6680000 0.0257455 0.0164994 
6690000 0.0257211 0.016478 
6700000 0.0256833 0.0164629 
6710000 0.025658 0.0164445 
6720000 0.0256176 0.0164242 
6730000 0.0255733 0.016394 
6740000 0.0255552 0.0163717 
6750000 0.0255102 0.0163541 
6760000 0.0254745 0.0163331 
6770000 0.0254302 0.0163148 
6780000 0.0254156 0.0162808 
6790000 0.0253798 0.0162614 
6800000 0.0253203 0.0162386 
6810000 0.025286 0.0162235 
6820000 0.0252414 0.0162144 
6830000 0.0252064 0.0162012 
6840000 0.025185 0.0161752 
6850000 0.0251542 0.0161543 
6860000 0.025125 0.0161409 
6870000 0.0250799 0.0161247 
6880000 0.0250611 0.0161033 
6890000 0.0250048 0.0160819 
6900000 0.024995 0.0160594 
6910000 0.0249661 0.0160345 
6920000 0.0249468 0.0160154 
6930000 0.0249203 0.0159945 
6940000 0.0248786 0.0159705 
6950000 0.0248535 0.0159484 
6960000 0.024814 0.0159244 
6970000 0.0248045 0.0159092 
6980000 0.0247844 0.0158894 
6990000 0.0247667 0.0158671 
7000000 0.0247231 0.0158524 
7010000 0.0247076 0.0158356 
7020000 0.0246638 0.0158155 
7030000 0.0246468 0.0157927 
7040000 0.0246401 0.0157715 
7050000 0.0246105 0.0157532 
7060000 0.0245955 0.0157316 
7070000 0.0245559 0.0157144 
7080000 0.024545 0.0156996 
7090000 0.0245084 0.0156855 
7100000 0.0244797 0.0156707 
7110000 0.0244772 0.0156504 
7120000 0.0244386 0.0156306 
7130000 0.0244108 0.015612 
7140000 0.0244026 0.0155886 
7150000 0.0243872 0.0155625 
7160000 0.0243662 0.0155373 
7170000 0.024342 0.0155146 
7180000 0.024338 0.0154898 
7190000 0.0243134 0.0154676 
7200000 0.024287 0.0154511 
7210000 0.0242753 0.0154311 
7220000 0.0242443 0.0154105 
7230000 0.0242318 0.0153949 
7240000 0.02422 0.0153766 
7250000 0.0241987 0.0153603 
7260000 0.0241585 0.0153424 
7270000 0.0241368 0.0153264 
7280000 0.0241172 0.0153057 
7290000 0.0240769 0.0152918 
7300000 0.0240302 0.0152657 
7310000 0.0240091 0.0152482 
7320000 0.0239721 0.0152274 
7330000 0.0239347 0.0152092 
7340000 0.0238893 0.0151945 
7350000 0.0238538 0.0151735 
7360000 0.023809 0.0151516 
7370000 0.0237758 0.0151374 
7380000 0.0237326 0.0151146 
7390000 0.0237175 0.0151055 
7400000 0.0236747 0.0150898 
7410000 0.0236549 0.015068 
7420000 0.0236199 0.0150542 
7430000 0.0236004 0.0150333 
7440000 0.0235869 0.0150141 
7450000 0.0235421 0.0149974 
7460000 0.0234961 0.014988 
7470000 0.0234771 0.0149693 
7480000 0.0234565 0.0149542 
7490000 0.0234348 0.0149364 
7500000 0.023411 0.0149168 
7510000 0.0233808 0.014897 
7520000 0.0233484 0.014884 
7530000 0.0233138 0.0148603 
7540000 0.0232955 0.0148459 
7550000 0.0232711 0.0148321 
7560000 0.0232509 0.0148183 
7570000 0.0232328 0.0148017 
7580000 0.0232156 0.0147822 
7590000 0.023199 0.0147653 
7600000 0.0231569 0.0147437 
7610000 0.0231273 0.0147258 
7620000 0.0230984 0.0147146 
7630000 0.0231118 0.0147035 
7640000 0.0230949 0.0146869 
7650000 0.0230825 0.0146721 
7660000 0.0230616 0.0146547 
7670000 0.0230538 0.0146355 
7680000 0.023038 0.0146196 
7690000 0.0230213 0.0146061 
7700000 0.0229919 0.0145925 
7710000 0.0229723 0.0145815 
7720000 0.0229435 0.0145619 
7730000 0.0229209 0.0145432 
7740000 0.0228825 0.0145256 
7750000 0.0228519 0.0145119 
7760000 0.0228291 0.0144995 
7770000 0.0227902 0.0144821 
7780000 0.0227663 0.0144634 
7790000 0.0227425 0.0144449 
7800000 0.0227151 0.0144262 
7810000 0.0226782 0.0144078 
7820000 0.0226595 0.0143923 
7830000 0.0226512 0.0143761 
7840000 0.0226332 0.0143552 
7850000 0.0226257 0.0143417 
7860000 0.0225916 0.014326 
7870000 0.0225659 0.0143109 
7880000 0.0225536 0.0142944 
7890000 0.0225146 0.0142745 
7900000 0.0224809 0.0142603 
7910000 0.02247 0.0142406 
7920000 0.0224549 0.014223 
7930000 0.0224335 0.0141973 
7940000 0.0224156 0.0141822 
7950000 0.0223939 0.0141692 
7960000 0.0223634 0.0141494 
7970000 0.0223387 0.0141337 
7980000 0.0223362 0.0141183 
7990000 0.0223071 0.0141011 
8000000 0.022277 0.0140806 
8010000 0.0222667 0.0140633 
8020000 0.0222414 0.0140475 
8030000 0.0222092 0.0140298 
8040000 0.0221905 0.014015 
8050000 0.0221751 0.0139967 
8060000 0.0221677 0.0139809 
8070000 0.0221387 0.013968 
8080000 0.0221262 0.0139601 
8090000 0.0220856 0.0139448 
8100000 0.022059 0.0139346 
8110000 0.0220338 0.0139246 
8120000 0.0220049 0.0139054 
8130000 0.0219802 0.0139006 
8140000 0.0219546 0.0138788 
8150000 0.0219334 0.0138633 
8160000 0.0218929 0.0138493 
8170000 0.0218776 0.0138328 
8180000 0.0218539 0.0138179 
8190000 0.0218206 0.0138003 
8200000 0.0217988 0.0137897 
8210000 0.021774 0.0137727 
8220000 0.0217479 0.0137593 
8230000 0.0217363 0.0137487 
8240000 0.0217241 0.0137289 
8250000 0.0217137 0.0137121 
8260000 0.0216788 0.0137008 
8270000 0.0216703 0.0136868 
8280000 0.0216559 0.0136711 
8290000 0.02163 0.0136557 
8300000 0.0216038 0.0136402 
8310000 0.0215982 0.0136231 
8320000 0.0215556 0.0136046 
8330000 0.0215418 0.0135851 
8340000 0.0215215 0.0135695 
8350000 0.0214979 0.0135559 
8360000 0.0214744 0.0135409 
8370000 0.0214396 0.0135305 
8380000 0.0214191 0.0135248 
8390000 0.0214035 0.0135139 
8400000 0.0213792 0.0134997 
8410000 0.0213612 0.0134895 
8420000 0.0213433 0.0134777 
8430000 0.021305 0.0134617 
8440000 0.0212678 0.0134493 
8450000 0.021241 0.0134367 
8460000 0.0212241 0.0134238 
8470000 0.0211935 0.0134058 
8480000 0.0211614 0.0133902 
8490000 0.0211385 0.0133812 
8500000 0.0211177 0.0133704 
8510000 0.0211039 0.0133563 
8520000 0.0210783 0.013348 
8530000 0.0210602 0.0133374 
8540000 0.021037 0.0133195 
8550000 0.0210121 0.0133018 
8560000 0.0209897 0.0132882 
8570000 0.0209686 0.0132745 
8580000 0.0209437 0.0132596 
8590000 0.0209274 0.0132451 
8600000 0.0209044 0.0132258 
8610000 0.0209077 0.0132211 
8620000 0.0208912 0.0132166 
8630000 0.0208754 0.013211 
8640000 0.0208663 0.0131961 
8650000 0.0208502 0.0131891 
8660000 0.0208386 0.0131739 
8670000 0.0208264 0.0131644 
8680000 0.0208015 0.0131468 
8690000 0.0207741 0.0131296 
8700000 0.0207529 0.0131121 
8710000 0.0207356 0.0130992 
8720000 0.0207185 0.0130889 
8730000 0.0207026 0.0130739 
8740000 0.0206887 0.0130605 
8750000 0.020664 0.0130471 
8760000 0.0206319 0.0130318 
8770000 0.0206171 0.0130155 
8780000 0.0206076 0.0130031 
8790000 0.0205943 0.0129881 
8800000 0.0205833 0.0129789 
8810000 0.0205608 0.0129616 
8820000 0.0205435 0.0129471 
8830000 0.0205237 0.0129348 
8840000 0.0204984 0.0129203 
8850000 0.0204954 0.0129103 
8860000 0.0204744 0.0128911 
8870000 0.0204661 0.0128733 
8880000 0.0204512 0.0128636 
8890000 0.020434 0.0128503 
8900000 0.0204203 0.012835 
8910000 0.0204118 0.0128171 
8920000 0.0204078 0.0128039 
8930000 0.0203871 0.0127885 
8940000 0.0203611 0.0127696 
8950000 0.0203232 0.0127608 
8960000 0.0203062 0.0127477 
8970000 0.0202913 0.012732 
8980000 0.0202658 0.0127252 
8990000 0.0202614 0.0127114 
9000000 0.0202452 0.0127041 
9010000 0.0202156 0.0126947 
9020000 0.0201749 0.0126892 
9030000 0.0201484 0.0126808 
9040000 0.0201214 0.012671 
9050000 0.0201068 0.0126651 
9060000 0.020084 0.0126585 
9070000 0.0200758 0.0126429 
9080000 0.0200627 0.0126253 
9090000 0.0200609 0.0126074 
9100000 0.0200557 0.0126041 
9110000 0.0200416 0.0125895 
9120000 0.0200269 0.0125773 
9130000 0.0200161 0.0125653 
9140000 0.020007 0.0125546 
9150000 0.0199966 0.0125451 
9160000 0.0199793 0.0125316 
9170000 0.019953 0.0125223 
9180000 0.0199211 0.0125124 
9190000 0.0198921 0.0125017 
9200000 0.0198856 0.0124887 
9210000 0.019868 0.0124791 
9220000 0.0198415 0.0124744 
9230000 0.0198084 0.0124679 
9240000 0.0197895 0.0124612 
9250000 0.0197457 0.0124486 
9260000 0.0197278 0.0124293 
9270000 0.0197023 0.0124197 
9280000 0.0196811 0.012405 
9290000 0.0196726 0.0123856 
9300000 0.0196392 0.0123746 
9310000 0.0196248 0.01236 
9320000 0.0196038 0.0123471 
9330000 0.019591 0.0123334 
9340000 0.0195676 0.0123244 
9350000 0.0195434 0.0123152 
9360000 0.0195293 0.0123046 
9370000 0.0195159 0.0122974 
9380000 0.0195044 0.0122904 
9390000 0.0195007 0.0122751 
9400000 0.0194816 0.0122643 
9410000 0.019447 0.0122506 
9420000 0.0194325 0.012241 
9430000 0.0194239 0.0122291 
9440000 0.019399 0.0122212 
9450000 0.0193788 0.0122035 
9460000 0.0193655 0.0121922 
9470000 0.0193347 0.012179 
9480000 0.0193261 0.0121732 
9490000 0.0193253 0.0121706 
9500000 0.0193052 0.0121634 
9510000 0.0192914 0.0121556 
9520000 0.0192856 0.012151 
9530000 0.0192705 0.0121443 
9540000 0.0192588 0.0121328 
9550000 0.0192523 0.0121243 
9560000 0.0192285 0.0121135 
9570000 0.0192069 0.012105 
9580000 0.0191797 0.0120933 
9590000 0.0191617 0.0120819 
9600000 0.019152 0.0120745 
9610000 0.019142 0.012062 
9620000 0.0191144 0.0120494 
9630000 0.0191059 0.0120342 
9640000 0.019088 0.0120246 
9650000 0.0190603 0.012012 
9660000 0.0190437 0.0119962 
9670000 0.0190167 0.0119798 
9680000 0.0190008 0.0119663 
9690000 0.0189815 0.0119519 
9700000 0.0189734 0.0119399 
9710000 0.018963 0.0119277 
9720000 0.018946 0.0119159 
9730000 0.0189304 0.0119073 
9740000 0.0189151 0.011898 
9750000 0.0188926 0.0118906 
9760000 0.018866 0.0118874 
9770000 0.018854 0.0118791 
9780000 0.0188334 0.0118679 
9790000 0.0188311 0.0118582 
9800000 0.0188213 0.0118445 
9810000 0.0188003 0.0118365 
9820000 0.0187801 0.0118238 
9830000 0.018783 0.0118133 
9840000 0.018762 0.0118023 
9850000 0.0187471 0.0117975 
9860000 0.0187387 0.0117859 
9870000 0.0187265 0.0117702 
9880000 0.0187089 0.0117602 
9890000 0.0186949 0.0117573 
9900000 0.0186786 0.0117445 
9910000 0.0186631 0.0117336 
9920000 0.0186483 0.0117236 
9930000 0.0186358 0.0117145 
9940000 0.0186239 0.011705 
9950000 0.018594 0.0116961 
9960000 0.0185816 0.0116864 
9970000 0.0185566 0.0116766 
9980000 0.0185387 0.0116656 
9990000 0.0185201 0.0116566 
10000000 0.0185023 0.0116455 
11000000 0.0171345 0.0107222 
12000000 0.0159915 0.00996298 
13000000 0.01497 0.00929805 
14000000 0.0141632 0.00874281 
15000000 0.0133476 0.00822646 
16000000 0.0126745 0.00776059 
17000000 0.0120952 0.0073618 
18000000 0.0115738 0.00702821 
19000000 0.0110778 0.00668235 
20000000 0.0106693 0.00641817 
21000000 0.0102861 0.00615849 
22000000 0.0098832 0.00591247 
23000000 0.00955002 0.00569312 
24000000 0.00927084 0.00547785 
25000000 0.00892159 0.00529831 
26000000 0.00867181 0.00512393 
27000000 0.00845284 0.00499539 
28000000 0.00817773 0.00485677 
29000000 0.00799946 0.00473002 
30000000 0.00778664 0.00459821 
31000000 0.00765002 0.00446765 
32000000 0.00741913 0.00434609 
33000000 0.00724694 0.00423272 
34000000 0.00705205 0.00412298 
35000000 0.00685902 0.0040225 
36000000 0.00674728 0.00393618 
37000000 0.00658154 0.00384893 
38000000 0.0064953 0.00375707 
39000000 0.00635051 0.00366695 
40000000 0.00620872 0.00360103 
41000000 0.0060823 0.00350791 
42000000 0.00599581 0.00344372 
43000000 0.00590058 0.00337864 
44000000 0.00576775 0.00330859 
45000000 0.00565138 0.00325993 
46000000 0.0055489 0.00319848 
47000000 0.00548789 0.00314566 
48000000 0.00543024 0.00310507 
49000000 0.00531442 0.0030488 
50000000 0.00523828 0.0029904 
51000000 0.00516231 0.00294176 
52000000 0.00507962 0.00290321 
53000000 0.00499885 0.00286325 
54000000 0.00491908 0.00281621 
55000000 0.00488594 0.00277555 
56000000 0.00482343 0.00273437 
57000000 0.00476406 0.00269866 
58000000 0.00470829 0.00265587 
59000000 0.00465502 0.00261014 
60000000 0.00459776 0.00258315 
61000000 0.00452111 0.00255183 
62000000 0.00444844 0.0025113 
63000000 0.00441511 0.00247352 
64000000 0.00433183 0.00244209 
65000000 0.00429026 0.00241173 
66000000 0.00424702 0.00238259 
67000000 0.00421809 0.00235763 
68000000 0.00414739 0.0023396 
69000000 0.00411347 0.00230302 
70000000 0.00407106 0.00228243 
71000000 0.00404313 0.00225827 
72000000 0.00398191 0.00222956 
73000000 0.00392036 0.00221107 
74000000 0.00390144 0.00218351 
75000000 0.00387904 0.00215652 
76000000 0.00383414 0.00213594 
77000000 0.00379221 0.00211718 
78000000 0.00374689 0.00209445 
79000000 0.00373798 0.00207354 
