28
2 0.79513 0.20487 
2 0.99772 0.00228 
2 0.99999 0.00001 
2 0.99995 0.00005 
2 0.99423 0.00577 
2 0.58707 0.41293 
2 0.99585 0.00415 
2 0.41309 0.58691 
2 0.00771 0.99229 
2 0.00000 1.00000 
2 0.00002 0.99998 
2 0.00000 1.00000 
2 0.00001 0.99999 
2 0.00000 1.00000 
2 0.69905 0.30095 
2 0.00518 0.99482 
2 0.99982 0.00018 
2 0.99999 0.00001 
2 0.99839 0.00161 
2 0.10334 0.89666 
2 0.99983 0.00017 
2 0.71854 0.28146 
2 0.62366 0.37634 
2 0.00000 1.00000 
2 0.73628 0.26372 
2 0.00000 1.00000 
2 0.08296 0.91704 
2 0.00000 1.00000 
