40
2 0.72117 0.27883 
2 0.51363 0.48637 
2 1.00000 0.00000 
2 0.99999 0.00001 
2 0.99995 0.00005 
2 0.93491 0.06509 
2 0.99996 0.00004 
2 0.15924 0.84076 
2 0.99994 0.00006 
2 0.72597 0.27403 
2 0.50272 0.49728 
2 0.15929 0.84071 
2 0.00033 0.99967 
2 0.00012 0.99988 
2 0.00003 0.99997 
2 0.00000 1.00000 
2 0.00001 0.99999 
2 0.00001 0.99999 
2 0.00004 0.99996 
2 0.00000 1.00000 
2 0.36893 0.63107 
2 0.00024 0.99976 
2 1.00000 0.00000 
2 0.99999 0.00001 
2 0.99246 0.00754 
2 0.73914 0.26086 
2 0.99963 0.00037 
2 0.79701 0.20299 
2 0.97613 0.02387 
2 0.20991 0.79009 
2 0.99759 0.00241 
2 0.00250 0.99750 
2 0.24350 0.75650 
2 0.00008 0.99992 
2 0.16103 0.83897 
2 0.00002 0.99998 
2 0.63289 0.36711 
2 0.00000 1.00000 
2 0.21313 0.78687 
2 0.00000 1.00000 
