0 2 0 
1 1 0 
2 1.33333 0 
3 1.5 0 
4 1.2 0 
5 1 0 
6 1 0 
7 0.875 0 
8 1 0 
9 0.9 0 
10 1.36364 0 
11 1.41667 0 
12 1.35897 0 
13 1.54762 0 
14 1.44444 0 
15 1.35417 0 
16 1.27451 0 
17 1.2037 0 
18 1.29825 0.0526316 
19 1.43333 0.05 
20 1.36508 0.142857 
21 1.30303 0.136364 
22 1.24638 0.130435 
23 1.19444 0.125 
24 1.22667 0.2 
25 1.17949 0.192308 
26 1.1358 0.185185 
27 1.09524 0.178571 
28 1.09195 0.172414 
29 1.06889 0.166667 
30 1.06667 0.16129 
31 1.09583 0.15625 
32 1.08914 0.151515 
33 1.05711 0.147059 
34 1.01738 0.142857 
35 0.977424 0.159722 
36 0.951008 0.155405 
37 0.978613 0.151316 
38 0.95352 0.147436 
39 0.929682 0.14375 
40 0.907007 0.140244 
41 0.885411 0.136905 
42 0.965596 0.133721 
43 1.08001 0.130682 
44 1.05601 0.127778 
45 1.03306 0.125 
46 1.01108 0.12234 
47 0.990013 0.119792 
48 0.969808 0.117347 
49 0.950412 0.115 
50 0.947463 0.127451 
51 0.929243 0.125 
52 0.91171 0.122642 
53 0.894826 0.125772 
54 0.896738 0.123485 
55 0.880725 0.12128 
56 0.865274 0.119152 
57 0.850355 0.117098 
58 0.84583 0.115113 
59 0.831732 0.113194 
60 0.826294 0.111339 
61 0.812967 0.109543 
62 0.800063 0.107804 
63 0.787562 0.10612 
64 0.775445 0.104487 
65 0.763696 0.102904 
66 0.752298 0.126244 
67 0.770646 0.124387 
68 0.759477 0.122585 
69 0.753136 0.120833 
70 0.742529 0.119131 
71 0.732216 0.117477 
72 0.722185 0.115868 
73 0.712426 0.114302 
74 0.71626 0.112778 
75 0.706836 0.111294 
76 0.697656 0.109848 
77 0.688712 0.10844 
78 0.679994 0.107068 
79 0.671494 0.113905 
80 0.663204 0.112499 
81 0.655116 0.111127 
82 0.647223 0.109788 
83 0.639518 0.13229 
84 0.631995 0.130734 
85 0.624646 0.129214 
86 0.617466 0.127729 
87 0.616568 0.126277 
88 0.60964 0.124858 
89 0.602867 0.123471 
90 0.61822 0.122114 
91 0.613947 0.120787 
92 0.607346 0.119488 
93 0.600885 0.118217 
94 0.59456 0.116972 
95 0.588366 0.115754 
96 0.575247 0.114561 
97 0.569377 0.113392 
98 0.563625 0.112246 
99 0.557989 0.111124 
100 0.552465 0.110024 
101 0.547048 0.108945 
102 0.541737 0.112742 
103 0.536528 0.111658 
104 0.531418 0.110594 
105 0.526405 0.109551 
106 0.521485 0.108527 
107 0.516657 0.107522 
108 0.518264 0.120297 
109 0.513553 0.119204 
110 0.508926 0.11813 
111 0.504382 0.117075 
112 0.499919 0.116039 
113 0.495533 0.115021 
114 0.491224 0.114021 
115 0.48699 0.113038 
116 0.485555 0.112072 
117 0.48144 0.111122 
118 0.477395 0.110188 
119 0.473416 0.10927 
120 0.469504 0.108367 
121 0.465655 0.107479 
122 0.479322 0.106605 
123 0.475456 0.105745 
124 0.503653 0.104899 
125 0.499655 0.104067 
126 0.495721 0.103247 
127 0.491848 0.102441 
128 0.483482 0.101646 
129 0.479763 0.100865 
130 0.469259 0.100095 
131 0.465704 0.0993363 
132 0.462202 0.0985894 
133 0.458753 0.0978536 
134 0.455355 0.0971288 
135 0.452007 0.0964146 
136 0.448707 0.0970182 
137 0.445456 0.0963151 
138 0.442251 0.0956222 
139 0.439092 0.0949392 
140 0.435978 0.0942659 
141 0.432908 0.093602 
142 0.42988 0.096444 
143 0.426895 0.0957742 
144 0.423951 0.0951137 
145 0.421047 0.0944623 
146 0.418183 0.0938197 
147 0.415357 0.0931857 
148 0.434898 0.0925603 
149 0.431999 0.0919433 
150 0.429138 0.0913344 
151 0.426315 0.0907335 
152 0.423529 0.0901405 
153 0.420778 0.0895551 
154 0.418064 0.0889774 
155 0.415384 0.088407 
156 0.412738 0.0878439 
157 0.410126 0.0872879 
158 0.407546 0.0867389 
159 0.404999 0.0861968 
160 0.402484 0.0856614 
161 0.399999 0.0851327 
162 0.397545 0.0846104 
163 0.395121 0.0840944 
164 0.392726 0.0835848 
165 0.390361 0.0966304 
166 0.388023 0.0960518 
167 0.385714 0.09548 
168 0.395266 0.094915 
169 0.39294 0.0943567 
170 0.390643 0.0938049 
171 0.388371 0.0932596 
172 0.386126 0.0927205 
173 0.383907 0.0921876 
174 0.381714 0.0916608 
175 0.379545 0.09114 
176 0.3774 0.0906251 
177 0.37879 0.090116 
178 0.376674 0.0896125 
179 0.374581 0.0891147 
180 0.372162 0.0886223 
181 0.370117 0.0881354 
182 0.368094 0.0876538 
183 0.366094 0.0871774 
184 0.364115 0.0867062 
185 0.362157 0.08624 
186 0.360221 0.0857788 
187 0.358304 0.0853226 
188 0.356409 0.0848711 
189 0.354533 0.0844244 
190 0.352677 0.0839824 
191 0.35084 0.083545 
192 0.349022 0.0831121 
193 0.347223 0.0826837 
194 0.345442 0.0822597 
195 0.34368 0.08184 
196 0.341935 0.0814246 
197 0.340208 0.0810133 
198 0.338499 0.0806062 
199 0.336806 0.0802032 
200 0.335131 0.0798042 
201 0.333471 0.0794091 
202 0.331829 0.0790179 
203 0.330202 0.0795564 
204 0.328591 0.0791683 
205 0.326996 0.078784 
206 0.325417 0.0784034 
207 0.323852 0.0780264 
208 0.322303 0.0776531 
209 0.320768 0.0772833 
210 0.32013 0.0769171 
211 0.31862 0.0765542 
212 0.317124 0.0761948 
213 0.315642 0.0758388 
214 0.314174 0.075486 
215 0.31272 0.0751366 
216 0.311279 0.0747903 
217 0.309851 0.0744472 
218 0.308436 0.0741073 
219 0.307034 0.0737705 
220 0.305645 0.0734366 
221 0.304268 0.0731059 
222 0.302903 0.072778 
223 0.301551 0.0724531 
224 0.300211 0.0765756 
225 0.298883 0.0762367 
226 0.297566 0.0759009 
227 0.296261 0.075568 
228 0.294967 0.075238 
229 0.293685 0.0770848 
230 0.292413 0.0767511 
231 0.291153 0.0764203 
232 0.289903 0.0760923 
233 0.288664 0.0757671 
234 0.287436 0.0754447 
235 0.286218 0.075125 
236 0.28501 0.074808 
237 0.283813 0.0744937 
238 0.282625 0.074182 
239 0.281448 0.0738729 
240 0.28028 0.0735664 
241 0.279122 0.0732624 
242 0.277973 0.0729609 
243 0.276834 0.0726619 
244 0.275704 0.0723653 
245 0.274583 0.0720711 
246 0.273471 0.0717794 
247 0.272369 0.0714899 
248 0.271275 0.0712028 
249 0.27019 0.070918 
250 0.269113 0.0706355 
251 0.268045 0.0703552 
252 0.266986 0.0700771 
253 0.265935 0.0698012 
254 0.264892 0.0695274 
255 0.263857 0.0692559 
256 0.262831 0.0689864 
257 0.261812 0.068719 
258 0.260801 0.0684537 
259 0.259798 0.0681904 
260 0.257475 0.0679291 
261 0.256492 0.0676698 
262 0.255517 0.0674125 
263 0.254549 0.0671572 
264 0.253589 0.0669038 
265 0.252635 0.0666523 
266 0.251689 0.0664026 
267 0.25075 0.0661548 
268 0.249818 0.0659089 
269 0.248893 0.0656648 
270 0.247974 0.0654225 
271 0.247062 0.0725349 
272 0.246157 0.0722692 
273 0.245259 0.0720055 
274 0.244367 0.0717436 
275 0.243482 0.0714837 
276 0.242603 0.0712256 
277 0.24173 0.0709694 
278 0.240864 0.0707151 
279 0.240004 0.0704625 
280 0.239149 0.0702117 
281 0.238301 0.0699628 
282 0.237459 0.0697155 
283 0.236623 0.0694701 
284 0.235793 0.0692263 
285 0.234968 0.0689843 
286 0.23226 0.0687439 
287 0.231453 0.0685052 
288 0.230653 0.0682682 
289 0.229857 0.0680328 
290 0.229067 0.067799 
291 0.228283 0.0675668 
292 0.227504 0.0673362 
293 0.22673 0.0671071 
294 0.225961 0.0668797 
295 0.233458 0.0666537 
296 0.232672 0.0664293 
297 0.231892 0.0662064 
298 0.231116 0.0659849 
299 0.230346 0.065765 
300 0.22958 0.0655465 
301 0.22882 0.0653295 
302 0.228065 0.0651139 
303 0.227315 0.0648997 
304 0.22657 0.0646869 
305 0.225829 0.0644755 
306 0.225094 0.0642655 
307 0.224363 0.0640568 
308 0.223637 0.0638495 
309 0.222915 0.0636435 
310 0.222198 0.0634389 
311 0.221486 0.0632356 
312 0.220779 0.0630335 
313 0.220076 0.0628328 
314 0.219377 0.0626333 
315 0.218683 0.0624351 
316 0.217993 0.0622382 
317 0.217307 0.0620425 
318 0.216626 0.061848 
319 0.215949 0.0616547 
320 0.215276 0.0614626 
321 0.214608 0.0612717 
322 0.213943 0.061082 
323 0.213283 0.0608935 
324 0.212627 0.0607062 
325 0.211975 0.0605199 
326 0.211326 0.0603349 
327 0.210682 0.0601509 
328 0.210042 0.0599681 
329 0.209405 0.0597864 
330 0.208773 0.0596057 
331 0.208144 0.0594262 
332 0.207519 0.0592477 
333 0.206897 0.0590704 
334 0.20628 0.058894 
335 0.204906 0.0587187 
336 0.206725 0.0585445 
337 0.206114 0.0583713 
338 0.205506 0.0581991 
339 0.203831 0.0580279 
340 0.203234 0.0578578 
341 0.202639 0.0576886 
342 0.202049 0.0575204 
343 0.201461 0.0573532 
344 0.200877 0.057187 
345 0.200297 0.0570217 
346 0.19972 0.0568573 
347 0.199146 0.056694 
348 0.195636 0.0565315 
349 0.195077 0.05637 
350 0.194522 0.0562094 
351 0.193969 0.0560497 
352 0.193419 0.0558909 
353 0.192873 0.055733 
354 0.19233 0.0555761 
355 0.191789 0.0554199 
356 0.191252 0.0552647 
357 0.190718 0.0551103 
358 0.190187 0.0549568 
359 0.189658 0.0548042 
360 0.189133 0.0546524 
361 0.188611 0.0545014 
362 0.188091 0.0543512 
363 0.187574 0.0542019 
364 0.18706 0.0540534 
365 0.186549 0.0539057 
366 0.186041 0.0537589 
367 0.185535 0.0536128 
368 0.185033 0.0534675 
369 0.184533 0.053323 
370 0.184035 0.0531792 
371 0.18354 0.0530363 
372 0.183048 0.0528941 
373 0.182559 0.0527527 
374 0.182072 0.052612 
375 0.181588 0.0524721 
376 0.181106 0.0523329 
377 0.180627 0.0521944 
378 0.180151 0.0520567 
379 0.179676 0.0519197 
380 0.179205 0.0517835 
381 0.178736 0.0516479 
382 0.178269 0.0515131 
383 0.177805 0.0513789 
384 0.177343 0.0512455 
385 0.176884 0.0511127 
386 0.176427 0.0509806 
387 0.175972 0.0508492 
388 0.175519 0.0507185 
389 0.175069 0.0505885 
390 0.174622 0.0504591 
391 0.174176 0.0503304 
392 0.173733 0.0502023 
393 0.173292 0.0500749 
394 0.172853 0.0499481 
395 0.172417 0.049822 
396 0.171983 0.0496965 
397 0.17155 0.0495716 
398 0.17112 0.0494474 
399 0.170693 0.0493237 
400 0.170267 0.0492007 
401 0.169843 0.0490784 
402 0.169422 0.0489566 
403 0.169003 0.0488354 
404 0.168585 0.0487148 
405 0.16817 0.0485948 
406 0.167757 0.0484754 
407 0.167346 0.0483566 
408 0.166937 0.0482384 
409 0.166529 0.0481207 
410 0.168944 0.0480036 
411 0.168534 0.0478871 
412 0.168126 0.0477712 
413 0.16772 0.0476558 
414 0.167315 0.047541 
415 0.166913 0.0474267 
416 0.166513 0.0473129 
417 0.166115 0.0471998 
418 0.165718 0.0470871 
419 0.165324 0.046975 
420 0.164931 0.0468634 
421 0.16454 0.0467524 
422 0.164151 0.0466418 
423 0.163764 0.0465318 
424 0.163379 0.0464224 
425 0.162995 0.0463134 
426 0.162613 0.0462049 
427 0.162233 0.046097 
428 0.161855 0.0459895 
429 0.163575 0.0458826 
430 0.163195 0.0457761 
431 0.162818 0.0456701 
432 0.162441 0.0455647 
433 0.162067 0.0454597 
434 0.161695 0.0453552 
435 0.161324 0.051986 
436 0.160955 0.0518671 
437 0.160587 0.0517487 
438 0.160221 0.0516308 
439 0.159857 0.0515134 
440 0.159495 0.0513966 
441 0.159134 0.0512804 
442 0.158775 0.0511646 
443 0.158417 0.0510494 
444 0.156271 0.0509346 
445 0.15592 0.0508204 
446 0.155572 0.0507067 
447 0.155224 0.0505936 
448 0.154879 0.0504809 
449 0.154535 0.0503687 
450 0.154192 0.050257 
451 0.153851 0.0501458 
452 0.153511 0.0500351 
453 0.153173 0.0499249 
454 0.152836 0.0498152 
455 0.152501 0.049706 
456 0.149207 0.0495972 
457 0.151064 0.0494889 
458 0.150735 0.0493811 
459 0.150407 0.0492737 
460 0.150081 0.0491668 
461 0.149756 0.0490604 
462 0.149433 0.0489545 
463 0.149111 0.048849 
464 0.14879 0.0487439 
465 0.148471 0.0486393 
466 0.148153 0.0485352 
467 0.147836 0.0484314 
468 0.147521 0.0483282 
469 0.147207 0.0482254 
470 0.146895 0.048123 
471 0.146584 0.048021 
472 0.146274 0.0479195 
473 0.145965 0.0478184 
474 0.145658 0.0477177 
475 0.145352 0.0476175 
476 0.147148 0.0475176 
477 0.14684 0.0474182 
478 0.146533 0.0473192 
479 0.149686 0.0472207 
480 0.149374 0.0471225 
481 0.149064 0.0470247 
482 0.148756 0.0469274 
483 0.148448 0.0468304 
484 0.148142 0.0467338 
485 0.147838 0.0466377 
486 0.146235 0.0465419 
487 0.145935 0.0464465 
488 0.145637 0.0463516 
489 0.14534 0.046257 
490 0.145044 0.0461628 
491 0.144749 0.0460689 
492 0.144455 0.0459755 
493 0.144163 0.0458824 
494 0.143872 0.0457897 
495 0.143582 0.0456974 
496 0.143293 0.0456055 
497 0.143005 0.0455139 
498 0.142718 0.0454227 
499 0.142433 0.0453318 
500 0.142149 0.0452413 
501 0.141866 0.0451512 
502 0.141584 0.0450615 
503 0.141303 0.0449721 
504 0.141023 0.044883 
505 0.140744 0.0447943 
506 0.140466 0.0447059 
507 0.14019 0.0446179 
508 0.139915 0.0464949 
509 0.13964 0.0464038 
510 0.145141 0.0463129 
511 0.144858 0.0462225 
512 0.144575 0.0461324 
513 0.144294 0.0460426 
514 0.144014 0.0459532 
515 0.143735 0.0458642 
516 0.143457 0.0457755 
517 0.14318 0.0456871 
518 0.142904 0.0455991 
519 0.141766 0.0455114 
520 0.141494 0.045424 
521 0.141223 0.045337 
522 0.141921 0.0452503 
523 0.14165 0.045164 
524 0.14138 0.0450779 
525 0.141111 0.0449922 
526 0.140844 0.0449069 
527 0.140577 0.0448218 
528 0.140311 0.0447371 
529 0.140046 0.0446527 
530 0.139783 0.0445686 
531 0.13952 0.0444848 
532 0.139258 0.0444013 
533 0.138997 0.0443182 
534 0.138738 0.0442354 
535 0.138479 0.0441528 
536 0.138221 0.0440706 
537 0.137964 0.0439887 
538 0.140491 0.0439071 
539 0.140231 0.0438258 
540 0.14182 0.0437448 
541 0.141558 0.0436641 
542 0.141298 0.0435836 
543 0.141038 0.0435035 
544 0.140779 0.0434237 
545 0.140521 0.0433442 
546 0.140264 0.0432649 
547 0.140008 0.043186 
548 0.139753 0.0431073 
549 0.139499 0.0430289 
550 0.139246 0.0429508 
551 0.138994 0.042873 
552 0.138742 0.0427955 
553 0.138492 0.0427183 
554 0.138243 0.0426413 
555 0.137994 0.0425646 
556 0.137746 0.0424882 
557 0.137499 0.042412 
558 0.137253 0.0423362 
559 0.137008 0.0422606 
560 0.136764 0.0421852 
561 0.136521 0.0421102 
562 0.136278 0.0420354 
563 0.136037 0.0419608 
564 0.135796 0.0418866 
565 0.135556 0.0418126 
566 0.135317 0.0417388 
567 0.135079 0.0416653 
568 0.134841 0.0444294 
569 0.134605 0.0443515 
570 0.134369 0.0442738 
571 0.134134 0.0441964 
572 0.1339 0.0441193 
573 0.133667 0.0440424 
574 0.133434 0.0439658 
575 0.133202 0.0438895 
576 0.132972 0.0438134 
577 0.132742 0.0437376 
578 0.132512 0.0436621 
579 0.132284 0.0435868 
580 0.132056 0.0435118 
581 0.131829 0.043437 
582 0.131603 0.0433625 
583 0.131378 0.0432882 
584 0.131153 0.0432143 
585 0.130929 0.0431405 
586 0.130706 0.043067 
587 0.130484 0.0429938 
588 0.130262 0.0429208 
589 0.130695 0.042848 
590 0.130474 0.0427755 
591 0.130254 0.0427033 
592 0.130034 0.0426313 
593 0.1292 0.0425595 
594 0.128983 0.042488 
595 0.128767 0.0424167 
596 0.128551 0.0423456 
597 0.128336 0.0422748 
598 0.128122 0.0422042 
599 0.127908 0.0421339 
600 0.127695 0.0420638 
601 0.127483 0.0419939 
602 0.127272 0.0419243 
603 0.127061 0.0418549 
604 0.126851 0.0417857 
605 0.126524 0.0417167 
606 0.126316 0.041648 
607 0.126108 0.0415795 
608 0.125901 0.0415112 
609 0.125694 0.0414432 
610 0.125489 0.0413753 
611 0.125284 0.0413077 
612 0.125079 0.0412404 
613 0.124875 0.0411732 
614 0.124672 0.0411062 
615 0.12447 0.0410395 
616 0.124268 0.040973 
617 0.124067 0.0409067 
618 0.123867 0.0408406 
619 0.123667 0.0407747 
620 0.123468 0.0407091 
621 0.123269 0.0406436 
622 0.123071 0.0405784 
623 0.122874 0.0405134 
624 0.122678 0.0404485 
625 0.122482 0.0403839 
626 0.121183 0.0403195 
627 0.12099 0.0402553 
628 0.120797 0.0401913 
629 0.120606 0.0401275 
630 0.120415 0.0400639 
631 0.120224 0.0400005 
632 0.120034 0.0399373 
633 0.119845 0.0398743 
634 0.119656 0.0398116 
635 0.12086 0.039749 
636 0.12067 0.0396866 
637 0.120481 0.0396244 
638 0.120292 0.0395623 
639 0.120104 0.0395005 
640 0.119917 0.0394389 
641 0.11973 0.0393775 
642 0.119544 0.0393162 
643 0.119358 0.0392552 
644 0.119173 0.0391943 
645 0.118989 0.0391336 
646 0.118805 0.0390732 
647 0.118622 0.0390129 
648 0.118439 0.0389528 
649 0.120308 0.0388928 
650 0.120123 0.0388331 
651 0.119939 0.0387735 
652 0.119755 0.0387141 
653 0.119572 0.0386549 
654 0.120348 0.0385959 
655 0.120164 0.0385371 
656 0.119981 0.0384784 
657 0.119799 0.03842 
658 0.119617 0.0383617 
659 0.119436 0.0383035 
660 0.119255 0.0382456 
661 0.119075 0.0381878 
662 0.118896 0.0381302 
663 0.118717 0.0380728 
664 0.118538 0.0380155 
665 0.11836 0.0379585 
666 0.118183 0.0379016 
667 0.118006 0.0378448 
668 0.117829 0.0377882 
669 0.117653 0.0377318 
670 0.117478 0.0376756 
671 0.117303 0.0376195 
672 0.117129 0.0375637 
673 0.116955 0.0375079 
674 0.117562 0.0374524 
675 0.117388 0.0373969 
676 0.117215 0.0373417 
677 0.117042 0.0372866 
678 0.116869 0.0372317 
679 0.115786 0.037177 
680 0.115616 0.0371224 
681 0.115447 0.0370679 
682 0.115278 0.0370137 
683 0.115109 0.0369596 
684 0.114941 0.0369056 
685 0.114774 0.0368518 
686 0.114607 0.0367982 
687 0.11444 0.0367447 
688 0.114274 0.0366913 
689 0.114108 0.0366382 
690 0.113943 0.0365851 
691 0.113778 0.0365323 
692 0.113614 0.0364796 
693 0.113451 0.036427 
694 0.113287 0.0363746 
695 0.113125 0.0363223 
696 0.112962 0.0362702 
697 0.1128 0.0362182 
698 0.112639 0.0361664 
699 0.112478 0.0361148 
700 0.112318 0.0360632 
701 0.112158 0.0360119 
702 0.111998 0.0359607 
703 0.110591 0.0359096 
704 0.111832 0.0358586 
705 0.111674 0.0358078 
706 0.111516 0.0357572 
707 0.111358 0.0357067 
708 0.111201 0.0356563 
709 0.111045 0.0356061 
710 0.110889 0.035556 
711 0.110733 0.0355061 
712 0.113644 0.0354563 
713 0.113485 0.0354066 
714 0.113326 0.0353571 
715 0.113168 0.0353077 
716 0.11301 0.0352585 
717 0.112853 0.0352094 
718 0.111761 0.0351604 
719 0.111605 0.0351116 
720 0.111451 0.0350629 
721 0.111296 0.0350143 
722 0.109882 0.0349659 
723 0.109731 0.0349176 
724 0.109579 0.0348694 
725 0.109428 0.0348214 
726 0.109278 0.0347735 
727 0.109128 0.0347257 
728 0.108978 0.0346781 
729 0.108829 0.0346306 
730 0.10868 0.0345832 
731 0.108531 0.034536 
732 0.108383 0.0344889 
733 0.108236 0.0344419 
734 0.108088 0.034395 
735 0.107942 0.0343483 
736 0.107795 0.0343017 
737 0.107649 0.0342552 
738 0.107503 0.0342088 
739 0.107358 0.0341626 
740 0.107213 0.0341165 
741 0.107069 0.0340705 
742 0.106925 0.0340247 
743 0.106781 0.0339789 
744 0.106638 0.0339333 
745 0.106495 0.0338879 
746 0.106352 0.0338425 
747 0.107201 0.0337972 
748 0.107058 0.0337521 
749 0.106915 0.0337071 
750 0.106773 0.0336622 
751 0.106631 0.0336175 
752 0.106489 0.0335728 
753 0.106348 0.0335283 
754 0.106207 0.0334839 
755 0.106067 0.0334396 
756 0.105927 0.0333954 
757 0.105787 0.0333514 
758 0.105648 0.0333074 
759 0.105509 0.0332636 
760 0.10537 0.0332199 
761 0.105232 0.0331763 
762 0.105094 0.0331328 
763 0.104956 0.0330894 
764 0.104819 0.0330462 
765 0.104682 0.0330031 
766 0.104546 0.03296 
767 0.104409 0.0329171 
768 0.104274 0.0328743 
769 0.104138 0.0328316 
770 0.104003 0.032789 
771 0.103869 0.0327466 
772 0.103734 0.0327042 
773 0.1036 0.0326619 
774 0.103466 0.0326198 
775 0.103333 0.0325778 
776 0.1032 0.0325358 
777 0.103067 0.032494 
778 0.102935 0.0324523 
779 0.10533 0.0324107 
780 0.10661 0.0323692 
781 0.106474 0.0323278 
782 0.106338 0.0322865 
783 0.106202 0.0322453 
784 0.106067 0.0322043 
785 0.105932 0.0321633 
786 0.105797 0.0321224 
787 0.105663 0.0320816 
788 0.105529 0.032041 
789 0.105396 0.0320004 
790 0.105262 0.03196 
791 0.105129 0.0319196 
792 0.104997 0.0318794 
793 0.104865 0.0318392 
794 0.104733 0.0317992 
795 0.104601 0.0317592 
796 0.10447 0.0317194 
797 0.104339 0.0316796 
798 0.104208 0.03164 
799 0.104078 0.0316004 
800 0.103948 0.031561 
801 0.103819 0.0315216 
802 0.103689 0.0314824 
803 0.10356 0.0314432 
804 0.103432 0.0314041 
805 0.103303 0.0313652 
806 0.103175 0.0313263 
807 0.103048 0.0312875 
808 0.10292 0.0312489 
809 0.102793 0.0312103 
810 0.102666 0.0311718 
811 0.10254 0.0311334 
812 0.102414 0.0310951 
813 0.102288 0.0310569 
814 0.102163 0.0310188 
815 0.102037 0.0309808 
816 0.101912 0.0309429 
817 0.100903 0.0309051 
818 0.100779 0.0308673 
819 0.100656 0.0308297 
820 0.100534 0.0307921 
821 0.100412 0.0307547 
822 0.100289 0.0307173 
823 0.100168 0.03068 
824 0.100046 0.0306428 
825 0.0999253 0.0306057 
826 0.0998044 0.0305687 
827 0.0996839 0.0305318 
828 0.0995636 0.030495 
829 0.100935 0.0304582 
830 0.100813 0.0304216 
831 0.100692 0.030385 
832 0.100571 0.0303485 
833 0.100451 0.0303122 
834 0.10033 0.0302759 
835 0.10021 0.0302396 
836 0.10009 0.0302035 
837 0.099971 0.0301675 
838 0.0998519 0.0301315 
839 0.099733 0.0300956 
840 0.100566 0.0300599 
841 0.100446 0.0300242 
842 0.100327 0.0299885 
843 0.100208 0.029953 
844 0.10009 0.0299176 
845 0.0999713 0.0298822 
846 0.0998533 0.0298469 
847 0.0997355 0.0298117 
848 0.0996181 0.0297766 
849 0.0995009 0.0297416 
850 0.0993839 0.0297066 
851 0.0992673 0.0296718 
852 0.0991509 0.029637 
853 0.0990348 0.0296023 
854 0.098919 0.0295676 
855 0.0988034 0.0295331 
856 0.0986881 0.0294986 
857 0.0985731 0.0294643 
858 0.0984584 0.02943 
859 0.0983439 0.0293957 
860 0.0982296 0.0293616 
861 0.0981157 0.0293275 
862 0.098002 0.0292936 
863 0.0978886 0.0292596 
864 0.0977754 0.0292258 
865 0.0976625 0.0291921 
866 0.0975499 0.0291584 
867 0.0974375 0.0291248 
868 0.0973253 0.0290913 
869 0.0972135 0.0290579 
870 0.0971019 0.0290245 
871 0.0969905 0.0289912 
872 0.0968794 0.028958 
873 0.0967686 0.0289249 
874 0.096658 0.0288918 
875 0.0965476 0.0288588 
876 0.0964375 0.0288259 
877 0.0963277 0.0287931 
878 0.0962181 0.0287603 
879 0.0961088 0.0287277 
880 0.0959997 0.028695 
881 0.0958908 0.0286625 
882 0.0957823 0.0286301 
883 0.0956739 0.0285977 
884 0.0955658 0.0285654 
885 0.0954579 0.0285331 
886 0.0953503 0.0285009 
887 0.0952429 0.0284688 
888 0.0951358 0.0284368 
889 0.0950289 0.0284049 
890 0.0949223 0.028373 
891 0.0948158 0.0283412 
892 0.0947097 0.0283094 
893 0.0946037 0.0282778 
894 0.0949958 0.0282462 
895 0.0948898 0.0282147 
896 0.094784 0.0281832 
897 0.0962034 0.0281518 
898 0.0960964 0.0281205 
899 0.0959897 0.0280893 
900 0.0958831 0.0280581 
901 0.0957768 0.028027 
902 0.0956708 0.0279959 
903 0.0955649 0.027965 
904 0.0954593 0.0279341 
905 0.095354 0.0279032 
906 0.0952488 0.0278725 
907 0.0951439 0.0278418 
908 0.0950393 0.0278112 
909 0.0949348 0.0277806 
910 0.0948306 0.0277501 
911 0.0947266 0.0277197 
912 0.0946229 0.0276893 
913 0.0945194 0.027659 
914 0.0944161 0.0276288 
915 0.094313 0.0275986 
916 0.0942101 0.0275685 
917 0.0941075 0.0275385 
918 0.0940051 0.0275085 
919 0.0939029 0.0274786 
920 0.093801 0.0274488 
921 0.0936992 0.027419 
922 0.0935977 0.0273893 
923 0.0934964 0.0273597 
924 0.0933953 0.0273301 
925 0.0932945 0.0273006 
926 0.0931938 0.0272711 
927 0.0930934 0.0272417 
928 0.0929932 0.0272124 
929 0.0928932 0.0271832 
930 0.0927934 0.027154 
931 0.0926939 0.0271248 
932 0.0925945 0.0270958 
933 0.0924954 0.0270667 
934 0.0923965 0.0270378 
935 0.0922977 0.0270089 
936 0.0921992 0.0269801 
937 0.0921009 0.0269513 
938 0.0920029 0.0269226 
939 0.091905 0.026894 
940 0.0918073 0.0268654 
941 0.0917099 0.0268369 
942 0.0916126 0.0268084 
943 0.0915156 0.02678 
944 0.0914187 0.0267517 
945 0.0913221 0.0267234 
946 0.0912256 0.0266952 
947 0.0911294 0.026667 
948 0.0910334 0.0266389 
949 0.0909376 0.0266109 
950 0.0908419 0.0265829 
951 0.0907465 0.026555 
952 0.0906513 0.0265271 
953 0.0905563 0.0264993 
954 0.0904615 0.0264716 
955 0.0903668 0.0264439 
956 0.0902724 0.0264162 
957 0.0901782 0.0263887 
958 0.0900841 0.0263611 
959 0.0899903 0.0263337 
960 0.0898967 0.0263063 
961 0.0898032 0.0262789 
962 0.08971 0.0262516 
963 0.0896169 0.0262244 
964 0.089524 0.0261972 
965 0.0894314 0.0261701 
966 0.0893389 0.0261431 
967 0.0892466 0.0261161 
968 0.0891545 0.0260891 
969 0.0890626 0.0260622 
970 0.0889708 0.0260354 
971 0.0888793 0.0260086 
972 0.088788 0.0259818 
973 0.0886968 0.0259552 
974 0.0886058 0.0259286 
975 0.0885151 0.025902 
976 0.0884245 0.0258755 
977 0.088334 0.025849 
978 0.0882438 0.0258226 
979 0.0881538 0.0257963 
980 0.0880639 0.02577 
981 0.0879742 0.0265469 
982 0.0878847 0.0265199 
983 0.0877954 0.0264929 
984 0.0877063 0.026466 
985 0.0876173 0.0264392 
986 0.0875286 0.0264124 
987 0.08744 0.0263857 
988 0.0873516 0.026359 
989 0.0872633 0.0263324 
990 0.0871753 0.0263058 
991 0.0870874 0.0262793 
992 0.0869997 0.0262528 
993 0.0869122 0.0262264 
994 0.0868248 0.0262 
995 0.0867376 0.0261737 
996 0.0866506 0.0261475 
997 0.0865638 0.0261213 
998 0.0864772 0.0260951 
999 0.0863907 0.026069 
1000 0.0863044 0.026043 
1100 0.0802566 0.0262105 
1200 0.0740683 0.0240281 
1300 0.0683751 0.0221812 
1400 0.0634946 0.020598 
1500 0.0601638 0.0192257 
1600 0.0572862 0.0180248 
1700 0.0538934 0.0169652 
1800 0.0520764 0.0160232 
1900 0.0500686 0.0151803 
2000 0.0475664 0.0144217 
2100 0.0453025 0.0137352 
2200 0.0432442 0.0131112 
2300 0.0428072 0.0125414 
2400 0.0410767 0.0120191 
2500 0.0394925 0.0115385 
2600 0.0379741 0.0110949 
2700 0.0365682 0.0106841 
2800 0.0352627 0.0103027 
2900 0.0340471 0.00994752 
3000 0.0329126 0.00961605 
3100 0.0318513 0.00930595 
3200 0.0308562 0.00901523 
3300 0.0299215 0.00874213 
3400 0.0290417 0.00848508 
3500 0.0282122 0.00824272 
3600 0.0274287 0.00801382 
3700 0.0266876 0.00779729 
3800 0.0259855 0.00759215 
3900 0.0253193 0.00739753 
4000 0.0246865 0.00721264 
4100 0.0240846 0.00703676 
4200 0.0235112 0.00686926 
4300 0.0229646 0.00670955 
4400 0.0224428 0.00655709 
4500 0.0219442 0.00641141 
4600 0.0214672 0.00627206 
4700 0.0210106 0.00613864 
4800 0.020573 0.00601078 
4900 0.0201532 0.00588814 
5000 0.0197502 0.0057704 
5100 0.019363 0.00565727 
5200 0.0189907 0.0055485 
5300 0.0186325 0.00544383 
5400 0.0182875 0.00534304 
5500 0.0179551 0.00524591 
5600 0.0176345 0.00515225 
5700 0.0173252 0.00506188 
5800 0.0170265 0.00497462 
5900 0.016738 0.00489032 
6000 0.016459 0.00480882 
6100 0.0161893 0.00473 
6200 0.0159282 0.00465373 
6300 0.0156754 0.00457987 
6400 0.0154305 0.00450832 
6500 0.0151932 0.00443897 
6600 0.014963 0.00437173 
6700 0.0147397 0.00430649 
6800 0.014523 0.00424316 
6900 0.0143125 0.00418168 
7000 0.0141081 0.00412195 
7100 0.0139094 0.0040639 
7200 0.0137163 0.00400747 
7300 0.0135284 0.00395258 
7400 0.0133456 0.00389917 
7500 0.0131677 0.00384719 
7600 0.0129944 0.00379657 
7700 0.0128257 0.00374727 
7800 0.0126613 0.00369924 
7900 0.012501 0.00365242 
8000 0.0123448 0.00360677 
8100 0.0121924 0.00356225 
8200 0.0120437 0.00351881 
8300 0.0118987 0.00347642 
8400 0.011757 0.00343504 
8500 0.0116187 0.00339463 
8600 0.0114836 0.00335516 
8700 0.0113517 0.0033166 
8800 0.0112227 0.00327892 
8900 0.0110966 0.00324208 
9000 0.0109733 0.00320606 
9100 0.0108527 0.00341116 
9200 0.0107348 0.00346663 
9300 0.0106194 0.00342935 
9400 0.0105064 0.00339288 
9500 0.0103958 0.00335716 
9600 0.0102875 0.0033222 
9700 0.0101815 0.00328795 
9800 0.0100776 0.00327002 
9900 0.00997584 0.00342935 
10000 0.00987609 0.00339506 
10100 0.00977831 0.00336145 
10200 0.00968246 0.0033285 
10300 0.00958846 0.00329619 
10400 0.00949627 0.00326449 
10500 0.00940584 0.00323341 
10600 0.00931712 0.00320291 
10700 0.00923005 0.00317298 
10800 0.00914459 0.0031436 
10900 0.00906071 0.00311476 
11000 0.00897834 0.00313095 
11100 0.00889746 0.00310275 
11200 0.00881803 0.00307505 
11300 0.00874 0.00304784 
11400 0.00866334 0.0030211 
11500 0.00858801 0.00299483 
11600 0.00851399 0.00296902 
11700 0.00844122 0.00294364 
11800 0.00836969 0.0029187 
11900 0.00829937 0.00289418 
12000 0.00823021 0.00287006 
12100 0.0081622 0.00284634 
12200 0.0080953 0.00282301 
12300 0.00802949 0.00280006 
12400 0.00796474 0.00277748 
12500 0.00790103 0.00275527 
12600 0.00783833 0.0027334 
12700 0.00777661 0.00271188 
12800 0.00771586 0.00269069 
12900 0.00765605 0.00266984 
13000 0.00759717 0.0026493 
13100 0.00753918 0.00262908 
13200 0.00748207 0.00260916 
13300 0.00742581 0.00258955 
13400 0.0073704 0.00257023 
13500 0.00731581 0.00255119 
13600 0.00726202 0.00253243 
13700 0.00720902 0.00251395 
13800 0.00715678 0.00249573 
13900 0.0071053 0.00247778 
14000 0.00705455 0.00246008 
14100 0.00700452 0.00244263 
14200 0.0069552 0.00242543 
14300 0.00690656 0.00240847 
14400 0.0068586 0.00239175 
14500 0.00681131 0.00237526 
14600 0.00676466 0.00235899 
14700 0.00671864 0.00234294 
14800 0.00667325 0.00232711 
14900 0.00662846 0.00231149 
15000 0.00658428 0.00229609 
15100 0.00654068 0.00228088 
15200 0.00649765 0.00226588 
15300 0.00645518 0.00225107 
15400 0.00641327 0.00223645 
15500 0.0063719 0.00222202 
15600 0.00633105 0.00220778 
15700 0.00629073 0.00219372 
15800 0.00625092 0.00217984 
15900 0.00621161 0.00216613 
16000 0.00617279 0.00215259 
16100 0.00613445 0.00213922 
16200 0.00609658 0.00212602 
16300 0.00605918 0.00211297 
16400 0.00602224 0.00210009 
16500 0.00598574 0.00208736 
16600 0.00594969 0.00207479 
16700 0.00591406 0.00206237 
16800 0.00587886 0.00205009 
16900 0.00584408 0.00203796 
17000 0.0058097 0.00202597 
17100 0.00577573 0.00201413 
17200 0.00574215 0.00200242 
17300 0.00570896 0.00199084 
17400 0.00567615 0.0019794 
17500 0.00564372 0.00196809 
17600 0.00561166 0.00195691 
17700 0.00557995 0.00194586 
17800 0.00554861 0.00193492 
17900 0.00551761 0.00192412 
18000 0.00548696 0.00191343 
18100 0.00545665 0.00190286 
18200 0.00542667 0.0018924 
18300 0.00539701 0.00188206 
18400 0.00536768 0.00187183 
18500 0.00533867 0.00186171 
18600 0.00530997 0.00185171 
18700 0.00528158 0.0018418 
18800 0.00525348 0.00183726 
18900 0.00522569 0.00187483 
19000 0.00519819 0.00198744 
19100 0.00517097 0.00204289 
19200 0.00514404 0.00205849 
19300 0.00511739 0.00204783 
19400 0.00509101 0.00203727 
19500 0.00506491 0.00202682 
19600 0.00503907 0.00207018 
19700 0.00501349 0.00203173 
19800 0.00498817 0.00220113 
19900 0.0049631 0.00219007 
20000 0.00493829 0.00217912 
20100 0.00491372 0.00221838 
20200 0.0048894 0.00223037 
20300 0.00486531 0.00221939 
20400 0.00484147 0.00220851 
20500 0.00481785 0.00219774 
20600 0.00479446 0.00218707 
20700 0.0047713 0.0021765 
20800 0.00474837 0.00216604 
20900 0.00472565 0.00215568 
21000 0.00470315 0.00214541 
21100 0.00468086 0.00213524 
21200 0.00465878 0.00212517 
21300 0.00463691 0.0021152 
21400 0.00461524 0.00210531 
21500 0.00459377 0.00209552 
21600 0.00457251 0.00208582 
21700 0.00455144 0.00207621 
21800 0.00453056 0.00206668 
21900 0.00450987 0.00205725 
22000 0.00448938 0.0020479 
22100 0.00446906 0.00203863 
22200 0.00444893 0.00202945 
22300 0.00442898 0.00202035 
22400 0.00440921 0.00201133 
22500 0.00438962 0.00200239 
22600 0.00437019 0.00199353 
22700 0.00435094 0.00198475 
22800 0.00433186 0.00197604 
22900 0.00431294 0.00196742 
23000 0.00429419 0.00195886 
23100 0.00427561 0.00195038 
23200 0.00425718 0.00194198 
23300 0.00423891 0.00193364 
23400 0.00422079 0.00192538 
23500 0.00420283 0.00191719 
23600 0.00418502 0.00190906 
23700 0.00416737 0.00190101 
23800 0.00414986 0.00189302 
23900 0.00413249 0.0018851 
24000 0.00411528 0.00187725 
24100 0.0040982 0.00186946 
24200 0.00408127 0.00186173 
24300 0.00406447 0.00185407 
24400 0.00404782 0.00184647 
24500 0.00403129 0.00183894 
24600 0.00401491 0.00183146 
24700 0.00399865 0.00182405 
24800 0.00398253 0.00181669 
24900 0.00396654 0.0018094 
25000 0.00395067 0.00180216 
25100 0.00393493 0.00179498 
25200 0.00391932 0.00178786 
25300 0.00390383 0.00178079 
25400 0.00388846 0.00177378 
25500 0.00387321 0.00176682 
25600 0.00385808 0.00175992 
25700 0.00384307 0.00175308 
25800 0.00382818 0.00174628 
25900 0.0038134 0.00173954 
26000 0.00379873 0.00173285 
26100 0.00378417 0.00172621 
26200 0.00376973 0.00171962 
26300 0.0037554 0.00171308 
26400 0.00374117 0.00170659 
26500 0.00372706 0.00170015 
26600 0.00371305 0.00169376 
26700 0.00369914 0.00168742 
26800 0.00368534 0.00168112 
26900 0.00367164 0.00167487 
27000 0.00365804 0.00166867 
27100 0.00364454 0.00166251 
27200 0.00363114 0.0016564 
27300 0.00361784 0.00165033 
27400 0.00360464 0.00164431 
27500 0.00359153 0.00163833 
27600 0.00357852 0.0016324 
27700 0.0035656 0.0016265 
27800 0.00355278 0.00162065 
27900 0.00354004 0.00161484 
28000 0.0035274 0.00160908 
28100 0.00351485 0.00160335 
28200 0.00350238 0.00159767 
28300 0.00349001 0.00159202 
28400 0.00347772 0.00158642 
28500 0.00346552 0.00158085 
28600 0.0034534 0.00157532 
28700 0.00344137 0.00156983 
28800 0.00342942 0.00156438 
28900 0.00341755 0.00155897 
29000 0.00340577 0.00155359 
29100 0.00339407 0.00154826 
29200 0.00338244 0.00154295 
29300 0.0033709 0.00153769 
29400 0.00335944 0.00153246 
29500 0.00334805 0.00152726 
29600 0.00333674 0.0015221 
29700 0.0033255 0.00151698 
29800 0.00331434 0.00151189 
29900 0.00330326 0.00150683 
30000 0.00329225 0.00150181 
30100 0.00328131 0.00149682 
30200 0.00327045 0.00149186 
30300 0.00325965 0.00148926 
30400 0.00324893 0.00150056 
30500 0.00323828 0.00152951 
30600 0.0032277 0.00153272 
30700 0.00321718 0.00151436 
30800 0.00320674 0.00152751 
30900 0.00319636 0.00149479 
31000 0.00318605 0.00152811 
31100 0.00317581 0.00154335 
31200 0.00316563 0.00153744 
31300 0.00315551 0.0014991 
31400 0.00314547 0.00153636 
31500 0.00313548 0.00151957 
31600 0.00312556 0.00151192 
31700 0.0031157 0.00157048 
31800 0.0031059 0.00157452 
31900 0.00309616 0.00156971 
32000 0.00308649 0.00155423 
32100 0.00307687 0.00147475 
32200 0.00306732 0.00152137 
32300 0.00305782 0.00151823 
32400 0.00304839 0.00144232 
32500 0.00303901 0.00146628 
32600 0.00302968 0.00145893 
32700 0.00302042 0.00159698 
32800 0.00301121 0.00165264 
32900 0.00300206 0.00165123 
33000 0.00299296 0.00167142 
33100 0.00298392 0.00167028 
33200 0.00297493 0.001673 
33300 0.002966 0.00166889 
33400 0.00295712 0.00166389 
33500 0.00294829 0.00165892 
33600 0.00293952 0.00165399 
33700 0.0029308 0.00164908 
33800 0.00292213 0.0016442 
33900 0.00291351 0.00163935 
34000 0.00290494 0.00163453 
34100 0.00289642 0.00162973 
34200 0.00288795 0.00162497 
34300 0.00287953 0.00162023 
34400 0.00287116 0.00161552 
34500 0.00286284 0.00161084 
34600 0.00285456 0.00160618 
34700 0.00284634 0.00160156 
34800 0.00283816 0.00159695 
34900 0.00283003 0.00159238 
35000 0.00282194 0.00158783 
35100 0.0028139 0.0015833 
35200 0.00280591 0.00157881 
35300 0.00279796 0.00157433 
35400 0.00279006 0.00156989 
35500 0.0027822 0.00156546 
35600 0.00277438 0.00156107 
35700 0.00276661 0.00155669 
35800 0.00275888 0.00155235 
35900 0.0027512 0.00154802 
36000 0.00274356 0.00154372 
36100 0.00273596 0.00153945 
36200 0.0027284 0.00153519 
36300 0.00272088 0.00153097 
36400 0.00271341 0.00152676 
36500 0.00270597 0.00152258 
36600 0.00269858 0.00151842 
36700 0.00269123 0.00151428 
36800 0.00268391 0.00151016 
36900 0.00267664 0.00150607 
37000 0.00266941 0.001502 
37100 0.00266221 0.00149795 
37200 0.00265506 0.00149393 
37300 0.00264794 0.00148992 
37400 0.00264086 0.00148594 
37500 0.00263382 0.00148198 
37600 0.00262681 0.00147803 
37700 0.00261984 0.00147411 
37800 0.00261291 0.00147021 
37900 0.00260602 0.00146634 
38000 0.00259916 0.00146248 
38100 0.00259234 0.00145864 
38200 0.00258555 0.00145482 
38300 0.0025788 0.00145102 
38400 0.00257209 0.00144724 
38500 0.00256541 0.00144348 
38600 0.00255876 0.00143974 
38700 0.00255215 0.00143602 
38800 0.00254557 0.00143232 
38900 0.00253903 0.00142864 
39000 0.00253252 0.00142498 
39100 0.00252604 0.00142133 
39200 0.0025196 0.00141771 
39300 0.00251319 0.0014141 
39400 0.00250681 0.00141051 
39500 0.00250046 0.00140694 
39600 0.00249415 0.00140339 
39700 0.00248787 0.00139985 
39800 0.00248161 0.00139634 
39900 0.0024754 0.00139284 
40000 0.00246921 0.00138935 
40100 0.00246305 0.00138589 
40200 0.00245692 0.00138244 
40300 0.00245083 0.00137901 
40400 0.00244476 0.0013756 
40500 0.00243872 0.0013722 
40600 0.00243272 0.00136882 
40700 0.00242674 0.00136546 
40800 0.00242079 0.00136691 
40900 0.00241487 0.00136877 
41000 0.00240898 0.00136948 
41100 0.00240312 0.00136614 
41200 0.00239729 0.00136639 
41300 0.00239149 0.00136309 
41400 0.00238571 0.00135979 
41500 0.00237996 0.00136033 
41600 0.00237424 0.00136722 
41700 0.00236855 0.00137562 
41800 0.00236288 0.00137233 
41900 0.00235724 0.00136906 
42000 0.00235163 0.0013658 
42100 0.00234604 0.00136255 
42200 0.00234048 0.00135932 
42300 0.00233495 0.00135611 
42400 0.00232944 0.00135291 
42500 0.00232396 0.00134973 
42600 0.00231851 0.00134656 
42700 0.00231308 0.00134341 
42800 0.00230767 0.00134027 
42900 0.00230229 0.00133714 
43000 0.00229694 0.00133403 
43100 0.00229161 0.00133094 
43200 0.00228631 0.00132786 
43300 0.00228103 0.00132479 
43400 0.00227577 0.00132174 
43500 0.00227054 0.0013187 
43600 0.00226533 0.00131568 
43700 0.00226015 0.00131267 
43800 0.00225499 0.00130967 
43900 0.00224985 0.00130669 
44000 0.00224474 0.00130372 
44100 0.00223965 0.00130076 
44200 0.00223458 0.00129782 
44300 0.00222954 0.00129489 
44400 0.00222452 0.00129197 
44500 0.00221952 0.00128907 
44600 0.00221454 0.00128618 
44700 0.00220959 0.0012833 
44800 0.00220466 0.00128044 
44900 0.00219975 0.00127758 
45000 0.00219486 0.00127475 
45100 0.00218999 0.00127192 
45200 0.00218515 0.00126911 
45300 0.00218032 0.0012663 
45400 0.00217552 0.00126351 
45500 0.00217074 0.00126074 
45600 0.00216598 0.00125797 
45700 0.00216124 0.00125522 
45800 0.00215652 0.00125248 
45900 0.00215182 0.00124975 
46000 0.00214714 0.00124703 
46100 0.00214249 0.00124433 
46200 0.00213785 0.00124164 
46300 0.00213323 0.00123895 
46400 0.00212863 0.00123628 
46500 0.00212406 0.00123363 
46600 0.0021195 0.00123098 
46700 0.00211496 0.00122834 
46800 0.00211044 0.00122572 
46900 0.00210594 0.0012231 
47000 0.00210146 0.0012205 
47100 0.002097 0.00121791 
47200 0.00209256 0.00121533 
47300 0.00208813 0.00121276 
47400 0.00208373 0.0012102 
47500 0.00207934 0.00120766 
47600 0.00207497 0.00120512 
47700 0.00207062 0.00120259 
47800 0.00206629 0.00120008 
47900 0.00206198 0.00119757 
48000 0.00205768 0.00119508 
48100 0.0020534 0.00119259 
48200 0.00204914 0.00119012 
48300 0.0020449 0.00118765 
48400 0.00204068 0.0011852 
48500 0.00203647 0.00118276 
48600 0.00203228 0.00118032 
48700 0.00202811 0.0011779 
48800 0.00202395 0.00117548 
48900 0.00201981 0.00117308 
49000 0.00201569 0.00117069 
49100 0.00201158 0.0011683 
49200 0.00200749 0.00116593 
49300 0.00200342 0.00116356 
49400 0.00199937 0.00116121 
49500 0.00199533 0.00115886 
49600 0.00199131 0.00115653 
49700 0.0019873 0.0011542 
49800 0.00198331 0.00115188 
49900 0.00197933 0.00114957 
50000 0.00197538 0.00114727 
50100 0.00197143 0.00114498 
50200 0.00196751 0.0011427 
50300 0.00196359 0.00114043 
50400 0.0019597 0.00113817 
50500 0.00195582 0.00113591 
50600 0.00195195 0.00113367 
50700 0.0019481 0.00113143 
50800 0.00194427 0.00112921 
50900 0.00194045 0.00112699 
51000 0.00193664 0.00112478 
51100 0.00193285 0.00112258 
51200 0.00192908 0.00112039 
51300 0.00192532 0.0011182 
51400 0.00192157 0.00111603 
51500 0.00191784 0.00111386 
51600 0.00191412 0.0011117 
51700 0.00191042 0.00110955 
51800 0.00190673 0.00110741 
51900 0.00190306 0.00110527 
52000 0.0018994 0.00110315 
52100 0.00189576 0.00110103 
52200 0.00189212 0.00109892 
52300 0.00188851 0.00109682 
52400 0.0018849 0.00109473 
52500 0.00188131 0.00109264 
52600 0.00187774 0.00109057 
52700 0.00187417 0.0010885 
52800 0.00187062 0.00108643 
52900 0.00186709 0.00108438 
53000 0.00186356 0.00108234 
53100 0.00186005 0.0010803 
53200 0.00185656 0.00107827 
53300 0.00185308 0.00107624 
53400 0.0018496 0.00107423 
53500 0.00184615 0.00107222 
53600 0.0018427 0.00107022 
53700 0.00183927 0.00106823 
53800 0.00183585 0.00106624 
53900 0.00183245 0.00106426 
54000 0.00182905 0.00106229 
54100 0.00182567 0.00106033 
54200 0.0018223 0.00105837 
54300 0.00181895 0.00105642 
54400 0.00181561 0.00105448 
54500 0.00181227 0.00105255 
54600 0.00180895 0.00105062 
54700 0.00180565 0.0010487 
54800 0.00180235 0.00104678 
54900 0.00179907 0.00104488 
55000 0.0017958 0.00104298 
55100 0.00179254 0.00104109 
55200 0.00178929 0.0010392 
55300 0.00178606 0.00103732 
55400 0.00178283 0.00103545 
55500 0.00177962 0.00103358 
55600 0.00177642 0.00103172 
55700 0.00177323 0.00102987 
55800 0.00177005 0.00102803 
55900 0.00176689 0.00102619 
56000 0.00176373 0.00102435 
56100 0.00176059 0.00102253 
56200 0.00175746 0.00102071 
56300 0.00175433 0.0010189 
56400 0.00175122 0.00101709 
56500 0.00174812 0.00101529 
56600 0.00174504 0.0010135 
56700 0.00174196 0.00101171 
56800 0.00173889 0.00100993 
56900 0.00173584 0.00100815 
57000 0.00173279 0.00100638 
57100 0.00172976 0.00100462 
57200 0.00172673 0.00100286 
57300 0.00172372 0.00100111 
57400 0.00172071 0.00099937 
57500 0.00171772 0.000991895 
57600 0.00171474 0.00100736 
57700 0.00171177 0.00100561 
57800 0.00170881 0.00100387 
57900 0.00170586 0.00100214 
58000 0.00170291 0.00100041 
58100 0.00169998 0.000998688 
58200 0.00169706 0.000996972 
58300 0.00169415 0.000995262 
58400 0.00169125 0.000993558 
58500 0.00168836 0.000991859 
58600 0.00168548 0.000990167 
58700 0.00168261 0.00098848 
58800 0.00167975 0.000986799 
58900 0.00167689 0.000985123 
59000 0.00167405 0.000983454 
59100 0.00167122 0.00098179 
59200 0.0016684 0.000980131 
59300 0.00166558 0.000978479 
59400 0.00166278 0.000976831 
59500 0.00165998 0.00097519 
59600 0.0016572 0.000973553 
59700 0.00165442 0.000971923 
59800 0.00165166 0.000970297 
59900 0.0016489 0.000968678 
60000 0.00164615 0.000967063 
60100 0.00164341 0.000965454 
60200 0.00164068 0.00096385 
60300 0.00163796 0.000962252 
60400 0.00163525 0.000960659 
60500 0.00163255 0.000959071 
60600 0.00162985 0.000957488 
60700 0.00162717 0.000955911 
60800 0.00162449 0.000954339 
60900 0.00162182 0.000952772 
61000 0.00161917 0.00095121 
61100 0.00161652 0.000949653 
61200 0.00161387 0.000948101 
61300 0.00161124 0.000946555 
61400 0.00160862 0.000945013 
61500 0.001606 0.000943477 
61600 0.0016034 0.000941945 
61700 0.0016008 0.000940418 
61800 0.00159821 0.000938897 
61900 0.00159562 0.00093738 
62000 0.00159305 0.000935868 
62100 0.00159049 0.000934361 
62200 0.00158793 0.000932859 
62300 0.00158538 0.000931362 
62400 0.00158284 0.000929131 
62500 0.00158031 0.000927644 
62600 0.00157778 0.000924571 
62700 0.00157527 0.000933077 
62800 0.00157276 0.000941181 
62900 0.00157026 0.000939684 
63000 0.00156776 0.000943912 
63100 0.00156528 0.000942416 
63200 0.0015628 0.000940925 
63300 0.00156033 0.000939438 
63400 0.00155787 0.000937957 
63500 0.00155542 0.000936479 
63600 0.00155297 0.000935007 
63700 0.00155054 0.000933539 
63800 0.00154811 0.000932076 
63900 0.00154568 0.000930617 
64000 0.00154327 0.000929163 
64100 0.00154086 0.000927714 
64200 0.00153846 0.000926269 
64300 0.00153607 0.000924828 
64400 0.00153368 0.000923392 
64500 0.00153131 0.000921961 
64600 0.00152894 0.000920533 
64700 0.00152657 0.000919111 
64800 0.00152422 0.000917692 
64900 0.00152187 0.000916278 
65000 0.00151953 0.000914869 
65100 0.00151719 0.000913463 
65200 0.00151487 0.000912062 
65300 0.00151255 0.000910666 
65400 0.00151023 0.000909273 
65500 0.00150793 0.000907885 
65600 0.00150563 0.000906501 
65700 0.00150334 0.000905121 
65800 0.00150105 0.000903746 
65900 0.00149877 0.000902374 
66000 0.0014965 0.000901007 
66100 0.00149424 0.000899644 
66200 0.00149198 0.000898285 
66300 0.00148973 0.00089693 
66400 0.00148749 0.00089558 
66500 0.00148525 0.000894233 
66600 0.00148302 0.00089289 
66700 0.0014808 0.000893939 
66800 0.00147858 0.000892601 
66900 0.00147637 0.000893833 
67000 0.00147417 0.000892499 
67100 0.00147197 0.000891169 
67200 0.00146978 0.000889843 
67300 0.0014676 0.00088852 
67400 0.00146542 0.000887202 
67500 0.00146325 0.000885888 
67600 0.00146108 0.000884577 
67700 0.00145893 0.000883271 
67800 0.00145677 0.000881968 
67900 0.00145463 0.000880669 
68000 0.00145249 0.000879374 
68100 0.00145036 0.000878083 
68200 0.00144823 0.000876795 
68300 0.00144611 0.000875511 
68400 0.001444 0.000874232 
68500 0.00144189 0.000872955 
68600 0.00143979 0.000871683 
68700 0.00143769 0.000870414 
68800 0.0014356 0.000869149 
68900 0.00143352 0.000867887 
69000 0.00143144 0.00086663 
69100 0.00142937 0.000865375 
69200 0.0014273 0.000864125 
69300 0.00142524 0.000862878 
69400 0.00142319 0.000861635 
69500 0.00142114 0.000860395 
69600 0.0014191 0.000859159 
69700 0.00141706 0.000857926 
69800 0.00141503 0.000856697 
69900 0.00141301 0.000855471 
70000 0.00141099 0.000854249 
70100 0.00140898 0.000853031 
70200 0.00140697 0.000851816 
70300 0.00140497 0.000850604 
70400 0.00140297 0.000849396 
70500 0.00140098 0.000848191 
70600 0.001399 0.00084699 
70700 0.00139702 0.000845792 
70800 0.00139505 0.000844597 
70900 0.00139308 0.000843406 
71000 0.00139112 0.000842218 
71100 0.00138916 0.000841033 
71200 0.00138721 0.000839852 
71300 0.00138526 0.000838674 
71400 0.00138332 0.0008375 
71500 0.00138139 0.000836328 
71600 0.00137946 0.00083516 
71700 0.00137754 0.000833995 
71800 0.00137562 0.000832834 
71900 0.0013737 0.000831676 
72000 0.0013718 0.000830521 
72100 0.00136989 0.000829369 
72200 0.001368 0.00082822 
72300 0.0013661 0.000827074 
72400 0.00136422 0.000825932 
72500 0.00136234 0.000824793 
72600 0.00136046 0.000823657 
72700 0.00135859 0.000822524 
72800 0.00135672 0.000821394 
72900 0.00135486 0.000820267 
73000 0.00135301 0.000819144 
73100 0.00135115 0.000818023 
73200 0.00134931 0.000816906 
73300 0.00134747 0.000815791 
73400 0.00134563 0.00081468 
73500 0.0013438 0.000813571 
73600 0.00134198 0.000812466 
73700 0.00134015 0.000811364 
73800 0.00133834 0.000810264 
73900 0.00133653 0.000809168 
74000 0.00133472 0.000808074 
74100 0.00133292 0.000806984 
74200 0.00133112 0.000805896 
74300 0.00132933 0.000804812 
74400 0.00132755 0.00080373 
74500 0.00132576 0.000802651 
74600 0.00132399 0.000801575 
74700 0.00132221 0.000800502 
74800 0.00132045 0.000799432 
74900 0.00131868 0.000798365 
75000 0.00131693 0.0007973 
75100 0.00131517 0.000796239 
75200 0.00131342 0.00079518 
75300 0.00131168 0.000794124 
75400 0.00130994 0.000793071 
75500 0.0013082 0.00079202 
75600 0.00130647 0.000790972 
75700 0.00130475 0.000789928 
75800 0.00130303 0.000788886 
75900 0.00130131 0.000787846 
76000 0.0012996 0.00078681 
76100 0.00129789 0.000785776 
76200 0.00129619 0.000784744 
76300 0.00129449 0.000783716 
76400 0.00129279 0.00078269 
76500 0.0012911 0.000781667 
76600 0.00128942 0.000780647 
76700 0.00128774 0.000779629 
76800 0.00128606 0.000778614 
76900 0.00128439 0.000777601 
77000 0.00128272 0.000776591 
77100 0.00128106 0.000775584 
77200 0.0012794 0.000774579 
77300 0.00127774 0.000773577 
77400 0.00127609 0.000772578 
77500 0.00127444 0.000771581 
77600 0.0012728 0.000770587 
77700 0.00127116 0.000769595 
77800 0.00126953 0.000768606 
77900 0.0012679 0.000767619 
78000 0.00126628 0.000766635 
78100 0.00126465 0.000765654 
78200 0.00126304 0.000764674 
78300 0.00126142 0.000763698 
78400 0.00125981 0.000762724 
78500 0.00125821 0.000761752 
78600 0.00125661 0.000760783 
78700 0.00125501 0.000759816 
78800 0.00125342 0.000758852 
78900 0.00125183 0.00075789 
79000 0.00125025 0.000756931 
79100 0.00124867 0.000755974 
79200 0.00124709 0.00075502 
79300 0.00124552 0.000754068 
79400 0.00124395 0.000753118 
79500 0.00124238 0.000752171 
79600 0.00124082 0.000751226 
79700 0.00123927 0.000750283 
79800 0.00123771 0.000749343 
79900 0.00123616 0.000748405 
80000 0.00123462 0.00074747 
80100 0.00123308 0.000746536 
80200 0.00123154 0.000745606 
80300 0.00123001 0.000744677 
80400 0.00122848 0.000743751 
80500 0.00122695 0.000742827 
80600 0.00122543 0.000741905 
80700 0.00122391 0.000740986 
80800 0.0012224 0.000740069 
80900 0.00122088 0.000739154 
81000 0.00121938 0.000738242 
81100 0.00121787 0.000737331 
81200 0.00121637 0.000736423 
81300 0.00121488 0.000735518 
81400 0.00121338 0.000734614 
81500 0.0012119 0.000733713 
81600 0.00121041 0.000732813 
81700 0.00120893 0.000731917 
81800 0.00120745 0.000731022 
81900 0.00120598 0.000730129 
82000 0.00120451 0.000729239 
82100 0.00120304 0.000728351 
82200 0.00120158 0.000727465 
82300 0.00120012 0.000726581 
82400 0.00119866 0.000725699 
82500 0.00119721 0.000724819 
82600 0.00119576 0.000723942 
82700 0.00119431 0.000723066 
82800 0.00119287 0.000722193 
82900 0.00119143 0.000721322 
83000 0.00118999 0.000720453 
83100 0.00118856 0.000719586 
83200 0.00118713 0.000718721 
83300 0.00118571 0.000717858 
83400 0.00118429 0.000716998 
83500 0.00118287 0.000716139 
83600 0.00118145 0.000715282 
83700 0.00118004 0.000714428 
83800 0.00117863 0.000713575 
83900 0.00117723 0.000712725 
84000 0.00117583 0.000711876 
84100 0.00117443 0.00071103 
84200 0.00117304 0.000710185 
84300 0.00117164 0.000709343 
84400 0.00117026 0.000708502 
84500 0.00116887 0.000707664 
84600 0.00116749 0.000706827 
84700 0.00116611 0.000705993 
84800 0.00116474 0.00070516 
84900 0.00116336 0.00070433 
85000 0.001162 0.000703501 
85100 0.00116063 0.000702675 
85200 0.00115927 0.00070185 
85300 0.00115791 0.000701027 
85400 0.00115655 0.000700206 
85500 0.0011552 0.000699387 
85600 0.00115385 0.00069857 
85700 0.0011525 0.000697755 
85800 0.00115116 0.000696942 
85900 0.00114982 0.000696131 
86000 0.00114848 0.000695321 
86100 0.00114715 0.000694514 
86200 0.00114582 0.000693708 
86300 0.00114449 0.000692904 
86400 0.00114317 0.000692102 
86500 0.00114185 0.000691302 
86600 0.00114053 0.000690504 
86700 0.00113921 0.000689707 
86800 0.0011379 0.000688913 
86900 0.00113659 0.00068812 
87000 0.00113528 0.000687329 
87100 0.00113398 0.00068654 
87200 0.00113268 0.000685753 
87300 0.00113138 0.000684967 
87400 0.00113009 0.000684183 
87500 0.0011288 0.000683401 
87600 0.00112751 0.000682621 
87700 0.00112622 0.000681843 
87800 0.00112494 0.000681066 
87900 0.00112366 0.000680292 
88000 0.00112238 0.000679519 
88100 0.00112111 0.000678747 
88200 0.00111984 0.000677978 
88300 0.00111857 0.00067721 
88400 0.0011173 0.000676444 
88500 0.00111604 0.000675679 
88600 0.00111478 0.000674917 
88700 0.00111352 0.000674156 
88800 0.00111227 0.000673397 
88900 0.00111102 0.000672639 
89000 0.00110977 0.000671884 
89100 0.00110853 0.00067113 
89200 0.00110728 0.000670377 
89300 0.00110604 0.000669626 
89400 0.00110481 0.000668877 
89500 0.00110357 0.00066813 
89600 0.00110234 0.000667384 
89700 0.00110111 0.00066664 
89800 0.00109988 0.000665898 
89900 0.00109866 0.000665157 
90000 0.00109744 0.000664418 
90100 0.00109622 0.000663681 
90200 0.00109501 0.000662945 
90300 0.00109379 0.000662211 
90400 0.00109258 0.000661478 
90500 0.00109138 0.000660748 
90600 0.00109017 0.000660018 
90700 0.00108897 0.000659291 
90800 0.00108777 0.000658564 
90900 0.00108657 0.00065784 
91000 0.00108538 0.000657117 
91100 0.00108419 0.000656396 
91200 0.001083 0.000655676 
91300 0.00108181 0.000654958 
91400 0.00108063 0.000654241 
91500 0.00107945 0.000653526 
91600 0.00107827 0.000652813 
91700 0.0010771 0.000652101 
91800 0.00107592 0.000651391 
91900 0.00107475 0.000650682 
92000 0.00107358 0.000649975 
92100 0.00107242 0.000649269 
92200 0.00107125 0.000648565 
92300 0.00107009 0.000647862 
92400 0.00106894 0.000647161 
92500 0.00106778 0.000646461 
92600 0.00106663 0.000645763 
92700 0.00106548 0.000645067 
92800 0.00106433 0.000644371 
92900 0.00106318 0.000643678 
93000 0.00106204 0.000642986 
93100 0.0010609 0.000642295 
93200 0.00105976 0.000641606 
93300 0.00105862 0.000640918 
93400 0.00105749 0.000640232 
93500 0.00105636 0.000639547 
93600 0.00105523 0.000638864 
93700 0.00105411 0.000638182 
93800 0.00105298 0.000637502 
93900 0.00105186 0.000636823 
94000 0.00105074 0.000636145 
94100 0.00104962 0.000635469 
94200 0.00104851 0.000634795 
94300 0.0010474 0.000634122 
94400 0.00104629 0.00063345 
94500 0.00104518 0.00063278 
94600 0.00104408 0.000632111 
94700 0.00104297 0.000631443 
94800 0.00104187 0.000630777 
94900 0.00104078 0.000630113 
95000 0.00103968 0.000629449 
95100 0.00103859 0.000628787 
95200 0.0010375 0.000628127 
95300 0.00103641 0.000627468 
95400 0.00103532 0.00062681 
95500 0.00103424 0.000626154 
95600 0.00103316 0.000625499 
95700 0.00103208 0.000624845 
95800 0.001031 0.000624193 
95900 0.00102992 0.000623542 
96000 0.00102885 0.000622893 
96100 0.00102778 0.000622244 
96200 0.00102671 0.000621598 
96300 0.00102565 0.000620952 
96400 0.00102458 0.000620308 
96500 0.00102352 0.000619665 
96600 0.00102246 0.000619024 
96700 0.0010214 0.000618384 
96800 0.00102035 0.000617745 
96900 0.0010193 0.000617107 
97000 0.00101824 0.000616471 
97100 0.0010172 0.000615836 
97200 0.00101615 0.000615203 
97300 0.00101511 0.00061457 
97400 0.00101406 0.000613939 
97500 0.00101302 0.00061331 
97600 0.00101199 0.000612681 
97700 0.00101095 0.000612054 
97800 0.00100992 0.000611428 
97900 0.00100888 0.000610804 
98000 0.00100785 0.000610181 
98100 0.00100683 0.000609559 
98200 0.0010058 0.000608938 
98300 0.00100478 0.000608318 
98400 0.00100376 0.0006077 
98500 0.00100274 0.000607083 
98600 0.00100172 0.000606468 
98700 0.00100071 0.000605853 
98800 0.000999694 0.00060524 
98900 0.000998683 0.000604628 
99000 0.000997674 0.000604017 
99100 0.000996668 0.000603408 
99200 0.000995663 0.000602799 
99300 0.00099466 0.000602192 
99400 0.00099366 0.000601587 
99500 0.000992661 0.000600982 
99600 0.000991664 0.000600379 
99700 0.00099067 0.000599776 
99800 0.000989677 0.000599175 
99900 0.000988686 0.000598576 
100000 0.000987698 0.000597977 
110000 0.000897908 0.000543616 
120000 0.000823083 0.000498315 
130000 0.000759769 0.000459983 
140000 0.0007055 0.000427128 
150000 0.000658467 0.000398653 
160000 0.000617313 0.000373737 
170000 0.000581001 0.000351753 
180000 0.000548723 0.000332211 
190000 0.000519843 0.000314726 
200000 0.000493851 0.00029899 
210000 0.000470335 0.000284753 
220000 0.000448956 0.000271809 
230000 0.000429436 0.000259992 
240000 0.000411543 0.000249159 
250000 0.000395081 0.000239192 
260000 0.000379886 0.000229993 
270000 0.000365816 0.000221474 
280000 0.000352751 0.000213565 
290000 0.000340588 0.0002062 
300000 0.000329235 0.000199327 
310000 0.000318614 0.000192897 
320000 0.000308658 0.000186869 
330000 0.000299304 0.000181206 
340000 0.000290501 0.000175877 
350000 0.000282201 0.000170852 
360000 0.000274362 0.000166106 
370000 0.000266947 0.000161617 
380000 0.000259922 0.000157364 
390000 0.000253258 0.000153329 
400000 0.000246926 0.000149495 
410000 0.000240904 0.000145849 
420000 0.000235168 0.000142377 
430000 0.000229699 0.000139066 
440000 0.000224478 0.000135905 
450000 0.00021949 0.000132885 
460000 0.000214719 0.000129996 
470000 0.00021015 0.00012723 
480000 0.000205772 0.00012458 
490000 0.000201573 0.000122037 
500000 0.000197541 0.000119596 
510000 0.000193668 0.000117251 
520000 0.000189943 0.000114997 
530000 0.00018636 0.000112827 
540000 0.000182908 0.000110737 
550000 0.000179583 0.000108724 
560000 0.000176376 0.000106783 
570000 0.000173282 0.000104909 
580000 0.000170294 0.0001031 
590000 0.000167408 0.000101353 
600000 0.000164618 9.96637e-05 
610000 0.000161919 9.80299e-05 
620000 0.000159307 9.64487e-05 
630000 0.000156779 9.49178e-05 
640000 0.000154329 9.34347e-05 
650000 0.000151955 9.19973e-05 
660000 0.000149652 9.06034e-05 
670000 0.000147419 8.92511e-05 
680000 0.000145251 8.79386e-05 
690000 0.000143146 8.66641e-05 
700000 0.000141101 8.5426e-05 
710000 0.000139114 8.42229e-05 
720000 0.000137181 8.30531e-05 
730000 0.000135302 8.19154e-05 
740000 0.000133474 8.08084e-05 
750000 0.000131694 7.9731e-05 
760000 0.000129961 7.86819e-05 
770000 0.000128274 7.766e-05 
780000 0.000126629 7.66644e-05 
790000 0.000125026 7.5694e-05 
800000 0.000123463 7.47478e-05 
810000 0.000121939 7.3825e-05 
820000 0.000120452 7.29247e-05 
830000 0.000119001 7.20461e-05 
840000 0.000117584 7.11884e-05 
850000 0.000117988 7.07087e-05 
860000 0.000116616 6.98865e-05 
870000 0.000115276 6.90832e-05 
880000 0.000113966 6.82981e-05 
890000 0.000112685 6.75307e-05 
900000 0.000111433 6.67804e-05 
910000 0.000110209 6.60466e-05 
920000 0.000109011 6.53287e-05 
930000 0.000107838 6.46262e-05 
940000 0.000106691 6.39387e-05 
950000 0.000105568 6.32657e-05 
960000 0.000104468 6.26066e-05 
970000 0.000103391 6.19612e-05 
980000 0.000102336 6.1329e-05 
990000 0.000101303 6.07095e-05 
