1152
1151 : 3 0 0 1 192
1149 : 3 0 0 1 96
1147 : 3 0 0 1 80
1142 : 3 0 0 1 232
1140 : 3 0 0 1 216
1139 : 3 0 0 1 184
1137 : 3 0 0 1 24
1136 : 3 0 0 1 132
1133 : 3 0 0 1 36
1129 : 3 0 0 1 20
1126 : 3 0 0 1 108
1125 : 3 0 0 1 156
1123 : 3 0 0 1 252
1121 : 3 0 0 1 12
1120 : 3 0 0 1 130
1116 : 3 0 0 1 210
1112 : 3 0 0 1 202
1110 : 3 0 0 1 106
1107 : 3 0 0 1 250
1105 : 3 0 0 1 10
1102 : 3 0 0 1 102
1091 : 3 0 0 1 126
1088 : 3 0 0 1 129
1087 : 3 0 0 1 65
1085 : 3 0 0 1 33
1079 : 3 0 0 1 169
1078 : 3 0 0 1 105
1077 : 3 0 0 1 153
1089 : 3 0 0 1 6
1074 : 3 0 0 1 57
1071 : 3 0 0 1 165
1070 : 3 0 0 1 101
1068 : 3 0 0 1 85
1062 : 3 0 0 1 45
1059 : 3 0 0 1 125
1054 : 3 0 0 1 99
1051 : 3 0 0 1 243
1049 : 3 0 0 1 139
1048 : 3 0 0 1 75
1042 : 3 0 0 1 27
1040 : 3 0 0 1 71
1141 : 3 0 0 1 40
1038 : 3 0 0 1 39
1036 : 3 0 0 1 183
1032 : 3 0 0 1 175
1031 : 3 0 0 1 111
1030 : 3 0 0 1 159
1029 : 3 0 0 1 95
1124 : 3 0 0 1 92
1024 : 3 0 0 1 0
1020 : 3 0 1 0 144
1019 : 3 0 1 0 80
1018 : 3 0 1 0 240
1015 : 3 0 1 0 72
1014 : 3 0 1 0 232
1010 : 3 0 1 0 120
1008 : 3 0 1 0 132
1007 : 3 0 1 0 68
1005 : 3 0 1 0 36
1004 : 3 0 1 0 212
1003 : 3 0 1 0 180
1002 : 3 0 1 0 116
1001 : 3 0 1 0 20
1000 : 3 0 1 0 204
996 : 3 0 1 0 92
992 : 3 0 1 0 130
991 : 3 0 1 0 66
989 : 3 0 1 0 34
986 : 3 0 1 0 114
982 : 3 0 1 0 106
979 : 3 0 1 0 250
976 : 3 0 1 0 198
972 : 3 0 1 0 86
971 : 3 0 1 0 246
1023 : 3 0 1 0 192
970 : 3 0 1 0 54
968 : 3 0 1 0 78
967 : 3 0 1 0 238
965 : 3 0 1 0 222
963 : 3 0 1 0 126
960 : 3 0 1 0 129
957 : 3 0 1 0 33
952 : 3 0 1 0 201
950 : 3 0 1 0 105
949 : 3 0 1 0 153
1043 : 3 0 0 1 123
948 : 3 0 1 0 89
946 : 3 0 1 0 57
942 : 3 0 1 0 101
939 : 3 0 1 0 245
934 : 3 0 1 0 45
932 : 3 0 1 0 189
929 : 3 0 1 0 5
927 : 3 0 1 0 163
923 : 3 0 1 0 243
922 : 3 0 1 0 51
918 : 3 0 1 0 43
1138 : 3 0 0 1 120
916 : 3 0 1 0 187
914 : 3 0 1 0 27
912 : 3 0 1 0 71
911 : 3 0 1 0 231
910 : 3 0 1 0 39
955 : 3 0 1 0 177
909 : 3 0 1 0 215
907 : 3 0 1 0 119
905 : 3 0 1 0 207
904 : 3 0 1 0 175
903 : 3 0 1 0 111
902 : 3 0 1 0 159
901 : 3 0 1 0 95
900 : 3 0 1 0 255
898 : 3 0 1 0 15
895 : 3 0 0 2 128
1108 : 3 0 0 1 90
894 : 3 0 0 2 64
1057 : 3 0 0 1 5
893 : 3 0 0 2 224
892 : 3 0 0 2 32
890 : 3 0 0 2 176
889 : 3 0 0 2 112
1044 : 3 0 0 1 187
888 : 3 0 0 2 16
887 : 3 0 0 2 200
885 : 3 0 0 2 104
883 : 3 0 0 2 88
882 : 3 0 0 2 248
881 : 3 0 0 2 56
877 : 3 0 0 2 100
874 : 3 0 0 2 244
872 : 3 0 0 2 140
871 : 3 0 0 2 76
870 : 3 0 0 2 236
868 : 3 0 0 2 220
866 : 3 0 0 2 124
865 : 3 0 0 2 28
864 : 3 0 0 2 4
860 : 3 0 0 2 146
857 : 3 0 0 2 50
959 : 3 0 1 0 65
856 : 3 0 0 2 138
1131 : 3 0 0 1 180
855 : 3 0 0 2 74
851 : 3 0 0 2 186
995 : 3 0 1 0 252
850 : 3 0 0 2 122
848 : 3 0 0 2 134
847 : 3 0 0 2 70
846 : 3 0 0 2 230
845 : 3 0 0 2 38
935 : 3 0 1 0 237
843 : 3 0 0 2 182
842 : 3 0 0 2 118
841 : 3 0 0 2 22
840 : 3 0 0 2 206
839 : 3 0 0 2 174
837 : 3 0 0 2 158
1145 : 3 0 0 1 48
836 : 3 0 0 2 94
835 : 3 0 0 2 254
833 : 3 0 0 2 14
832 : 3 0 0 2 2
829 : 3 0 0 2 97
827 : 3 0 0 2 81
822 : 3 0 0 2 233
820 : 3 0 0 2 217
1050 : 3 0 0 1 51
817 : 3 0 0 2 25
816 : 3 0 0 2 133
966 : 3 0 1 0 46
815 : 3 0 0 2 69
814 : 3 0 0 2 229
956 : 3 0 1 0 209
812 : 3 0 0 2 213
809 : 3 0 0 2 21
808 : 3 0 0 2 205
821 : 3 0 0 2 41
807 : 3 0 0 2 173
806 : 3 0 0 2 109
805 : 3 0 0 2 157
803 : 3 0 0 2 253
801 : 3 0 0 2 13
797 : 3 0 0 2 35
795 : 3 0 0 2 179
834 : 3 0 0 2 62
794 : 3 0 0 2 115
793 : 3 0 0 2 19
792 : 3 0 0 2 203
790 : 3 0 0 2 107
788 : 3 0 0 2 91
787 : 3 0 0 2 251
1127 : 3 0 0 1 172
784 : 3 0 0 2 199
1055 : 3 0 0 1 163
783 : 3 0 0 2 167
782 : 3 0 0 2 103
781 : 3 0 0 2 151
780 : 3 0 0 2 87
779 : 3 0 0 2 247
778 : 3 0 0 2 55
777 : 3 0 0 2 143
775 : 3 0 0 2 239
774 : 3 0 0 2 47
773 : 3 0 0 2 223
772 : 3 0 0 2 191
770 : 3 0 0 2 31
769 : 3 0 0 2 7
768 : 3 0 0 2 1
767 : 3 0 1 1 128
766 : 3 0 1 1 64
765 : 3 0 1 1 224
1090 : 3 0 0 1 30
764 : 3 0 1 1 32
763 : 3 0 1 1 208
761 : 3 0 1 1 112
760 : 3 0 1 1 16
1103 : 3 0 0 1 166
759 : 3 0 1 1 200
757 : 3 0 1 1 104
756 : 3 0 1 1 152
755 : 3 0 1 1 88
754 : 3 0 1 1 248
930 : 3 0 1 0 29
852 : 3 0 0 2 218
753 : 3 0 1 1 56
752 : 3 0 1 1 8
751 : 3 0 1 1 196
750 : 3 0 1 1 164
931 : 3 0 1 0 125
746 : 3 0 1 1 244
745 : 3 0 1 1 52
744 : 3 0 1 1 140
743 : 3 0 1 1 76
742 : 3 0 1 1 236
740 : 3 0 1 1 220
738 : 3 0 1 1 124
884 : 3 0 0 2 152
735 : 3 0 1 1 194
733 : 3 0 1 1 98
732 : 3 0 1 1 146
730 : 3 0 1 1 242
726 : 3 0 1 1 234
1080 : 3 0 0 1 201
725 : 3 0 1 1 42
724 : 3 0 1 1 218
1037 : 3 0 0 1 215
720 : 3 0 1 1 134
1128 : 3 0 0 1 204
719 : 3 0 1 1 70
718 : 3 0 1 1 230
716 : 3 0 1 1 214
714 : 3 0 1 1 118
712 : 3 0 1 1 206
711 : 3 0 1 1 174
709 : 3 0 1 1 158
1132 : 3 0 0 1 212
708 : 3 0 1 1 94
919 : 3 0 1 0 235
741 : 3 0 1 1 44
332 : 3 1 1 0 214
739 : 3 0 1 1 188
586 : 3 0 2 0 118
325 : 3 1 1 0 158
324 : 3 1 1 0 94
933 : 3 0 1 0 221
204 : 3 1 0 0 108
425 : 3 1 0 1 21
1047 : 3 0 0 1 235
951 : 3 0 1 0 169
318 : 3 1 1 0 161
500 : 3 1 0 1 152
947 : 3 0 1 0 249
239 : 3 2 0 0 200
317 : 3 1 1 0 97
316 : 3 1 1 0 145
315 : 3 1 1 0 81
292 : 3 1 1 0 93
312 : 3 1 1 0 137
828 : 3 0 0 2 145
308 : 3 1 1 0 217
301 : 3 1 1 0 37
729 : 3 0 1 1 50
274 : 3 1 1 0 59
1066 : 3 0 0 1 53
1034 : 3 0 0 1 23
538 : 3 0 2 0 115
298 : 3 1 1 0 117
639 : 3 0 2 0 128
1146 : 3 0 0 1 240
295 : 3 1 1 0 173
65 : 3 2 0 0 131
294 : 3 1 1 0 109
234 : 3 1 0 0 40
320 : 3 1 1 0 2
293 : 3 1 1 0 157
673 : 3 0 1 1 13
287 : 3 1 1 0 67
36 : 3 1 0 0 27
488 : 3 1 0 1 140
281 : 3 1 1 0 19
156 : 3 1 0 0 102
366 : 3 1 1 0 164
429 : 3 1 0 1 37
999 : 3 0 1 0 172
280 : 3 1 1 0 203
862 : 3 0 0 2 162
279 : 3 1 1 0 171
1021 : 3 0 1 0 96
867 : 3 0 0 2 188
264 : 3 1 1 0 79
116 : 3 1 0 0 113
137 : 3 2 0 0 94
591 : 3 0 2 0 70
278 : 3 1 1 0 107
261 : 3 1 1 0 223
417 : 3 1 0 1 13
290 : 3 1 1 0 61
275 : 3 1 1 0 251
291 : 3 1 1 0 253
875 : 3 0 0 2 84
201 : 3 2 0 0 220
913 : 3 0 1 0 135
271 : 3 1 1 0 167
940 : 3 0 1 0 85
241 : 3 2 0 0 16
1058 : 3 0 0 1 29
81 : 3 2 0 0 205
269 : 3 1 1 0 151
267 : 3 1 1 0 247
265 : 3 1 1 0 143
658 : 3 0 1 1 59
256 : 3 1 1 0 1
255 : 3 2 0 0 128
723 : 3 0 1 1 186
393 : 3 1 0 1 143
149 : 3 2 0 0 118
248 : 3 1 0 0 144
990 : 3 0 1 0 226
243 : 3 2 0 0 112
616 : 3 0 2 0 140
263 : 3 1 1 0 239
238 : 3 1 0 0 72
580 : 3 0 2 0 94
237 : 3 2 0 0 168
771 : 3 0 0 2 127
120 : 3 1 0 0 209
531 : 3 0 2 0 251
1096 : 3 0 0 1 78
1046 : 3 0 0 1 43
236 : 3 1 0 0 232
230 : 3 1 0 0 184
268 : 3 1 1 0 87
228 : 3 1 0 0 120
937 : 3 0 1 0 141
224 : 3 1 0 0 132
1041 : 3 0 0 1 135
86 : 3 1 0 0 245
1148 : 3 0 0 1 144
465 : 3 1 0 1 26
222 : 3 1 0 0 68
319 : 3 1 1 0 193
420 : 3 1 0 1 93
1082 : 3 0 0 1 113
402 : 3 1 0 1 59
524 : 3 0 2 0 87
245 : 3 2 0 0 176
71 : 3 2 0 0 253
535 : 3 0 2 0 171
326 : 3 1 1 0 110
140 : 3 1 0 0 46
220 : 3 1 0 0 228
362 : 3 1 1 0 244
786 : 3 0 0 2 59
216 : 3 1 0 0 212
1075 : 3 0 0 1 249
196 : 3 1 0 0 60
259 : 3 1 1 0 127
214 : 3 1 0 0 180
233 : 3 2 0 0 152
58 : 3 1 0 0 147
964 : 3 0 1 0 190
676 : 3 0 1 1 93
825 : 3 0 0 2 49
209 : 3 2 0 0 140
364 : 3 1 1 0 148
983 : 3 0 1 0 170
661 : 3 0 1 1 155
1118 : 3 0 0 1 226
1064 : 3 0 0 1 77
206 : 3 1 0 0 172
448 : 3 1 0 1 2
653 : 3 0 1 1 151
1035 : 3 0 0 1 119
212 : 3 1 0 0 116
348 : 3 1 1 0 146
118 : 3 1 0 0 177
497 : 3 1 0 1 56
246 : 3 1 0 0 80
195 : 3 2 0 0 28
430 : 3 1 0 1 229
1101 : 3 0 0 1 150
466 : 3 1 0 1 122
194 : 3 1 0 0 12
166 : 3 1 0 0 250
1022 : 3 0 1 0 160
192 : 3 1 0 0 130
762 : 3 0 1 1 176
345 : 3 1 1 0 50
46 : 3 1 0 0 235
247 : 3 2 0 0 208
737 : 3 0 1 1 28
273 : 3 1 1 0 11
391 : 3 1 0 1 239
1130 : 3 0 0 1 116
270 : 3 1 1 0 103
190 : 3 1 0 0 66
188 : 3 1 0 0 226
598 : 3 0 2 0 234
181 : 3 2 0 0 242
329 : 3 1 1 0 22
453 : 3 1 0 1 158
180 : 3 1 0 0 114
178 : 3 1 0 0 18
333 : 3 1 1 0 38
509 : 3 1 0 1 224
464 : 3 1 0 1 134
138 : 3 1 0 0 222
920 : 3 0 1 0 75
747 : 3 0 1 1 84
373 : 3 1 1 0 104
530 : 3 0 2 0 59
643 : 3 0 1 1 127
796 : 3 0 0 2 211
296 : 3 1 1 0 205
19 : 3 2 0 0 143
174 : 3 1 0 0 170
519 : 3 0 2 0 239
173 : 3 2 0 0 234
381 : 3 1 1 0 224
167 : 3 2 0 0 186
1097 : 3 0 0 1 142
611 : 3 0 2 0 188
272 : 3 1 1 0 199
314 : 3 1 1 0 241
375 : 3 1 1 0 200
443 : 3 1 0 1 81
461 : 3 1 0 1 38
505 : 3 1 0 1 112
826 : 3 0 0 2 241
284 : 3 1 1 0 211
921 : 3 0 1 0 139
101 : 3 2 0 0 121
958 : 3 0 1 0 225
12 : 3 1 0 0 159
25 : 3 2 0 0 87
0 : 3 1 0 0 0
10 : 3 1 0 0 95
307 : 3 1 1 0 185
210 : 3 1 0 0 20
136 : 3 1 0 0 190
169 : 3 2 0 0 218
664 : 3 0 1 1 203
232 : 3 1 0 0 216
60 : 3 1 0 0 99
1084 : 3 0 0 1 209
517 : 3 0 2 0 223
1076 : 3 0 0 1 89
72 : 3 1 0 0 189
207 : 3 2 0 0 76
208 : 3 1 0 0 204
57 : 3 2 0 0 211
117 : 3 2 0 0 241
200 : 3 1 0 0 92
145 : 3 2 0 0 206
1117 : 3 0 0 1 34
906 : 3 0 1 0 23
51 : 3 2 0 0 19
303 : 3 1 1 0 69
924 : 3 0 1 0 83
642 : 3 0 1 1 31
328 : 3 1 1 0 206
187 : 3 2 0 0 98
462 : 3 1 0 1 230
8 : 3 1 0 0 255
49 : 3 2 0 0 203
48 : 3 1 0 0 75
1045 : 3 0 0 1 219
547 : 3 0 2 0 253
310 : 3 1 1 0 233
157 : 3 2 0 0 230
844 : 3 0 0 2 214
335 : 3 1 1 0 70
613 : 3 0 2 0 44
282 : 3 1 1 0 115
798 : 3 0 0 2 227
252 : 3 1 0 0 160
68 : 3 1 0 0 29
111 : 3 2 0 0 73
869 : 3 0 0 2 44
489 : 3 1 0 1 52
717 : 3 0 1 1 38
20 : 3 1 0 0 23
305 : 3 1 1 0 25
498 : 3 1 0 1 248
242 : 3 1 0 0 48
669 : 3 0 1 1 35
285 : 3 1 1 0 35
297 : 3 1 1 0 21
471 : 3 1 0 1 74
734 : 3 0 1 1 162
249 : 3 2 0 0 32
55 : 3 2 0 0 179
5 : 3 2 0 0 31
41 : 3 2 0 0 91
45 : 3 2 0 0 107
617 : 3 0 2 0 52
550 : 3 0 2 0 109
690 : 3 0 1 1 121
4 : 3 1 0 0 15
150 : 3 1 0 0 246
74 : 3 1 0 0 221
849 : 3 0 0 2 26
163 : 3 2 0 0 26
436 : 3 1 0 1 217
39 : 3 2 0 0 251
1100 : 3 0 0 1 86
973 : 3 0 1 0 150
77 : 3 2 0 0 109
171 : 3 2 0 0 42
98 : 3 1 0 0 9
342 : 3 1 1 0 234
151 : 3 2 0 0 182
70 : 3 1 0 0 125
977 : 3 0 1 0 10
93 : 3 2 0 0 229
67 : 3 2 0 0 13
113 : 3 2 0 0 137
1104 : 3 0 0 1 198
64 : 3 1 0 0 195
66 : 3 1 0 0 5
104 : 3 1 0 0 89
135 : 3 2 0 0 254
634 : 3 0 2 0 176
76 : 3 1 0 0 45
697 : 3 0 1 1 49
88 : 3 1 0 0 85
502 : 3 1 0 1 168
513 : 3 0 2 0 7
568 : 3 0 2 0 137
115 : 3 2 0 0 49
683 : 3 0 1 1 181
42 : 3 1 0 0 219
15 : 3 2 0 0 239
127 : 3 2 0 0 193
479 : 3 1 0 1 194
512 : 3 0 2 0 1
908 : 3 0 1 0 183
334 : 3 1 1 0 230
126 : 3 1 0 0 65
182 : 3 1 0 0 178
186 : 3 1 0 0 34
663 : 3 0 1 1 171
1065 : 3 0 0 1 141
54 : 3 1 0 0 243
819 : 3 0 0 2 185
21 : 3 2 0 0 55
91 : 3 2 0 0 37
254 : 3 1 0 0 192
536 : 3 0 2 0 203
985 : 3 0 1 0 18
558 : 3 0 2 0 229
1039 : 3 0 0 1 231
31 : 3 2 0 0 167
235 : 3 2 0 0 104
286 : 3 1 1 0 227
810 : 3 0 0 2 117
107 : 3 2 0 0 41
143 : 3 2 0 0 174
962 : 3 0 1 0 30
721 : 3 0 1 1 26
123 : 3 2 0 0 97
213 : 3 2 0 0 244
915 : 3 0 1 0 123
7 : 3 2 0 0 127
978 : 3 0 1 0 58
671 : 3 0 1 1 67
11 : 3 2 0 0 223
1 : 3 2 0 0 1
43 : 3 2 0 0 155
625 : 3 0 2 0 56
283 : 3 1 1 0 179
176 : 3 1 0 0 202
974 : 3 0 1 0 102
99 : 3 2 0 0 25
29 : 3 2 0 0 103
873 : 3 0 0 2 52
6 : 3 1 0 0 63
164 : 3 1 0 0 58
87 : 3 2 0 0 181
581 : 3 0 2 0 158
59 : 3 2 0 0 35
266 : 3 1 1 0 55
1092 : 3 0 0 1 190
299 : 3 1 1 0 181
9 : 3 2 0 0 191
1143 : 3 0 0 1 72
621 : 3 0 2 0 100
211 : 3 2 0 0 52
24 : 3 1 0 0 183
168 : 3 1 0 0 90
367 : 3 1 1 0 196
357 : 3 1 1 0 44
2 : 3 1 0 0 3
183 : 3 2 0 0 82
227 : 3 2 0 0 56
1063 : 3 0 0 1 237
941 : 3 0 1 0 149
896 : 3 0 1 0 0
534 : 3 0 2 0 107
193 : 3 2 0 0 4
1026 : 3 0 0 1 15
97 : 3 2 0 0 133
1009 : 3 0 1 0 24
323 : 3 1 1 0 254
62 : 3 1 0 0 163
413 : 3 1 0 1 35
449 : 3 1 0 1 14
675 : 3 0 1 1 253
802 : 3 0 0 2 61
109 : 3 2 0 0 233
608 : 3 0 2 0 4
185 : 3 2 0 0 146
938 : 3 0 1 0 53
152 : 3 1 0 0 86
44 : 3 1 0 0 43
125 : 3 2 0 0 161
811 : 3 0 0 2 181
355 : 3 1 1 0 188
473 : 3 1 0 1 50
257 : 3 1 1 0 7
100 : 3 1 0 0 57
114 : 3 1 0 0 17
184 : 3 1 0 0 210
646 : 3 0 1 1 47
38 : 3 1 0 0 123
665 : 3 0 1 1 19
736 : 3 0 1 1 4
75 : 3 2 0 0 157
552 : 3 0 2 0 205
34 : 3 1 0 0 135
132 : 3 1 0 0 30
403 : 3 1 0 1 251
645 : 3 0 1 1 223
698 : 3 0 1 1 241
18 : 3 1 0 0 207
1069 : 3 0 0 1 149
886 : 3 0 0 2 168
79 : 3 2 0 0 173
861 : 3 0 0 2 98
579 : 3 0 2 0 254
1150 : 3 0 0 1 160
148 : 3 1 0 0 54
1006 : 3 0 1 0 228
302 : 3 1 1 0 229
306 : 3 1 1 0 121
61 : 3 2 0 0 227
1033 : 3 0 0 1 207
879 : 3 0 0 2 196
26 : 3 1 0 0 215
102 : 3 1 0 0 249
124 : 3 1 0 0 225
14 : 3 1 0 0 111
432 : 3 1 0 1 133
722 : 3 0 1 1 122
681 : 3 0 1 1 21
258 : 3 1 1 0 31
27 : 3 2 0 0 151
28 : 3 1 0 0 39
410 : 3 1 0 1 115
1106 : 3 0 0 1 58
158 : 3 1 0 0 166
35 : 3 2 0 0 11
33 : 3 2 0 0 199
80 : 3 1 0 0 77
82 : 3 1 0 0 141
288 : 3 1 1 0 131
85 : 3 2 0 0 117
674 : 3 0 1 1 61
219 : 3 2 0 0 100
404 : 3 1 0 1 91
84 : 3 1 0 0 53
993 : 3 0 1 0 12
961 : 3 0 1 0 6
147 : 3 2 0 0 22
603 : 3 0 2 0 82
90 : 3 1 0 0 149
50 : 3 1 0 0 139
63 : 3 2 0 0 67
527 : 3 0 2 0 167
800 : 3 0 0 2 131
218 : 3 1 0 0 36
1114 : 3 0 0 1 114
229 : 3 2 0 0 248
1052 : 3 0 0 1 83
94 : 3 1 0 0 165
69 : 3 2 0 0 61
3 : 3 2 0 0 7
612 : 3 0 2 0 220
727 : 3 0 1 1 74
95 : 3 2 0 0 69
197 : 3 2 0 0 124
191 : 3 2 0 0 194
614 : 3 0 2 0 236
189 : 3 2 0 0 162
651 : 3 0 1 1 247
1095 : 3 0 0 1 238
89 : 3 2 0 0 213
804 : 3 0 0 2 93
198 : 3 1 0 0 252
103 : 3 2 0 0 185
134 : 3 1 0 0 126
199 : 3 2 0 0 188
361 : 3 1 1 0 52
602 : 3 0 2 0 242
304 : 3 1 1 0 133
409 : 3 1 0 1 19
121 : 3 2 0 0 145
1113 : 3 0 0 1 18
122 : 3 1 0 0 33
928 : 3 0 1 0 195
891 : 3 0 0 2 208
528 : 3 0 2 0 199
112 : 3 1 0 0 201
1073 : 3 0 0 1 9
487 : 3 1 0 1 76
250 : 3 1 0 0 96
633 : 3 0 2 0 112
223 : 3 2 0 0 196
22 : 3 1 0 0 119
331 : 3 1 1 0 182
336 : 3 1 1 0 134
139 : 3 2 0 0 158
37 : 3 2 0 0 59
128 : 3 1 0 0 129
858 : 3 0 0 2 242
162 : 3 1 0 0 10
142 : 3 1 0 0 238
52 : 3 1 0 0 51
231 : 3 2 0 0 88
153 : 3 2 0 0 214
155 : 3 2 0 0 38
262 : 3 1 1 0 47
572 : 3 0 2 0 145
108 : 3 1 0 0 105
289 : 3 1 1 0 13
300 : 3 1 1 0 213
160 : 3 1 0 0 198
813 : 3 0 0 2 37
146 : 3 1 0 0 142
161 : 3 2 0 0 134
454 : 3 1 0 1 110
600 : 3 0 2 0 138
897 : 3 0 1 0 3
321 : 3 1 1 0 14
1093 : 3 0 0 1 222
253 : 3 2 0 0 64
398 : 3 1 0 1 103
553 : 3 0 2 0 21
1027 : 3 0 0 1 63
225 : 3 2 0 0 8
96 : 3 1 0 0 197
165 : 3 2 0 0 122
569 : 3 0 2 0 49
337 : 3 1 1 0 26
338 : 3 1 1 0 122
339 : 3 1 1 0 186
629 : 3 0 2 0 104
340 : 3 1 1 0 218
343 : 3 1 1 0 74
159 : 3 2 0 0 70
414 : 3 1 0 1 227
799 : 3 0 0 2 67
344 : 3 1 1 0 138
981 : 3 0 1 0 154
520 : 3 0 2 0 79
346 : 3 1 1 0 242
838 : 3 0 0 2 110
540 : 3 0 2 0 211
347 : 3 1 1 0 82
969 : 3 0 1 0 142
129 : 3 2 0 0 2
628 : 3 0 2 0 152
1094 : 3 0 0 1 46
626 : 3 0 2 0 248
349 : 3 1 1 0 98
350 : 3 1 1 0 162
936 : 3 0 1 0 77
571 : 3 0 2 0 81
351 : 3 1 1 0 194
685 : 3 0 1 1 37
515 : 3 0 2 0 127
170 : 3 1 0 0 154
352 : 3 1 1 0 4
53 : 3 2 0 0 115
353 : 3 1 1 0 28
1111 : 3 0 0 1 170
987 : 3 0 1 0 178
440 : 3 1 0 1 137
260 : 3 1 1 0 191
356 : 3 1 1 0 220
715 : 3 0 1 1 182
358 : 3 1 1 0 236
548 : 3 0 2 0 93
452 : 3 1 0 1 94
481 : 3 1 0 1 28
691 : 3 0 1 1 185
360 : 3 1 1 0 140
458 : 3 1 0 1 118
369 : 3 1 1 0 56
365 : 3 1 1 0 100
368 : 3 1 1 0 8
396 : 3 1 0 1 87
370 : 3 1 1 0 248
327 : 3 1 1 0 174
371 : 3 1 1 0 88
372 : 3 1 1 0 152
694 : 3 0 1 1 233
1086 : 3 0 0 1 225
749 : 3 0 1 1 100
374 : 3 1 1 0 168
573 : 3 0 2 0 97
984 : 3 0 1 0 202
376 : 3 1 1 0 16
377 : 3 1 1 0 112
378 : 3 1 1 0 176
379 : 3 1 1 0 208
380 : 3 1 1 0 32
713 : 3 0 1 1 22
446 : 3 1 0 1 161
382 : 3 1 1 0 64
431 : 3 1 0 1 69
383 : 3 1 1 0 128
384 : 3 1 0 1 1
953 : 3 0 1 0 17
385 : 3 1 0 1 7
386 : 3 1 0 1 31
30 : 3 1 0 0 231
387 : 3 1 0 1 127
710 : 3 0 1 1 110
399 : 3 1 0 1 167
1099 : 3 0 0 1 246
483 : 3 1 0 1 188
1028 : 3 0 0 1 255
593 : 3 0 2 0 26
899 : 3 0 1 0 63
17 : 3 2 0 0 79
389 : 3 1 0 1 223
514 : 3 0 2 0 31
390 : 3 1 0 1 47
1081 : 3 0 0 1 17
693 : 3 0 1 1 41
1134 : 3 0 0 1 228
392 : 3 1 0 1 79
998 : 3 0 1 0 108
619 : 3 0 2 0 84
647 : 3 0 1 1 239
394 : 3 1 0 1 55
110 : 3 1 0 0 169
395 : 3 1 0 1 247
1056 : 3 0 0 1 195
397 : 3 1 0 1 151
400 : 3 1 0 1 199
406 : 3 1 0 1 107
407 : 3 1 0 1 171
818 : 3 0 0 2 121
408 : 3 1 0 1 203
411 : 3 1 0 1 179
506 : 3 1 0 1 176
570 : 3 0 2 0 241
73 : 3 2 0 0 93
511 : 3 1 0 1 128
412 : 3 1 0 1 211
635 : 3 0 2 0 208
416 : 3 1 0 1 131
695 : 3 0 1 1 73
419 : 3 1 0 1 253
655 : 3 0 1 1 167
421 : 3 1 0 1 157
422 : 3 1 0 1 109
447 : 3 1 0 1 193
650 : 3 0 1 1 55
638 : 3 0 2 0 64
423 : 3 1 0 1 173
424 : 3 1 0 1 205
154 : 3 1 0 0 150
426 : 3 1 0 1 117
503 : 3 1 0 1 200
427 : 3 1 0 1 181
203 : 3 2 0 0 44
428 : 3 1 0 1 213
1012 : 3 0 1 0 216
484 : 3 1 0 1 220
205 : 3 2 0 0 236
433 : 3 1 0 1 25
1017 : 3 0 1 0 48
437 : 3 1 0 1 41
438 : 3 1 0 1 233
221 : 3 2 0 0 164
439 : 3 1 0 1 73
954 : 3 0 1 0 113
445 : 3 1 0 1 97
441 : 3 1 0 1 49
705 : 3 0 1 1 14
32 : 3 1 0 0 71
401 : 3 1 0 1 11
442 : 3 1 0 1 241
523 : 3 0 2 0 247
917 : 3 0 1 0 219
564 : 3 0 2 0 217
13 : 3 2 0 0 47
444 : 3 1 0 1 145
944 : 3 0 1 0 197
609 : 3 0 2 0 28
451 : 3 1 0 1 254
78 : 3 1 0 0 237
455 : 3 1 0 1 174
789 : 3 0 0 2 155
785 : 3 0 0 2 11
456 : 3 1 0 1 206
354 : 3 1 1 0 124
457 : 3 1 0 1 22
309 : 3 1 1 0 41
141 : 3 2 0 0 110
459 : 3 1 0 1 182
460 : 3 1 0 1 214
1109 : 3 0 0 1 154
463 : 3 1 0 1 70
359 : 3 1 1 0 76
467 : 3 1 0 1 186
322 : 3 1 1 0 62
244 : 3 1 0 0 240
468 : 3 1 0 1 218
758 : 3 0 1 1 168
277 : 3 1 1 0 155
469 : 3 1 0 1 42
470 : 3 1 0 1 234
863 : 3 0 0 2 194
202 : 3 1 0 0 156
703 : 3 0 1 1 193
474 : 3 1 0 1 242
40 : 3 1 0 0 187
226 : 3 1 0 0 24
276 : 3 1 1 0 91
475 : 3 1 0 1 82
177 : 3 2 0 0 138
476 : 3 1 0 1 146
680 : 3 0 1 1 205
175 : 3 2 0 0 74
477 : 3 1 0 1 98
541 : 3 0 2 0 35
731 : 3 0 1 1 82
480 : 3 1 0 1 4
482 : 3 1 0 1 124
485 : 3 1 0 1 44
144 : 3 1 0 0 78
486 : 3 1 0 1 236
490 : 3 1 0 1 244
830 : 3 0 0 2 161
576 : 3 0 2 0 2
853 : 3 0 0 2 42
491 : 3 1 0 1 84
539 : 3 0 2 0 179
130 : 3 1 0 0 6
492 : 3 1 0 1 148
493 : 3 1 0 1 100
495 : 3 1 0 1 196
496 : 3 1 0 1 8
499 : 3 1 0 1 88
501 : 3 1 0 1 104
624 : 3 0 2 0 8
504 : 3 1 0 1 16
1122 : 3 0 0 1 60
943 : 3 0 1 0 165
507 : 3 1 0 1 208
508 : 3 1 0 1 32
510 : 3 1 0 1 64
516 : 3 0 2 0 191
518 : 3 0 2 0 47
878 : 3 0 0 2 164
435 : 3 1 0 1 185
587 : 3 0 2 0 182
119 : 3 2 0 0 81
521 : 3 0 2 0 143
526 : 3 0 2 0 103
537 : 3 0 2 0 19
980 : 3 0 1 0 90
925 : 3 0 1 0 147
880 : 3 0 0 2 8
604 : 3 0 2 0 146
450 : 3 1 0 1 62
529 : 3 0 2 0 11
824 : 3 0 0 2 137
525 : 3 0 2 0 151
542 : 3 0 2 0 227
240 : 3 1 0 0 136
533 : 3 0 2 0 155
543 : 3 0 2 0 67
341 : 3 1 1 0 42
544 : 3 0 2 0 131
1011 : 3 0 1 0 184
545 : 3 0 2 0 13
546 : 3 0 2 0 61
23 : 3 2 0 0 247
551 : 3 0 2 0 173
92 : 3 1 0 0 101
566 : 3 0 2 0 233
1053 : 3 0 0 1 147
1025 : 3 0 0 1 3
554 : 3 0 2 0 117
1144 : 3 0 0 1 136
555 : 3 0 2 0 181
556 : 3 0 2 0 213
876 : 3 0 0 2 148
83 : 3 2 0 0 21
557 : 3 0 2 0 37
559 : 3 0 2 0 69
1115 : 3 0 0 1 178
926 : 3 0 1 0 99
561 : 3 0 2 0 25
47 : 3 2 0 0 171
562 : 3 0 2 0 121
563 : 3 0 2 0 185
565 : 3 0 2 0 41
567 : 3 0 2 0 73
831 : 3 0 0 2 193
575 : 3 0 2 0 193
945 : 3 0 1 0 9
577 : 3 0 2 0 14
217 : 3 2 0 0 148
172 : 3 1 0 0 106
494 : 3 1 0 1 164
578 : 3 0 2 0 62
574 : 3 0 2 0 161
678 : 3 0 1 1 109
1016 : 3 0 1 0 136
582 : 3 0 2 0 110
583 : 3 0 2 0 174
584 : 3 0 2 0 206
311 : 3 1 1 0 73
589 : 3 0 2 0 38
251 : 3 2 0 0 224
590 : 3 0 2 0 230
1060 : 3 0 0 1 189
215 : 3 2 0 0 84
620 : 3 0 2 0 148
592 : 3 0 2 0 134
594 : 3 0 2 0 122
988 : 3 0 1 0 210
313 : 3 1 1 0 49
595 : 3 0 2 0 186
596 : 3 0 2 0 218
823 : 3 0 0 2 73
418 : 3 1 0 1 61
597 : 3 0 2 0 42
1135 : 3 0 0 1 68
549 : 3 0 2 0 157
692 : 3 0 1 1 217
599 : 3 0 2 0 74
668 : 3 0 1 1 211
601 : 3 0 2 0 50
679 : 3 0 1 1 173
994 : 3 0 1 0 60
605 : 3 0 2 0 98
131 : 3 2 0 0 14
105 : 3 2 0 0 217
659 : 3 0 1 1 251
606 : 3 0 2 0 162
1072 : 3 0 0 1 197
330 : 3 1 1 0 118
607 : 3 0 2 0 194
610 : 3 0 2 0 124
615 : 3 0 2 0 76
588 : 3 0 2 0 214
622 : 3 0 2 0 164
623 : 3 0 2 0 196
975 : 3 0 1 0 166
627 : 3 0 2 0 88
728 : 3 0 1 1 138
630 : 3 0 2 0 168
631 : 3 0 2 0 200
748 : 3 0 1 1 148
632 : 3 0 2 0 16
478 : 3 1 0 1 162
636 : 3 0 2 0 32
532 : 3 0 2 0 91
472 : 3 1 0 1 138
637 : 3 0 2 0 224
1098 : 3 0 0 1 54
640 : 3 0 1 1 1
641 : 3 0 1 1 7
644 : 3 0 1 1 191
854 : 3 0 0 2 234
648 : 3 0 1 1 79
649 : 3 0 1 1 143
522 : 3 0 2 0 55
388 : 3 1 0 1 191
689 : 3 0 1 1 25
776 : 3 0 0 2 79
405 : 3 1 0 1 155
652 : 3 0 1 1 87
997 : 3 0 1 0 156
654 : 3 0 1 1 103
656 : 3 0 1 1 199
657 : 3 0 1 1 11
859 : 3 0 0 2 82
56 : 3 1 0 0 83
363 : 3 1 1 0 84
660 : 3 0 1 1 91
179 : 3 2 0 0 50
662 : 3 0 1 1 107
1083 : 3 0 0 1 177
666 : 3 0 1 1 115
667 : 3 0 1 1 179
133 : 3 2 0 0 62
670 : 3 0 1 1 227
672 : 3 0 1 1 131
677 : 3 0 1 1 157
585 : 3 0 2 0 22
682 : 3 0 1 1 117
1067 : 3 0 0 1 245
434 : 3 1 0 1 121
686 : 3 0 1 1 229
684 : 3 0 1 1 213
687 : 3 0 1 1 69
688 : 3 0 1 1 133
696 : 3 0 1 1 137
16 : 3 1 0 0 175
699 : 3 0 1 1 81
700 : 3 0 1 1 145
701 : 3 0 1 1 97
1119 : 3 0 0 1 66
1061 : 3 0 0 1 221
106 : 3 1 0 0 153
618 : 3 0 2 0 244
702 : 3 0 1 1 161
791 : 3 0 0 2 171
704 : 3 0 1 1 2
560 : 3 0 2 0 133
706 : 3 0 1 1 62
1013 : 3 0 1 0 40
415 : 3 1 0 1 67
707 : 3 0 1 1 254
