2304
9 0.00058 0.00085 0.99465 0.00001 0.00391 0.00000 0.00000 0.00000 0.00000 
9 0.40772 0.59200 0.00000 0.00024 0.00000 0.00000 0.00001 0.00000 0.00003 
8 0.47842 0.00000 0.43508 0.00000 0.00000 0.08650 0.00000 0.00000 
7 0.00000 0.87161 0.00000 0.00000 0.00000 0.00000 0.12839 
6 0.00003 0.00003 0.00003 0.05083 0.00003 0.94907 
5 0.20000 0.20000 0.20000 0.20000 0.20000 
4 0.25000 0.25000 0.25000 0.25000 
3 0.33333 0.33333 0.33333 
2 0.50000 0.50000 
1 1.00000 
1 1.00000 
2 0.50000 0.50000 
1 1.00000 
1 1.00000 
3 0.33333 0.33333 0.33333 
2 0.50000 0.50000 
1 1.00000 
1 1.00000 
2 0.50000 0.50000 
1 1.00000 
1 1.00000 
4 0.25000 0.25000 0.25000 0.25000 
3 0.33333 0.33333 0.33333 
2 0.50000 0.50000 
1 1.00000 
1 1.00000 
2 0.50000 0.50000 
1 1.00000 
1 1.00000 
3 0.33333 0.33333 0.33333 
2 0.50000 0.50000 
1 1.00000 
1 1.00000 
2 0.50000 0.50000 
1 1.00000 
1 1.00000 
5 0.00003 0.00003 0.99988 0.00003 0.00003 
4 0.00000 0.00000 0.00000 1.00000 
3 0.33333 0.33333 0.33333 
2 0.50000 0.50000 
1 1.00000 
1 1.00000 
2 0.50000 0.50000 
1 1.00000 
1 1.00000 
3 0.00000 0.00000 0.99999 
2 0.50000 0.50000 
1 1.00000 
1 1.00000 
2 0.00001 0.99999 
1 1.00000 
1 1.00000 
4 0.00004 0.00004 0.00004 0.99989 
3 0.33333 0.33333 0.33333 
2 0.50000 0.50000 
1 1.00000 
1 1.00000 
2 0.50000 0.50000 
1 1.00000 
1 1.00000 
3 0.00005 0.00005 0.99990 
2 0.50000 0.50000 
1 1.00000 
1 1.00000 
2 0.00008 0.99992 
1 1.00000 
1 1.00000 
6 0.00001 0.00000 0.00000 0.00000 0.00000 0.99998 
5 0.20000 0.20000 0.20000 0.20000 0.20000 
4 0.25000 0.25000 0.25000 0.25000 
3 0.33333 0.33333 0.33333 
2 0.50000 0.50000 
1 1.00000 
1 1.00000 
2 0.50000 0.50000 
1 1.00000 
1 1.00000 
3 0.33333 0.33333 0.33333 
2 0.50000 0.50000 
1 1.00000 
1 1.00000 
2 0.50000 0.50000 
1 1.00000 
1 1.00000 
4 0.25000 0.25000 0.25000 0.25000 
3 0.33333 0.33333 0.33333 
2 0.50000 0.50000 
1 1.00000 
1 1.00000 
2 0.50000 0.50000 
1 1.00000 
1 1.00000 
3 0.33333 0.33333 0.33333 
2 0.50000 0.50000 
1 1.00000 
1 1.00000 
2 0.50000 0.50000 
1 1.00000 
1 1.00000 
5 0.00000 0.00000 0.99998 0.00000 0.00000 
4 0.02704 0.04832 0.00000 0.92464 
3 0.33333 0.33333 0.33333 
2 0.00076 0.99924 
1 1.00000 
1 1.00000 
2 0.50000 0.50000 
1 1.00000 
1 1.00000 
3 0.00000 0.00000 1.00000 
2 0.50000 0.50000 
1 1.00000 
1 1.00000 
2 0.00000 1.00000 
1 1.00000 
1 1.00000 
4 0.00001 0.00001 0.00001 0.99998 
3 0.33333 0.33333 0.33333 
2 0.50000 0.50000 
1 1.00000 
1 1.00000 
2 0.50000 0.50000 
1 1.00000 
1 1.00000 
3 0.00001 0.00001 0.99998 
2 0.50000 0.50000 
1 1.00000 
1 1.00000 
2 0.50000 0.50000 
1 1.00000 
1 1.00000 
7 0.04236 0.27854 0.15591 0.00008 0.00008 0.00008 0.52295 
6 0.00009 0.00000 0.00000 0.00000 0.00000 0.99990 
5 0.00039 0.00039 0.51313 0.00039 0.48568 
4 0.00148 0.00148 0.00148 0.99556 
3 0.33333 0.33333 0.33333 
2 0.50000 0.50000 
1 1.00000 
1 1.00000 
2 0.50000 0.50000 
1 1.00000 
1 1.00000 
3 0.33333 0.33333 0.33333 
2 0.50000 0.50000 
1 1.00000 
1 1.00000 
2 0.50000 0.50000 
1 1.00000 
1 1.00000 
4 0.33445 0.02690 0.00049 0.63815 
3 0.33333 0.33333 0.33333 
2 0.00072 0.99928 
1 1.00000 
1 1.00000 
2 0.50000 0.50000 
1 1.00000 
1 1.00000 
3 0.00066 0.00066 0.99868 
2 0.50000 0.50000 
1 1.00000 
1 1.00000 
2 0.00099 0.99901 
1 1.00000 
1 1.00000 
5 0.00000 0.00000 0.99999 0.00000 0.00000 
4 0.04724 0.02806 0.00007 0.92463 
3 0.44198 0.11603 0.44198 
2 0.00090 0.99910 
1 1.00000 
1 1.00000 
2 0.50000 0.50000 
1 1.00000 
1 1.00000 
3 0.00010 0.00010 0.99981 
2 0.50000 0.50000 
1 1.00000 
1 1.00000 
2 0.00015 0.99985 
1 1.00000 
1 1.00000 
4 0.00000 0.00000 0.00000 1.00000 
3 0.00018 0.00018 0.99965 
2 0.50000 0.50000 
1 1.00000 
1 1.00000 
2 0.00026 0.99974 
1 1.00000 
1 1.00000 
3 0.00000 0.00000 1.00000 
2 0.50000 0.50000 
1 1.00000 
1 1.00000 
2 0.00000 1.00000 
1 1.00000 
1 1.00000 
6 0.00010 0.00010 0.00010 0.00010 0.00010 0.99952 
5 0.20000 0.20000 0.20000 0.20000 0.20000 
4 0.25000 0.25000 0.25000 0.25000 
3 0.33333 0.33333 0.33333 
2 0.50000 0.50000 
1 1.00000 
1 1.00000 
2 0.50000 0.50000 
1 1.00000 
1 1.00000 
3 0.33333 0.33333 0.33333 
2 0.50000 0.50000 
1 1.00000 
1 1.00000 
2 0.50000 0.50000 
1 1.00000 
1 1.00000 
4 0.25000 0.25000 0.25000 0.25000 
3 0.33333 0.33333 0.33333 
2 0.50000 0.50000 
1 1.00000 
1 1.00000 
2 0.50000 0.50000 
1 1.00000 
1 1.00000 
3 0.33333 0.33333 0.33333 
2 0.50000 0.50000 
1 1.00000 
1 1.00000 
2 0.50000 0.50000 
1 1.00000 
1 1.00000 
5 0.00011 0.00011 0.83031 0.00011 0.16935 
4 0.00211 0.00211 0.00211 0.99368 
3 0.33333 0.33333 0.33333 
2 0.50000 0.50000 
1 1.00000 
1 1.00000 
2 0.50000 0.50000 
1 1.00000 
1 1.00000 
3 0.18070 0.18070 0.63859 
2 0.50000 0.50000 
1 1.00000 
1 1.00000 
2 0.30172 0.69828 
1 1.00000 
1 1.00000 
4 0.01863 0.00938 0.00014 0.97185 
3 0.38056 0.23887 0.38056 
2 0.00382 0.99618 
1 1.00000 
1 1.00000 
2 0.50000 0.50000 
1 1.00000 
1 1.00000 
3 0.00019 0.00019 0.99962 
2 0.50000 0.50000 
1 1.00000 
1 1.00000 
2 0.00029 0.99971 
1 1.00000 
1 1.00000 
8 0.83733 0.00000 0.16258 0.00000 0.00000 0.00007 0.00000 0.00000 
7 0.02046 0.80144 0.00050 0.00006 0.00006 0.00006 0.17743 
6 0.00003 0.00000 0.00000 0.00000 0.00000 0.99997 
5 0.01480 0.01097 0.49003 0.00051 0.48368 
4 0.00364 0.00364 0.00364 0.98909 
3 0.01157 0.01157 0.97686 
2 0.50000 0.50000 
1 1.00000 
1 1.00000 
2 0.01735 0.98265 
1 1.00000 
1 1.00000 
3 0.49636 0.00728 0.49636 
2 0.02341 0.97659 
1 1.00000 
1 1.00000 
2 0.50000 0.50000 
1 1.00000 
1 1.00000 
4 0.35393 0.05021 0.00064 0.59522 
3 0.33333 0.33333 0.33333 
2 0.00091 0.99909 
1 1.00000 
1 1.00000 
2 0.50000 0.50000 
1 1.00000 
1 1.00000 
3 0.00086 0.00086 0.99829 
2 0.50000 0.50000 
1 1.00000 
1 1.00000 
2 0.00128 0.99872 
1 1.00000 
1 1.00000 
5 0.00000 0.00000 1.00000 0.00000 0.00000 
4 0.01579 0.00854 0.00002 0.97565 
3 0.33333 0.33333 0.33333 
2 0.00058 0.99942 
1 1.00000 
1 1.00000 
2 0.50000 0.50000 
1 1.00000 
1 1.00000 
3 0.00002 0.00002 0.99995 
2 0.50000 0.50000 
1 1.00000 
1 1.00000 
2 0.00004 0.99996 
1 1.00000 
1 1.00000 
4 0.00000 0.00000 0.00000 1.00000 
3 0.02422 0.02422 0.95156 
2 0.50000 0.50000 
1 1.00000 
1 1.00000 
2 0.03633 0.96367 
1 1.00000 
1 1.00000 
3 0.00000 0.00000 1.00000 
2 0.50000 0.50000 
1 1.00000 
1 1.00000 
2 0.00000 1.00000 
1 1.00000 
1 1.00000 
6 0.26832 0.02604 0.00352 0.02082 0.00007 0.68123 
5 0.20000 0.20000 0.20000 0.20000 0.20000 
4 0.00006 0.00006 0.00006 0.99982 
3 0.33333 0.33333 0.33333 
2 0.50000 0.50000 
1 1.00000 
1 1.00000 
2 0.50000 0.50000 
1 1.00000 
1 1.00000 
3 0.00008 0.00008 0.99984 
2 0.50000 0.50000 
1 1.00000 
1 1.00000 
2 0.00012 0.99988 
1 1.00000 
1 1.00000 
4 0.25000 0.25000 0.25000 0.25000 
3 0.00088 0.00088 0.99824 
2 0.50000 0.50000 
1 1.00000 
1 1.00000 
2 0.00132 0.99868 
1 1.00000 
1 1.00000 
3 0.33333 0.33333 0.33333 
2 0.00891 0.99109 
1 1.00000 
1 1.00000 
2 0.50000 0.50000 
1 1.00000 
1 1.00000 
5 0.00374 0.06228 0.93382 0.00008 0.00008 
4 0.00000 0.00000 0.00000 0.99999 
3 0.00488 0.00488 0.99024 
2 0.50000 0.50000 
1 1.00000 
1 1.00000 
2 0.00732 0.99268 
1 1.00000 
1 1.00000 
3 0.50000 0.00001 0.50000 
2 0.00062 0.99938 
1 1.00000 
1 1.00000 
2 0.50000 0.50000 
1 1.00000 
1 1.00000 
4 0.02123 0.00898 0.00010 0.96970 
3 0.33333 0.33333 0.33333 
2 0.00216 0.99784 
1 1.00000 
1 1.00000 
2 0.50000 0.50000 
1 1.00000 
1 1.00000 
3 0.00013 0.00013 0.99974 
2 0.50000 0.50000 
1 1.00000 
1 1.00000 
2 0.00020 0.99980 
1 1.00000 
1 1.00000 
7 0.00000 0.94742 0.00000 0.00000 0.00000 0.00000 0.05257 
6 0.00007 0.00000 0.00003 0.00087 0.00000 0.99903 
5 0.20000 0.20000 0.20000 0.20000 0.20000 
4 0.00019 0.00019 0.00019 0.99944 
3 0.33333 0.33333 0.33333 
2 0.50000 0.50000 
1 1.00000 
1 1.00000 
2 0.50000 0.50000 
1 1.00000 
1 1.00000 
3 0.00025 0.00025 0.99950 
2 0.50000 0.50000 
1 1.00000 
1 1.00000 
2 0.00038 0.99962 
1 1.00000 
1 1.00000 
4 0.25000 0.25000 0.25000 0.25000 
3 0.33333 0.33333 0.33333 
2 0.50000 0.50000 
1 1.00000 
1 1.00000 
2 0.50000 0.50000 
1 1.00000 
1 1.00000 
3 0.33333 0.33333 0.33333 
2 0.00103 0.99897 
1 1.00000 
1 1.00000 
2 0.50000 0.50000 
1 1.00000 
1 1.00000 
5 0.00000 0.00000 1.00000 0.00000 0.00000 
4 0.00000 0.00000 0.00000 1.00000 
3 0.02281 0.02281 0.95437 
2 0.50000 0.50000 
1 1.00000 
1 1.00000 
2 0.03422 0.96578 
1 1.00000 
1 1.00000 
3 0.00000 0.00000 1.00000 
2 0.04560 0.95440 
1 1.00000 
1 1.00000 
2 0.00000 1.00000 
1 1.00000 
1 1.00000 
4 0.00000 0.00000 0.00000 1.00000 
3 0.33333 0.33333 0.33333 
2 0.01574 0.98426 
1 1.00000 
1 1.00000 
2 0.50000 0.50000 
1 1.00000 
1 1.00000 
3 0.00000 0.00000 1.00000 
2 0.50000 0.50000 
1 1.00000 
1 1.00000 
2 0.00000 1.00000 
1 1.00000 
1 1.00000 
6 0.00003 0.00000 0.00000 0.00000 0.00000 0.99995 
5 0.01032 0.01032 0.30065 0.01032 0.66838 
4 0.02331 0.02331 0.02331 0.93006 
3 0.33333 0.33333 0.33333 
2 0.50000 0.50000 
1 1.00000 
1 1.00000 
2 0.50000 0.50000 
1 1.00000 
1 1.00000 
3 0.29238 0.29238 0.41525 
2 0.50000 0.50000 
1 1.00000 
1 1.00000 
2 0.50000 0.50000 
1 1.00000 
1 1.00000 
4 0.10505 0.01290 0.01290 0.86915 
3 0.33333 0.33333 0.33333 
2 0.06121 0.93879 
1 1.00000 
1 1.00000 
2 0.50000 0.50000 
1 1.00000 
1 1.00000 
3 0.01720 0.01720 0.96559 
2 0.50000 0.50000 
1 1.00000 
1 1.00000 
2 0.02581 0.97419 
1 1.00000 
1 1.00000 
5 0.00000 0.00000 1.00000 0.00000 0.00000 
4 0.00000 0.00000 0.00000 1.00000 
3 0.33333 0.33333 0.33333 
2 0.50000 0.50000 
1 1.00000 
1 1.00000 
2 0.50000 0.50000 
1 1.00000 
1 1.00000 
3 0.00000 0.00000 1.00000 
2 0.50000 0.50000 
1 1.00000 
1 1.00000 
2 0.00000 1.00000 
1 1.00000 
1 1.00000 
4 0.00001 0.00001 0.00001 0.99998 
3 0.33333 0.33333 0.33333 
2 0.50000 0.50000 
1 1.00000 
1 1.00000 
2 0.50000 0.50000 
1 1.00000 
1 1.00000 
3 0.33333 0.33333 0.33333 
2 0.50000 0.50000 
1 1.00000 
1 1.00000 
2 0.50000 0.50000 
1 1.00000 
1 1.00000 
9 0.33442 0.54454 0.11777 0.00324 0.00003 0.00000 0.00000 0.00000 0.00000 
7 0.00000 0.00001 0.00011 0.00000 0.00000 0.00000 0.99988 
5 0.00000 0.00000 0.00000 0.00000 1.00000 
3 0.33333 0.33333 0.33333 
1 1.00000 
2 0.50000 0.50000 
1 1.00000 
2 0.50000 0.50000 
1 1.00000 
1 1.00000 
4 0.00000 0.00000 0.00000 1.00000 
2 0.50000 0.50000 
1 1.00000 
1 1.00000 
3 0.00000 0.00000 1.00000 
1 1.00000 
2 0.00000 1.00000 
1 1.00000 
4 0.00000 0.00000 0.00000 1.00000 
2 0.50000 0.50000 
1 1.00000 
1 1.00000 
3 0.00000 0.00000 1.00000 
1 1.00000 
2 0.00000 1.00000 
1 1.00000 
3 0.00000 0.00000 1.00000 
1 1.00000 
2 0.00000 1.00000 
1 1.00000 
2 0.50000 0.50000 
1 1.00000 
1 1.00000 
6 0.00001 0.00030 0.00000 0.00000 0.00000 0.99969 
4 0.00000 0.00000 0.00000 1.00000 
2 0.50000 0.50000 
1 1.00000 
1 1.00000 
3 0.00000 0.00000 1.00000 
1 1.00000 
2 0.00000 1.00000 
1 1.00000 
3 0.00000 0.00000 1.00000 
1 1.00000 
2 0.00000 1.00000 
1 1.00000 
2 0.50000 0.50000 
1 1.00000 
1 1.00000 
5 0.00001 0.00001 0.00001 0.00001 0.99998 
3 0.00000 0.00000 1.00000 
1 1.00000 
2 0.00000 1.00000 
1 1.00000 
2 0.00000 1.00000 
1 1.00000 
1 1.00000 
4 0.00000 0.00000 0.00000 1.00000 
2 0.50000 0.50000 
1 1.00000 
1 1.00000 
3 0.00000 0.00000 1.00000 
1 1.00000 
2 0.00000 1.00000 
1 1.00000 
6 0.49404 0.00004 0.00027 0.00000 0.00000 0.50565 
4 0.00000 0.00000 0.00000 1.00000 
2 0.50000 0.50000 
1 1.00000 
1 1.00000 
3 0.00000 0.00000 1.00000 
1 1.00000 
2 0.00000 1.00000 
1 1.00000 
3 0.00000 0.00000 1.00000 
1 1.00000 
2 0.00000 1.00000 
1 1.00000 
2 0.00000 1.00000 
1 1.00000 
1 1.00000 
5 0.99999 0.00000 0.00000 0.00000 0.00001 
3 0.00000 0.00000 1.00000 
1 1.00000 
2 0.00000 1.00000 
1 1.00000 
2 0.50000 0.50000 
1 1.00000 
1 1.00000 
4 0.00000 0.00000 0.00000 1.00000 
2 0.50000 0.50000 
1 1.00000 
1 1.00000 
3 0.00000 0.00000 1.00000 
1 1.00000 
2 0.00000 1.00000 
1 1.00000 
5 0.00001 0.00001 0.00001 0.00001 0.99995 
3 0.00000 0.00000 1.00000 
1 1.00000 
2 0.00000 1.00000 
1 1.00000 
2 0.00000 1.00000 
1 1.00000 
1 1.00000 
4 0.00000 0.00000 0.00000 1.00000 
2 0.50000 0.50000 
1 1.00000 
1 1.00000 
3 0.00000 0.00000 1.00000 
1 1.00000 
2 0.00000 1.00000 
1 1.00000 
4 0.00000 0.00000 0.00000 1.00000 
2 0.50000 0.50000 
1 1.00000 
1 1.00000 
3 0.00000 0.00000 1.00000 
1 1.00000 
2 0.00000 1.00000 
1 1.00000 
3 0.00000 0.00000 1.00000 
1 1.00000 
2 0.00000 1.00000 
1 1.00000 
2 0.50000 0.50000 
1 1.00000 
1 1.00000 
8 0.11521 0.08756 0.79722 0.00001 0.00000 0.00000 0.00000 0.00000 
6 0.00001 0.00000 0.99996 0.00000 0.00000 0.00003 
4 0.00000 0.00000 0.00000 1.00000 
2 0.50000 0.50000 
1 1.00000 
1 1.00000 
3 0.00000 0.00000 1.00000 
1 1.00000 
2 0.00000 1.00000 
1 1.00000 
3 0.33333 0.33333 0.33333 
1 1.00000 
2 0.50000 0.50000 
1 1.00000 
2 0.00000 1.00000 
1 1.00000 
1 1.00000 
5 0.99996 0.00000 0.00000 0.00000 0.00004 
3 0.00000 0.00000 1.00000 
1 1.00000 
2 0.00000 1.00000 
1 1.00000 
2 0.50000 0.50000 
1 1.00000 
1 1.00000 
4 0.00000 0.00000 0.00000 1.00000 
2 0.50000 0.50000 
1 1.00000 
1 1.00000 
3 0.00000 0.00000 1.00000 
1 1.00000 
2 0.00000 1.00000 
1 1.00000 
5 0.00000 0.00000 0.00000 0.00000 1.00000 
3 0.33333 0.33333 0.33333 
1 1.00000 
2 0.50000 0.50000 
1 1.00000 
2 0.50000 0.50000 
1 1.00000 
1 1.00000 
4 0.00000 0.00000 0.00000 1.00000 
2 0.50000 0.50000 
1 1.00000 
1 1.00000 
3 0.00000 0.00000 1.00000 
1 1.00000 
2 0.00000 1.00000 
1 1.00000 
4 0.00000 0.00000 0.00000 1.00000 
2 0.50000 0.50000 
1 1.00000 
1 1.00000 
3 0.00000 0.00000 1.00000 
1 1.00000 
2 0.00000 1.00000 
1 1.00000 
3 0.00000 0.00000 1.00000 
1 1.00000 
2 0.00000 1.00000 
1 1.00000 
2 0.50000 0.50000 
1 1.00000 
1 1.00000 
7 0.00006 0.00001 0.00010 0.00000 0.00000 0.00000 0.99983 
5 0.00000 0.00000 0.00000 0.00000 1.00000 
3 0.33333 0.33333 0.33333 
1 1.00000 
2 0.50000 0.50000 
1 1.00000 
2 0.50000 0.50000 
1 1.00000 
1 1.00000 
4 0.00000 0.00000 0.00000 1.00000 
2 0.50000 0.50000 
1 1.00000 
1 1.00000 
3 0.00000 0.00000 1.00000 
1 1.00000 
2 0.00000 1.00000 
1 1.00000 
4 0.00000 0.00000 0.00000 1.00000 
2 0.50000 0.50000 
1 1.00000 
1 1.00000 
3 0.00000 0.00000 1.00000 
1 1.00000 
2 0.00000 1.00000 
1 1.00000 
3 0.00000 0.00000 1.00000 
1 1.00000 
2 0.00000 1.00000 
1 1.00000 
2 0.50000 0.50000 
1 1.00000 
1 1.00000 
6 0.39371 0.00003 0.46211 0.00000 0.00000 0.14416 
4 0.00000 0.00000 0.00000 1.00000 
2 0.50000 0.50000 
1 1.00000 
1 1.00000 
3 0.00000 0.00000 1.00000 
1 1.00000 
2 0.00000 1.00000 
1 1.00000 
3 0.00000 0.00000 1.00000 
1 1.00000 
2 0.00000 1.00000 
1 1.00000 
2 0.00000 1.00000 
1 1.00000 
1 1.00000 
5 0.30636 0.18426 0.00000 0.00000 0.50938 
3 0.00000 0.00000 1.00000 
1 1.00000 
2 0.00000 1.00000 
1 1.00000 
2 0.00000 1.00000 
1 1.00000 
1 1.00000 
4 0.00000 0.00000 0.00000 1.00000 
2 0.50000 0.50000 
1 1.00000 
1 1.00000 
3 0.00000 0.00000 1.00000 
1 1.00000 
2 0.00000 1.00000 
1 1.00000 
9 0.60920 0.39070 0.00008 0.00000 0.00000 0.00001 0.00000 0.00000 0.00000 
7 0.99591 0.00000 0.00000 0.00000 0.00000 0.00000 0.00409 
5 0.00000 0.00000 0.00000 0.00000 1.00000 
3 0.33333 0.33333 0.33333 
1 1.00000 
2 0.50000 0.50000 
1 1.00000 
2 0.50000 0.50000 
1 1.00000 
1 1.00000 
4 0.00000 0.00000 0.00000 1.00000 
2 0.50000 0.50000 
1 1.00000 
1 1.00000 
3 0.00017 0.00017 0.99967 
1 1.00000 
2 0.00037 0.99963 
1 1.00000 
4 0.25000 0.25000 0.25000 0.25000 
2 0.50000 0.50000 
1 1.00000 
1 1.00000 
3 0.33333 0.33333 0.33333 
1 1.00000 
2 0.50000 0.50000 
1 1.00000 
3 0.33333 0.33333 0.33333 
1 1.00000 
2 0.50000 0.50000 
1 1.00000 
2 0.50000 0.50000 
1 1.00000 
1 1.00000 
6 0.00000 0.00000 1.00000 0.00000 0.00000 0.00000 
4 0.25000 0.25000 0.25000 0.25000 
2 0.50000 0.50000 
1 1.00000 
1 1.00000 
3 0.33333 0.33333 0.33333 
1 1.00000 
2 0.50000 0.50000 
1 1.00000 
3 0.33333 0.33333 0.33333 
1 1.00000 
2 0.50000 0.50000 
1 1.00000 
2 0.00000 1.00000 
1 1.00000 
1 1.00000 
5 0.00000 0.00000 0.00000 0.00000 1.00000 
3 0.33333 0.33333 0.33333 
1 1.00000 
2 0.50000 0.50000 
1 1.00000 
2 0.50000 0.50000 
1 1.00000 
1 1.00000 
4 0.00000 0.00000 0.00000 1.00000 
2 0.50000 0.50000 
1 1.00000 
1 1.00000 
3 0.33333 0.33333 0.33333 
1 1.00000 
2 0.13008 0.86992 
1 1.00000 
6 0.00000 0.00000 1.00000 0.00000 0.00000 0.00000 
4 0.25000 0.25000 0.25000 0.25000 
2 0.50000 0.50000 
1 1.00000 
1 1.00000 
3 0.33333 0.33333 0.33333 
1 1.00000 
2 0.50000 0.50000 
1 1.00000 
3 0.33333 0.33333 0.33333 
1 1.00000 
2 0.50000 0.50000 
1 1.00000 
2 0.00000 1.00000 
1 1.00000 
1 1.00000 
5 0.00000 0.00000 0.00000 0.00000 1.00000 
3 0.33333 0.33333 0.33333 
1 1.00000 
2 0.50000 0.50000 
1 1.00000 
2 0.50000 0.50000 
1 1.00000 
1 1.00000 
4 0.00000 0.00000 0.00000 1.00000 
2 0.50000 0.50000 
1 1.00000 
1 1.00000 
3 0.33333 0.33333 0.33333 
1 1.00000 
2 0.50000 0.50000 
1 1.00000 
5 0.00000 0.36600 0.00000 0.00000 0.63400 
3 0.33333 0.33333 0.33333 
1 1.00000 
2 0.50000 0.50000 
1 1.00000 
2 0.40001 0.59999 
1 1.00000 
1 1.00000 
4 0.00307 0.00307 0.00307 0.99078 
2 0.50000 0.50000 
1 1.00000 
1 1.00000 
3 0.33333 0.33333 0.33333 
1 1.00000 
2 0.32787 0.67213 
1 1.00000 
4 0.25000 0.25000 0.25000 0.25000 
2 0.50000 0.50000 
1 1.00000 
1 1.00000 
3 0.33333 0.33333 0.33333 
1 1.00000 
2 0.50000 0.50000 
1 1.00000 
3 0.33333 0.33333 0.33333 
1 1.00000 
2 0.50000 0.50000 
1 1.00000 
2 0.50000 0.50000 
1 1.00000 
1 1.00000 
8 0.66478 0.30948 0.00001 0.00000 0.00001 0.00000 0.00000 0.02571 
6 0.00000 0.00000 1.00000 0.00000 0.00000 0.00000 
4 0.25000 0.25000 0.25000 0.25000 
2 0.50000 0.50000 
1 1.00000 
1 1.00000 
3 0.33333 0.33333 0.33333 
1 1.00000 
2 0.50000 0.50000 
1 1.00000 
3 0.33333 0.33333 0.33333 
1 1.00000 
2 0.50000 0.50000 
1 1.00000 
2 0.00001 0.99999 
1 1.00000 
1 1.00000 
5 0.00000 0.00000 0.00000 0.00000 1.00000 
3 0.33333 0.33333 0.33333 
1 1.00000 
2 0.50000 0.50000 
1 1.00000 
2 0.50000 0.50000 
1 1.00000 
1 1.00000 
4 0.00001 0.00001 0.00001 0.99997 
2 0.50000 0.50000 
1 1.00000 
1 1.00000 
3 0.33333 0.33333 0.33333 
1 1.00000 
2 0.50000 0.50000 
1 1.00000 
5 0.00000 0.00010 0.00000 0.00000 0.99990 
3 0.33333 0.33333 0.33333 
1 1.00000 
2 0.50000 0.50000 
1 1.00000 
2 0.19363 0.80637 
1 1.00000 
1 1.00000 
4 0.00000 0.00000 0.00000 0.99999 
2 0.50000 0.50000 
1 1.00000 
1 1.00000 
3 0.00111 0.00111 0.99778 
1 1.00000 
2 0.00209 0.99791 
1 1.00000 
4 0.25000 0.25000 0.25000 0.25000 
2 0.50000 0.50000 
1 1.00000 
1 1.00000 
3 0.33333 0.33333 0.33333 
1 1.00000 
2 0.04242 0.95758 
1 1.00000 
3 0.33333 0.33333 0.33333 
1 1.00000 
2 0.50000 0.50000 
1 1.00000 
2 0.50000 0.50000 
1 1.00000 
1 1.00000 
7 0.41154 0.00000 0.00000 0.00003 0.00000 0.00000 0.58844 
5 0.00011 0.00011 0.00011 0.00011 0.99958 
3 0.33333 0.33333 0.33333 
1 1.00000 
2 0.50000 0.50000 
1 1.00000 
2 0.50000 0.50000 
1 1.00000 
1 1.00000 
4 0.00000 0.00000 0.00000 0.99999 
2 0.50000 0.50000 
1 1.00000 
1 1.00000 
3 0.00049 0.00049 0.99902 
1 1.00000 
2 0.00351 0.99649 
1 1.00000 
4 0.25000 0.25000 0.25000 0.25000 
2 0.50000 0.50000 
1 1.00000 
1 1.00000 
3 0.33333 0.33333 0.33333 
1 1.00000 
2 0.50000 0.50000 
1 1.00000 
3 0.33333 0.33333 0.33333 
1 1.00000 
2 0.50000 0.50000 
1 1.00000 
2 0.50000 0.50000 
1 1.00000 
1 1.00000 
6 0.00000 0.00000 0.99999 0.00000 0.00000 0.00000 
4 0.25000 0.25000 0.25000 0.25000 
2 0.50000 0.50000 
1 1.00000 
1 1.00000 
3 0.33333 0.33333 0.33333 
1 1.00000 
2 0.50000 0.50000 
1 1.00000 
3 0.33333 0.33333 0.33333 
1 1.00000 
2 0.50000 0.50000 
1 1.00000 
2 0.00003 0.99997 
1 1.00000 
1 1.00000 
5 0.00000 0.00001 0.00000 0.00000 0.99998 
3 0.33333 0.33333 0.33333 
1 1.00000 
2 0.50000 0.50000 
1 1.00000 
2 0.50000 0.50000 
1 1.00000 
1 1.00000 
4 0.00000 0.00000 0.00000 0.99999 
2 0.50000 0.50000 
1 1.00000 
1 1.00000 
3 0.33333 0.33333 0.33333 
1 1.00000 
2 0.50000 0.50000 
1 1.00000 
9 0.00915 0.57919 0.00003 0.00000 0.00001 0.00000 0.00000 0.00000 0.41161 
7 0.01203 0.00014 0.98777 0.00002 0.00002 0.00002 0.00002 
5 0.36943 0.00039 0.00039 0.00039 0.62940 
3 0.33333 0.33333 0.33333 
1 1.00000 
2 0.50000 0.50000 
1 1.00000 
2 0.50000 0.50000 
1 1.00000 
1 1.00000 
4 0.00383 0.00383 0.00383 0.98851 
2 0.50000 0.50000 
1 1.00000 
1 1.00000 
3 0.00204 0.00204 0.99592 
1 1.00000 
2 0.02499 0.97501 
1 1.00000 
4 0.04085 0.04085 0.04085 0.87746 
2 0.50000 0.50000 
1 1.00000 
1 1.00000 
3 0.08169 0.08169 0.83661 
1 1.00000 
2 0.12254 0.87746 
1 1.00000 
3 0.00047 0.00047 0.99905 
1 1.00000 
2 0.00071 0.99929 
1 1.00000 
2 0.50000 0.50000 
1 1.00000 
1 1.00000 
6 0.00003 0.00003 0.00003 0.00003 0.00003 0.99986 
4 0.25000 0.25000 0.25000 0.25000 
2 0.50000 0.50000 
1 1.00000 
1 1.00000 
3 0.33333 0.33333 0.33333 
1 1.00000 
2 0.50000 0.50000 
1 1.00000 
3 0.33333 0.33333 0.33333 
1 1.00000 
2 0.50000 0.50000 
1 1.00000 
2 0.50000 0.50000 
1 1.00000 
1 1.00000 
5 0.19115 0.00003 0.00003 0.00003 0.80875 
3 0.00006 0.00006 0.99989 
1 1.00000 
2 0.00009 0.99991 
1 1.00000 
2 0.50000 0.50000 
1 1.00000 
1 1.00000 
4 0.00004 0.00004 0.00004 0.99988 
2 0.50000 0.50000 
1 1.00000 
1 1.00000 
3 0.00005 0.00005 0.99989 
1 1.00000 
2 0.00083 0.99917 
1 1.00000 
6 0.00000 0.00000 0.00000 0.00000 0.00000 1.00000 
4 0.16667 0.16667 0.16667 0.50000 
2 0.50000 0.50000 
1 1.00000 
1 1.00000 
3 0.33333 0.33333 0.33333 
1 1.00000 
2 0.50000 0.50000 
1 1.00000 
3 0.33333 0.33333 0.33333 
1 1.00000 
2 0.50000 0.50000 
1 1.00000 
2 0.50000 0.50000 
1 1.00000 
1 1.00000 
5 0.03529 0.00000 0.00000 0.00000 0.96471 
3 0.00000 0.00000 0.99999 
1 1.00000 
2 0.00001 0.99999 
1 1.00000 
2 0.50000 0.50000 
1 1.00000 
1 1.00000 
4 0.00000 0.00000 0.00000 0.99999 
2 0.50000 0.50000 
1 1.00000 
1 1.00000 
3 0.00000 0.00000 0.99999 
1 1.00000 
2 0.00000 1.00000 
1 1.00000 
5 0.01034 0.01034 0.01034 0.01034 0.95864 
3 0.33333 0.33333 0.33333 
1 1.00000 
2 0.50000 0.50000 
1 1.00000 
2 0.50000 0.50000 
1 1.00000 
1 1.00000 
4 0.01292 0.01292 0.01292 0.96123 
2 0.50000 0.50000 
1 1.00000 
1 1.00000 
3 0.01723 0.01723 0.96554 
1 1.00000 
2 0.02585 0.97415 
1 1.00000 
4 0.09811 0.09811 0.09811 0.70568 
2 0.50000 0.50000 
1 1.00000 
1 1.00000 
3 0.33333 0.33333 0.33333 
1 1.00000 
2 0.50000 0.50000 
1 1.00000 
3 0.20087 0.20087 0.59825 
1 1.00000 
2 0.30131 0.69869 
1 1.00000 
2 0.50000 0.50000 
1 1.00000 
1 1.00000 
8 0.77260 0.00024 0.16087 0.06628 0.00000 0.00000 0.00000 0.00000 
6 0.00000 0.00000 0.00000 0.00000 0.00000 1.00000 
4 0.16667 0.16667 0.16667 0.50000 
2 0.50000 0.50000 
1 1.00000 
1 1.00000 
3 0.33333 0.33333 0.33333 
1 1.00000 
2 0.50000 0.50000 
1 1.00000 
3 0.33333 0.33333 0.33333 
1 1.00000 
2 0.50000 0.50000 
1 1.00000 
2 0.50000 0.50000 
1 1.00000 
1 1.00000 
5 0.00082 0.00000 0.00000 0.00000 0.99918 
3 0.00018 0.00018 0.99964 
1 1.00000 
2 0.00027 0.99973 
1 1.00000 
2 0.50000 0.50000 
1 1.00000 
1 1.00000 
4 0.00000 0.00000 0.00000 0.99999 
2 0.50000 0.50000 
1 1.00000 
1 1.00000 
3 0.00000 0.00000 1.00000 
1 1.00000 
2 0.00000 1.00000 
1 1.00000 
5 0.00141 0.00141 0.00141 0.00141 0.99434 
3 0.33333 0.33333 0.33333 
1 1.00000 
2 0.50000 0.50000 
1 1.00000 
2 0.50000 0.50000 
1 1.00000 
1 1.00000 
4 0.00177 0.00177 0.00177 0.99470 
2 0.50000 0.50000 
1 1.00000 
1 1.00000 
3 0.00236 0.00236 0.99528 
1 1.00000 
2 0.07910 0.92090 
1 1.00000 
4 0.00000 0.00000 0.00000 0.99999 
2 0.50000 0.50000 
1 1.00000 
1 1.00000 
3 0.00038 0.00038 0.99924 
1 1.00000 
2 0.00001 0.99999 
1 1.00000 
3 0.00001 0.00001 0.99998 
1 1.00000 
2 0.00043 0.99957 
1 1.00000 
2 0.50000 0.50000 
1 1.00000 
1 1.00000 
7 0.00010 0.09028 0.90960 0.00002 0.00000 0.00000 0.00000 
5 0.20000 0.20000 0.20000 0.20000 0.20000 
3 0.33333 0.33333 0.33333 
1 1.00000 
2 0.50000 0.50000 
1 1.00000 
2 0.50000 0.50000 
1 1.00000 
1 1.00000 
4 0.24984 0.24984 0.24984 0.25048 
2 0.50000 0.50000 
1 1.00000 
1 1.00000 
3 0.00645 0.00645 0.98710 
1 1.00000 
2 0.49968 0.50032 
1 1.00000 
4 0.00000 0.00000 0.00000 0.99999 
2 0.50000 0.50000 
1 1.00000 
1 1.00000 
3 0.00000 0.00000 0.99999 
1 1.00000 
2 0.00001 0.99999 
1 1.00000 
3 0.00000 0.00000 1.00000 
1 1.00000 
2 0.00000 1.00000 
1 1.00000 
2 0.06248 0.93752 
1 1.00000 
1 1.00000 
6 0.00000 0.00000 0.00000 0.00000 0.00000 0.99999 
4 0.16667 0.16667 0.16667 0.50000 
2 0.50000 0.50000 
1 1.00000 
1 1.00000 
3 0.33333 0.33333 0.33333 
1 1.00000 
2 0.50000 0.50000 
1 1.00000 
3 0.33333 0.33333 0.33333 
1 1.00000 
2 0.50000 0.50000 
1 1.00000 
2 0.50000 0.50000 
1 1.00000 
1 1.00000 
5 0.00000 0.00000 0.00000 0.00000 0.99999 
3 0.33333 0.33333 0.33333 
1 1.00000 
2 0.50000 0.50000 
1 1.00000 
2 0.50000 0.50000 
1 1.00000 
1 1.00000 
4 0.00000 0.00000 0.00000 0.99999 
2 0.50000 0.50000 
1 1.00000 
1 1.00000 
3 0.33333 0.33333 0.33333 
1 1.00000 
2 0.50000 0.50000 
1 1.00000 
9 0.23946 0.45227 0.30448 0.00009 0.00371 0.00000 0.00000 0.00000 0.00000 
7 0.00203 0.00000 0.99797 0.00000 0.00000 0.00000 0.00000 
5 0.00581 0.00000 0.00000 0.00000 0.99419 
3 0.00000 0.00000 1.00000 
1 1.00000 
2 0.00000 1.00000 
1 1.00000 
2 0.50000 0.50000 
1 1.00000 
1 1.00000 
4 0.00238 0.00238 0.00238 0.99287 
2 0.00000 1.00000 
1 1.00000 
1 1.00000 
3 0.00000 0.00000 1.00000 
1 1.00000 
2 0.00000 1.00000 
1 1.00000 
4 0.00000 0.00000 0.00000 1.00000 
2 0.50000 0.50000 
1 1.00000 
1 1.00000 
3 0.00000 0.00000 1.00000 
1 1.00000 
2 0.00000 1.00000 
1 1.00000 
3 0.00000 0.00000 1.00000 
1 1.00000 
2 0.00000 1.00000 
1 1.00000 
2 0.50000 0.50000 
1 1.00000 
1 1.00000 
6 0.00001 0.76031 0.00015 0.00000 0.00000 0.23953 
4 0.00000 0.00000 0.00000 1.00000 
2 0.50000 0.50000 
1 1.00000 
1 1.00000 
3 0.00000 0.00000 1.00000 
1 1.00000 
2 0.00000 1.00000 
1 1.00000 
3 0.00000 0.00000 1.00000 
1 1.00000 
2 0.00000 1.00000 
1 1.00000 
2 0.00000 1.00000 
1 1.00000 
1 1.00000 
5 0.00000 0.00000 0.00000 0.00000 1.00000 
3 0.33333 0.33333 0.33333 
1 1.00000 
2 0.50000 0.50000 
1 1.00000 
2 0.50000 0.50000 
1 1.00000 
1 1.00000 
4 0.00000 0.00000 0.00000 1.00000 
2 0.50000 0.50000 
1 1.00000 
1 1.00000 
3 0.00000 0.00000 1.00000 
1 1.00000 
2 0.00000 1.00000 
1 1.00000 
6 0.00007 0.00004 0.22862 0.00000 0.00000 0.77127 
4 0.00000 0.00000 0.00000 1.00000 
2 0.50000 0.50000 
1 1.00000 
1 1.00000 
3 0.00000 0.00000 1.00000 
1 1.00000 
2 0.00000 1.00000 
1 1.00000 
3 0.00000 0.00000 1.00000 
1 1.00000 
2 0.00000 1.00000 
1 1.00000 
2 0.00000 1.00000 
1 1.00000 
1 1.00000 
5 0.00000 0.00000 0.00000 0.00000 1.00000 
3 0.00000 0.00000 1.00000 
1 1.00000 
2 0.00000 1.00000 
1 1.00000 
2 0.50000 0.50000 
1 1.00000 
1 1.00000 
4 0.00000 0.00000 0.00000 1.00000 
2 0.00000 1.00000 
1 1.00000 
1 1.00000 
3 0.00000 0.00000 1.00000 
1 1.00000 
2 0.00000 1.00000 
1 1.00000 
5 0.00001 0.00000 0.00000 0.00000 0.99999 
3 0.00000 0.00000 1.00000 
1 1.00000 
2 0.00000 1.00000 
1 1.00000 
2 0.50000 0.50000 
1 1.00000 
1 1.00000 
4 0.00001 0.00001 0.00001 0.99997 
2 0.00000 1.00000 
1 1.00000 
1 1.00000 
3 0.00000 0.00000 1.00000 
1 1.00000 
2 0.00000 1.00000 
1 1.00000 
4 0.00000 0.00000 0.00000 1.00000 
2 0.50000 0.50000 
1 1.00000 
1 1.00000 
3 0.00000 0.00000 1.00000 
1 1.00000 
2 0.00000 1.00000 
1 1.00000 
3 0.00000 0.00000 1.00000 
1 1.00000 
2 0.00000 1.00000 
1 1.00000 
2 0.50000 0.50000 
1 1.00000 
1 1.00000 
8 0.41895 0.00004 0.00002 0.00002 0.00000 0.00000 0.00000 0.58097 
6 0.00001 0.00002 0.00009 0.00000 0.00000 0.99988 
4 0.00000 0.00000 0.00000 1.00000 
2 0.50000 0.50000 
1 1.00000 
1 1.00000 
3 0.00000 0.00000 1.00000 
1 1.00000 
2 0.00000 1.00000 
1 1.00000 
3 0.00000 0.00000 1.00000 
1 1.00000 
2 0.00000 1.00000 
1 1.00000 
2 0.00000 1.00000 
1 1.00000 
1 1.00000 
5 0.00000 0.00000 0.00000 0.00000 1.00000 
3 0.00000 0.00000 1.00000 
1 1.00000 
2 0.00000 1.00000 
1 1.00000 
2 0.50000 0.50000 
1 1.00000 
1 1.00000 
4 0.00000 0.00000 0.00000 1.00000 
2 0.00000 1.00000 
1 1.00000 
1 1.00000 
3 0.00000 0.00000 1.00000 
1 1.00000 
2 0.00000 1.00000 
1 1.00000 
5 0.01981 0.00000 0.00000 0.00000 0.98019 
3 0.00000 0.00000 1.00000 
1 1.00000 
2 0.00000 1.00000 
1 1.00000 
2 0.50000 0.50000 
1 1.00000 
1 1.00000 
4 0.03302 0.03302 0.03302 0.90094 
2 0.00000 1.00000 
1 1.00000 
1 1.00000 
3 0.00000 0.00000 1.00000 
1 1.00000 
2 0.00000 1.00000 
1 1.00000 
4 0.00000 0.00000 0.00000 1.00000 
2 0.50000 0.50000 
1 1.00000 
1 1.00000 
3 0.00000 0.00000 1.00000 
1 1.00000 
2 0.00000 1.00000 
1 1.00000 
3 0.00000 0.00000 1.00000 
1 1.00000 
2 0.00000 1.00000 
1 1.00000 
2 0.50000 0.50000 
1 1.00000 
1 1.00000 
7 0.11212 0.24470 0.64318 0.00000 0.00000 0.00000 0.00000 
5 0.00014 0.00000 0.00000 0.00000 0.99986 
3 0.00000 0.00000 1.00000 
1 1.00000 
2 0.00000 1.00000 
1 1.00000 
2 0.50000 0.50000 
1 1.00000 
1 1.00000 
4 0.00134 0.00134 0.00134 0.99598 
2 0.00000 1.00000 
1 1.00000 
1 1.00000 
3 0.00000 0.00000 1.00000 
1 1.00000 
2 0.00000 1.00000 
1 1.00000 
4 0.00000 0.00000 0.00000 1.00000 
2 0.50000 0.50000 
1 1.00000 
1 1.00000 
3 0.00000 0.00000 1.00000 
1 1.00000 
2 0.00000 1.00000 
1 1.00000 
3 0.00000 0.00000 1.00000 
1 1.00000 
2 0.00000 1.00000 
1 1.00000 
2 0.50000 0.50000 
1 1.00000 
1 1.00000 
6 0.11358 0.00004 0.39955 0.00000 0.00000 0.48683 
4 0.00000 0.00000 0.00000 1.00000 
2 0.50000 0.50000 
1 1.00000 
1 1.00000 
3 0.00000 0.00000 1.00000 
1 1.00000 
2 0.00000 1.00000 
1 1.00000 
3 0.00000 0.00000 1.00000 
1 1.00000 
2 0.00000 1.00000 
1 1.00000 
2 0.00000 1.00000 
1 1.00000 
1 1.00000 
5 0.00000 0.00000 0.00000 0.00000 1.00000 
3 0.00000 0.00000 1.00000 
1 1.00000 
2 0.00000 1.00000 
1 1.00000 
2 0.50000 0.50000 
1 1.00000 
1 1.00000 
4 0.00000 0.00000 0.00000 0.99999 
2 0.00000 1.00000 
1 1.00000 
1 1.00000 
3 0.00000 0.00000 1.00000 
1 1.00000 
2 0.00000 1.00000 
1 1.00000 
9 0.00010 0.99977 0.00000 0.00000 0.00013 0.00000 0.00000 0.00000 0.00000 
7 0.00000 0.00000 1.00000 0.00000 0.00000 0.00000 0.00000 
5 0.20000 0.20000 0.20000 0.20000 0.20000 
3 0.33333 0.33333 0.33333 
1 1.00000 
2 0.50000 0.50000 
1 1.00000 
2 0.50000 0.50000 
1 1.00000 
1 1.00000 
4 0.25000 0.25000 0.25000 0.25000 
2 0.50000 0.50000 
1 1.00000 
1 1.00000 
3 0.33333 0.33333 0.33333 
1 1.00000 
2 0.50000 0.50000 
1 1.00000 
4 0.25000 0.25000 0.25000 0.25000 
2 0.50000 0.50000 
1 1.00000 
1 1.00000 
3 0.33333 0.33333 0.33333 
1 1.00000 
2 0.50000 0.50000 
1 1.00000 
3 0.05432 0.47284 0.47284 
1 1.00000 
2 0.50000 0.50000 
1 1.00000 
2 0.50000 0.50000 
1 1.00000 
1 1.00000 
6 0.00000 0.41045 0.00000 0.00000 0.00000 0.58955 
4 0.25000 0.25000 0.25000 0.25000 
2 0.50000 0.50000 
1 1.00000 
1 1.00000 
3 0.33333 0.33333 0.33333 
1 1.00000 
2 0.50000 0.50000 
1 1.00000 
3 0.03685 0.03685 0.92630 
1 1.00000 
2 0.05528 0.94472 
1 1.00000 
2 0.50000 0.50000 
1 1.00000 
1 1.00000 
5 0.41058 0.00000 0.00000 0.00000 0.58942 
3 0.05029 0.05029 0.89941 
1 1.00000 
2 0.07923 0.92077 
1 1.00000 
2 0.50000 0.50000 
1 1.00000 
1 1.00000 
4 0.02844 0.02844 0.91469 0.02844 
2 0.50000 0.50000 
1 1.00000 
1 1.00000 
3 0.03041 0.03041 0.93917 
1 1.00000 
2 0.50000 0.50000 
1 1.00000 
6 0.00000 0.33830 0.00000 0.00000 0.00000 0.66170 
4 0.25000 0.25000 0.25000 0.25000 
2 0.50000 0.50000 
1 1.00000 
1 1.00000 
3 0.33333 0.33333 0.33333 
1 1.00000 
2 0.50000 0.50000 
1 1.00000 
3 0.00005 0.00005 0.99989 
1 1.00000 
2 0.00009 0.99991 
1 1.00000 
2 0.50000 0.50000 
1 1.00000 
1 1.00000 
5 0.31877 0.00000 0.00000 0.00000 0.68123 
3 0.00000 0.00000 0.99999 
1 1.00000 
2 0.00001 0.99999 
1 1.00000 
2 0.50000 0.50000 
1 1.00000 
1 1.00000 
4 0.00000 0.00000 1.00000 0.00000 
2 0.50000 0.50000 
1 1.00000 
1 1.00000 
3 0.00000 0.00000 1.00000 
1 1.00000 
2 0.00000 1.00000 
1 1.00000 
5 0.20000 0.20000 0.20000 0.20000 0.20000 
3 0.33333 0.33333 0.33333 
1 1.00000 
2 0.50000 0.50000 
1 1.00000 
2 0.50000 0.50000 
1 1.00000 
1 1.00000 
4 0.25000 0.25000 0.25000 0.25000 
2 0.50000 0.50000 
1 1.00000 
1 1.00000 
3 0.33333 0.33333 0.33333 
1 1.00000 
2 0.50000 0.50000 
1 1.00000 
4 0.25000 0.25000 0.25000 0.25000 
2 0.50000 0.50000 
1 1.00000 
1 1.00000 
3 0.33333 0.33333 0.33333 
1 1.00000 
2 0.50000 0.50000 
1 1.00000 
3 0.09591 0.09591 0.80818 
1 1.00000 
2 0.14387 0.85613 
1 1.00000 
2 0.50000 0.50000 
1 1.00000 
1 1.00000 
8 0.99982 0.00000 0.00000 0.00013 0.00000 0.00000 0.00000 0.00005 
6 0.00000 0.35954 0.00000 0.00000 0.00000 0.64046 
4 0.25000 0.25000 0.25000 0.25000 
2 0.50000 0.50000 
1 1.00000 
1 1.00000 
3 0.33333 0.33333 0.33333 
1 1.00000 
2 0.50000 0.50000 
1 1.00000 
3 0.00001 0.00001 0.99998 
1 1.00000 
2 0.00001 0.99999 
1 1.00000 
2 0.50000 0.50000 
1 1.00000 
1 1.00000 
5 0.22571 0.00000 0.00000 0.00000 0.77429 
3 0.00001 0.00001 0.99998 
1 1.00000 
2 0.00001 0.99999 
1 1.00000 
2 0.50000 0.50000 
1 1.00000 
1 1.00000 
4 0.00000 0.00000 0.99999 0.00000 
2 0.50000 0.50000 
1 1.00000 
1 1.00000 
3 0.00000 0.00000 1.00000 
1 1.00000 
2 0.00000 1.00000 
1 1.00000 
5 0.20000 0.20000 0.20000 0.20000 0.20000 
3 0.33333 0.33333 0.33333 
1 1.00000 
2 0.50000 0.50000 
1 1.00000 
2 0.50000 0.50000 
1 1.00000 
1 1.00000 
4 0.25000 0.25000 0.25000 0.25000 
2 0.50000 0.50000 
1 1.00000 
1 1.00000 
3 0.33333 0.33333 0.33333 
1 1.00000 
2 0.50000 0.50000 
1 1.00000 
4 0.25000 0.25000 0.25000 0.25000 
2 0.50000 0.50000 
1 1.00000 
1 1.00000 
3 0.33333 0.33333 0.33333 
1 1.00000 
2 0.50000 0.50000 
1 1.00000 
3 0.04751 0.04751 0.90498 
1 1.00000 
2 0.07126 0.92874 
1 1.00000 
2 0.50000 0.50000 
1 1.00000 
1 1.00000 
7 0.00000 0.00000 0.99933 0.00000 0.00000 0.00067 0.00000 
5 0.20000 0.20000 0.20000 0.20000 0.20000 
3 0.33333 0.33333 0.33333 
1 1.00000 
2 0.50000 0.50000 
1 1.00000 
2 0.50000 0.50000 
1 1.00000 
1 1.00000 
4 0.25000 0.25000 0.25000 0.25000 
2 0.50000 0.50000 
1 1.00000 
1 1.00000 
3 0.33333 0.33333 0.33333 
1 1.00000 
2 0.50000 0.50000 
1 1.00000 
4 0.25000 0.25000 0.25000 0.25000 
2 0.50000 0.50000 
1 1.00000 
1 1.00000 
3 0.33333 0.33333 0.33333 
1 1.00000 
2 0.50000 0.50000 
1 1.00000 
3 0.00002 0.49999 0.49999 
1 1.00000 
2 0.50000 0.50000 
1 1.00000 
2 0.50000 0.50000 
1 1.00000 
1 1.00000 
6 0.00000 0.00010 0.00000 0.00000 0.00000 0.99990 
4 0.25000 0.25000 0.25000 0.25000 
2 0.50000 0.50000 
1 1.00000 
1 1.00000 
3 0.33333 0.33333 0.33333 
1 1.00000 
2 0.50000 0.50000 
1 1.00000 
3 0.31818 0.31818 0.36364 
1 1.00000 
2 0.50000 0.50000 
1 1.00000 
2 0.50000 0.50000 
1 1.00000 
1 1.00000 
5 0.50000 0.00000 0.00000 0.00000 0.50000 
3 0.33333 0.33333 0.33333 
1 1.00000 
2 0.50000 0.50000 
1 1.00000 
2 0.50000 0.50000 
1 1.00000 
1 1.00000 
4 0.00000 0.00000 0.99999 0.00000 
2 0.50000 0.50000 
1 1.00000 
1 1.00000 
3 0.33333 0.33333 0.33333 
1 1.00000 
2 0.50000 0.50000 
1 1.00000 
9 0.00078 0.00065 0.98872 0.00986 0.00000 0.00000 0.00000 0.00000 0.00000 
8 0.32981 0.62075 0.01344 0.00825 0.01234 0.00011 0.00000 0.01528 
6 0.00302 0.00247 0.98127 0.00073 0.00000 0.01251 
4 0.00000 0.00000 0.00000 1.00000 
2 0.50000 0.50000 
1 1.00000 
1 1.00000 
3 0.00000 0.00000 1.00000 
1 1.00000 
2 0.00000 1.00000 
1 1.00000 
3 0.00000 0.00000 1.00000 
1 1.00000 
2 0.00000 1.00000 
1 1.00000 
2 0.00000 1.00000 
1 1.00000 
1 1.00000 
5 0.00000 0.00000 0.00000 0.00000 1.00000 
3 0.00000 0.00000 1.00000 
1 1.00000 
2 0.00000 1.00000 
1 1.00000 
2 0.50000 0.50000 
1 1.00000 
1 1.00000 
4 0.00151 0.00025 0.00000 0.99824 
2 0.00000 1.00000 
1 1.00000 
1 1.00000 
3 0.00000 0.00000 1.00000 
1 1.00000 
2 0.00000 1.00000 
1 1.00000 
5 0.00456 0.00304 0.00000 0.00000 0.99240 
3 0.00000 0.00000 1.00000 
1 1.00000 
2 0.00000 1.00000 
1 1.00000 
2 0.00000 1.00000 
1 1.00000 
1 1.00000 
4 0.00864 0.00126 0.00000 0.99010 
2 0.00000 1.00000 
1 1.00000 
1 1.00000 
3 0.00536 0.00000 0.99464 
1 1.00000 
2 0.00000 1.00000 
1 1.00000 
4 0.00000 0.00000 0.00000 1.00000 
2 0.50000 0.50000 
1 1.00000 
1 1.00000 
3 0.00000 0.00000 1.00000 
1 1.00000 
2 0.00000 1.00000 
1 1.00000 
3 0.00000 0.00000 1.00000 
1 1.00000 
2 0.00000 1.00000 
1 1.00000 
2 0.00000 1.00000 
1 1.00000 
1 1.00000 
7 0.86565 0.00203 0.00118 0.00101 0.00051 0.00000 0.12961 
5 0.00006 0.00000 0.00000 0.00000 0.99994 
3 0.00000 0.00000 1.00000 
1 1.00000 
2 0.00000 1.00000 
1 1.00000 
2 0.50000 0.50000 
1 1.00000 
1 1.00000 
4 0.00000 0.00000 0.00000 1.00000 
2 0.50000 0.50000 
1 1.00000 
1 1.00000 
3 0.02605 0.00000 0.97395 
1 1.00000 
2 0.00000 1.00000 
1 1.00000 
4 0.00000 0.00000 0.00000 1.00000 
2 0.50000 0.50000 
1 1.00000 
1 1.00000 
3 0.00000 0.00000 1.00000 
1 1.00000 
2 0.00000 1.00000 
1 1.00000 
3 0.00000 0.00000 1.00000 
1 1.00000 
2 0.00000 1.00000 
1 1.00000 
2 0.00000 1.00000 
1 1.00000 
1 1.00000 
6 0.00590 0.00915 0.93544 0.00319 0.00000 0.04632 
4 0.00000 0.00000 0.00000 1.00000 
2 0.50000 0.50000 
1 1.00000 
1 1.00000 
3 0.77458 0.00000 0.22542 
1 1.00000 
2 0.00000 1.00000 
1 1.00000 
3 0.00000 0.00000 1.00000 
1 1.00000 
2 0.00000 1.00000 
1 1.00000 
2 0.00000 1.00000 
1 1.00000 
1 1.00000 
5 0.00000 0.00590 0.00000 0.00000 0.99410 
3 0.00000 0.00000 1.00000 
1 1.00000 
2 0.00000 1.00000 
1 1.00000 
2 0.00000 1.00000 
1 1.00000 
1 1.00000 
4 0.00000 0.00000 0.00000 1.00000 
2 0.50000 0.50000 
1 1.00000 
1 1.00000 
3 0.00000 0.00000 1.00000 
1 1.00000 
2 0.00000 1.00000 
1 1.00000 
7 0.41012 0.01095 0.08457 0.00181 0.00091 0.00000 0.49164 
5 0.00016 0.00000 0.00000 0.00000 0.99984 
3 0.00000 0.00000 1.00000 
1 1.00000 
2 0.00000 1.00000 
1 1.00000 
2 0.50000 0.50000 
1 1.00000 
1 1.00000 
4 0.00000 0.00000 0.00000 1.00000 
2 0.50000 0.50000 
1 1.00000 
1 1.00000 
3 0.01264 0.00000 0.98736 
1 1.00000 
2 0.00000 1.00000 
1 1.00000 
4 0.00000 0.00000 0.00000 1.00000 
2 0.50000 0.50000 
1 1.00000 
1 1.00000 
3 0.00000 0.00000 1.00000 
1 1.00000 
2 0.00000 1.00000 
1 1.00000 
3 0.90748 0.00000 0.09252 
1 1.00000 
2 0.00000 1.00000 
1 1.00000 
2 0.00000 1.00000 
1 1.00000 
1 1.00000 
6 0.00067 0.00549 0.97553 0.00011 0.00000 0.01820 
4 0.00000 0.00000 0.00000 1.00000 
2 0.50000 0.50000 
1 1.00000 
1 1.00000 
3 0.07996 0.00000 0.92004 
1 1.00000 
2 0.00000 1.00000 
1 1.00000 
3 0.00000 0.00000 1.00000 
1 1.00000 
2 0.00000 1.00000 
1 1.00000 
2 0.00000 1.00000 
1 1.00000 
1 1.00000 
5 0.00000 0.00000 0.00000 0.00000 1.00000 
3 0.00000 0.00000 1.00000 
1 1.00000 
2 0.00000 1.00000 
1 1.00000 
2 0.50000 0.50000 
1 1.00000 
1 1.00000 
4 0.00000 0.00000 0.00000 1.00000 
2 0.50000 0.50000 
1 1.00000 
1 1.00000 
3 0.00000 0.00000 1.00000 
1 1.00000 
2 0.00000 1.00000 
1 1.00000 
6 0.00000 0.00002 0.99998 0.00000 0.00000 0.00001 
4 0.25000 0.25000 0.25000 0.25000 
2 0.50000 0.50000 
1 1.00000 
1 1.00000 
3 0.33333 0.33333 0.33333 
1 1.00000 
2 0.50000 0.50000 
1 1.00000 
3 0.00000 0.00000 1.00000 
1 1.00000 
2 0.00000 1.00000 
1 1.00000 
2 0.00000 1.00000 
1 1.00000 
1 1.00000 
5 0.00000 0.00000 0.00000 0.00000 1.00000 
3 0.00000 0.00000 1.00000 
1 1.00000 
2 0.00000 1.00000 
1 1.00000 
2 0.00000 1.00000 
1 1.00000 
1 1.00000 
4 0.00000 0.00000 0.00000 1.00000 
2 0.50000 0.50000 
1 1.00000 
1 1.00000 
3 0.00076 0.00000 0.99924 
1 1.00000 
2 0.00000 1.00000 
1 1.00000 
5 0.00000 0.00102 0.00000 0.00000 0.99898 
3 0.00000 0.00000 1.00000 
1 1.00000 
2 0.00000 1.00000 
1 1.00000 
2 0.00000 1.00000 
1 1.00000 
1 1.00000 
4 0.00042 0.00000 0.00000 0.99958 
2 0.00000 1.00000 
1 1.00000 
1 1.00000 
3 0.00147 0.00000 0.99853 
1 1.00000 
2 0.00000 1.00000 
1 1.00000 
4 0.00000 0.00000 0.00000 1.00000 
2 0.50000 0.50000 
1 1.00000 
1 1.00000 
3 0.00000 0.00000 1.00000 
1 1.00000 
2 0.00000 1.00000 
1 1.00000 
3 0.00000 0.00000 1.00000 
1 1.00000 
2 0.00000 1.00000 
1 1.00000 
2 0.00000 1.00000 
1 1.00000 
1 1.00000 
9 0.00070 0.00064 0.99842 0.00000 0.00000 0.00023 0.00000 0.00000 0.00000 
8 0.67714 0.02538 0.01069 0.09881 0.00005 0.00005 0.00000 0.18787 
6 0.00451 0.39581 0.03443 0.00118 0.00000 0.56407 
4 0.04604 0.03453 0.00000 0.91942 
2 0.00000 1.00000 
1 1.00000 
1 1.00000 
3 0.00000 0.00000 1.00000 
1 1.00000 
2 0.00000 1.00000 
1 1.00000 
3 0.00000 0.00000 1.00000 
1 1.00000 
2 0.00000 1.00000 
1 1.00000 
2 0.00000 1.00000 
1 1.00000 
1 1.00000 
5 0.00025 0.00179 0.00072 0.00000 0.99724 
3 0.00000 0.00000 1.00000 
1 1.00000 
2 0.00000 1.00000 
1 1.00000 
2 0.00000 1.00000 
1 1.00000 
1 1.00000 
4 0.01522 0.00747 0.65425 0.32307 
2 0.00000 1.00000 
1 1.00000 
1 1.00000 
3 0.00000 0.00000 1.00000 
1 1.00000 
2 0.00000 1.00000 
1 1.00000 
5 0.08875 0.00079 0.00079 0.00000 0.90967 
3 0.00000 0.00000 1.00000 
1 1.00000 
2 0.00000 1.00000 
1 1.00000 
2 0.00000 1.00000 
1 1.00000 
1 1.00000 
4 0.00000 0.00000 0.00000 1.00000 
2 0.00000 1.00000 
1 1.00000 
1 1.00000 
3 0.00000 0.00000 1.00000 
1 1.00000 
2 0.00000 1.00000 
1 1.00000 
4 0.00000 0.00000 0.00000 1.00000 
2 0.00000 1.00000 
1 1.00000 
1 1.00000 
3 0.00000 0.00000 1.00000 
1 1.00000 
2 0.00000 1.00000 
1 1.00000 
3 0.00000 0.00000 1.00000 
1 1.00000 
2 0.00000 1.00000 
1 1.00000 
2 0.00000 1.00000 
1 1.00000 
1 1.00000 
7 0.00005 0.00020 0.99960 0.00007 0.00007 0.00000 0.00000 
5 0.33333 0.33333 0.33333 0.00000 0.00000 
3 0.00000 0.00000 1.00000 
1 1.00000 
2 0.00000 1.00000 
1 1.00000 
2 0.00000 1.00000 
1 1.00000 
1 1.00000 
4 0.00000 0.00000 0.00000 1.00000 
2 0.00000 1.00000 
1 1.00000 
1 1.00000 
3 0.00000 0.00000 1.00000 
1 1.00000 
2 0.00000 1.00000 
1 1.00000 
4 0.00000 0.00000 0.00000 1.00000 
2 0.00000 1.00000 
1 1.00000 
1 1.00000 
3 0.00000 0.00000 1.00000 
1 1.00000 
2 0.00000 1.00000 
1 1.00000 
3 0.00000 0.00000 1.00000 
1 1.00000 
2 0.00000 1.00000 
1 1.00000 
2 0.00000 1.00000 
1 1.00000 
1 1.00000 
6 0.00012 0.00373 0.00000 0.00000 0.00000 0.99615 
4 0.00000 0.00000 0.00000 1.00000 
2 0.00000 1.00000 
1 1.00000 
1 1.00000 
3 0.00000 0.00000 1.00000 
1 1.00000 
2 0.00000 1.00000 
1 1.00000 
3 0.00000 0.00000 1.00000 
1 1.00000 
2 0.00000 1.00000 
1 1.00000 
2 0.00000 1.00000 
1 1.00000 
1 1.00000 
5 0.00038 0.01584 0.01582 0.00000 0.96796 
3 0.00000 0.00000 1.00000 
1 1.00000 
2 0.00000 1.00000 
1 1.00000 
2 0.00000 1.00000 
1 1.00000 
1 1.00000 
4 0.00000 0.00000 0.93169 0.06831 
2 0.00000 1.00000 
1 1.00000 
1 1.00000 
3 0.00000 0.00000 1.00000 
1 1.00000 
2 0.00000 1.00000 
1 1.00000 
7 0.00042 0.00158 0.99681 0.00059 0.00059 0.00000 0.00000 
5 0.33333 0.33333 0.33333 0.00000 0.00000 
3 0.00000 0.00000 1.00000 
1 1.00000 
2 0.00000 1.00000 
1 1.00000 
2 0.00000 1.00000 
1 1.00000 
1 1.00000 
4 0.00000 0.00000 0.00000 1.00000 
2 0.00000 1.00000 
1 1.00000 
1 1.00000 
3 0.00000 0.00000 1.00000 
1 1.00000 
2 0.00000 1.00000 
1 1.00000 
4 0.00000 0.00000 0.00000 1.00000 
2 0.00000 1.00000 
1 1.00000 
1 1.00000 
3 0.00000 0.00000 1.00000 
1 1.00000 
2 0.00000 1.00000 
1 1.00000 
3 0.00000 0.00000 1.00000 
1 1.00000 
2 0.00000 1.00000 
1 1.00000 
2 0.00000 1.00000 
1 1.00000 
1 1.00000 
6 0.00083 0.02285 0.02977 0.09177 0.00000 0.85478 
4 0.00000 0.00000 0.00000 1.00000 
2 0.00000 1.00000 
1 1.00000 
1 1.00000 
3 0.00000 0.00000 1.00000 
1 1.00000 
2 0.00000 1.00000 
1 1.00000 
3 0.00000 0.00000 1.00000 
1 1.00000 
2 0.00000 1.00000 
1 1.00000 
2 0.00000 1.00000 
1 1.00000 
1 1.00000 
5 0.00066 0.00066 0.00066 0.00000 0.99803 
3 0.00000 0.00000 1.00000 
1 1.00000 
2 0.00000 1.00000 
1 1.00000 
2 0.00000 1.00000 
1 1.00000 
1 1.00000 
4 0.00000 0.15040 0.84117 0.00842 
2 0.00000 1.00000 
1 1.00000 
1 1.00000 
3 0.00000 0.00000 1.00000 
1 1.00000 
2 0.00000 1.00000 
1 1.00000 
6 0.00000 0.00001 0.00000 0.00000 0.00000 0.99999 
4 0.00000 0.00000 0.00000 1.00000 
2 0.00000 1.00000 
1 1.00000 
1 1.00000 
3 0.00000 0.00000 1.00000 
1 1.00000 
2 0.00000 1.00000 
1 1.00000 
3 0.00000 0.00000 1.00000 
1 1.00000 
2 0.00000 1.00000 
1 1.00000 
2 0.00000 1.00000 
1 1.00000 
1 1.00000 
5 0.00001 0.00000 0.00000 0.00000 0.99999 
3 0.00000 0.00000 1.00000 
1 1.00000 
2 0.00000 1.00000 
1 1.00000 
2 0.00000 1.00000 
1 1.00000 
1 1.00000 
4 0.00001 0.00001 0.99991 0.00007 
2 0.00000 1.00000 
1 1.00000 
1 1.00000 
3 0.00000 0.00000 1.00000 
1 1.00000 
2 0.00000 1.00000 
1 1.00000 
5 0.31317 0.31317 0.31317 0.00000 0.06048 
3 0.00000 0.00000 1.00000 
1 1.00000 
2 0.00000 1.00000 
1 1.00000 
2 0.00000 1.00000 
1 1.00000 
1 1.00000 
4 0.00000 0.00000 0.00000 1.00000 
2 0.00000 1.00000 
1 1.00000 
1 1.00000 
3 0.00000 0.00000 1.00000 
1 1.00000 
2 0.00000 1.00000 
1 1.00000 
4 0.09777 0.09777 0.09777 0.70670 
2 0.50000 0.50000 
1 1.00000 
1 1.00000 
3 0.13035 0.13035 0.73929 
1 1.00000 
2 0.00000 1.00000 
1 1.00000 
3 0.00000 0.00000 1.00000 
1 1.00000 
2 0.00000 1.00000 
1 1.00000 
2 0.00000 1.00000 
1 1.00000 
1 1.00000 
