0 0 0.967762 
1 0 0.829691 
2 1.16856 0.816069 
3 0.970171 0.819436 
4 0.806225 0.812235 
5 1.0665 0.686948 
6 1.04198 0.588812 
7 1.28598 0.575496 
8 1.15941 0.555946 
9 1.3701 0.551755 
10 1.24893 0.516363 
11 1.15797 0.474393 
12 1.19505 0.437985 
13 1.10969 0.420685 
14 1.23966 0.392639 
15 1.20196 0.375368 
16 1.13126 0.354379 
17 1.10728 0.338718 
18 1.05663 0.327211 
19 1.04428 0.336976 
20 1.00104 0.328994 
21 0.96626 0.324358 
22 0.927668 0.314568 
23 0.908379 0.309848 
24 0.883594 0.31259 
25 0.883375 0.300332 
26 0.844097 0.293379 
27 0.811297 0.286144 
28 0.809074 0.27734 
29 0.775633 0.308168 
30 0.743838 0.299199 
31 0.739023 0.291987 
32 0.723487 0.282091 
33 0.707861 0.276064 
34 0.686141 0.268633 
35 0.725128 0.263743 
36 0.700736 0.258701 
37 0.684854 0.253761 
38 0.692612 0.251965 
39 0.678242 0.247179 
40 0.690281 0.244893 
41 0.703644 0.240381 
42 0.68707 0.235562 
43 0.676458 0.24439 
44 0.693694 0.24 
45 0.685404 0.236257 
46 0.673938 0.231573 
47 0.66061 0.233696 
48 0.649673 0.228518 
49 0.632794 0.233333 
50 0.623549 0.229649 
51 0.627479 0.233373 
52 0.625604 0.232996 
53 0.614412 0.227328 
54 0.602137 0.227939 
55 0.592124 0.22558 
56 0.57977 0.226202 
57 0.582986 0.221723 
58 0.577375 0.217965 
59 0.569593 0.213683 
60 0.563966 0.211746 
61 0.557881 0.213963 
62 0.551187 0.211797 
63 0.545657 0.209684 
64 0.543053 0.207238 
65 0.536299 0.204585 
66 0.528381 0.202006 
67 0.520867 0.199299 
68 0.515493 0.194517 
69 0.511668 0.193031 
70 0.512237 0.191308 
71 0.506258 0.189427 
72 0.502786 0.190173 
73 0.496902 0.189888 
74 0.495618 0.188 
75 0.493448 0.1863 
76 0.492049 0.183881 
77 0.49549 0.182328 
78 0.491901 0.18002 
79 0.511959 0.17777 
80 0.506764 0.175772 
81 0.506644 0.180481 
82 0.506965 0.180611 
83 0.502647 0.17782 
84 0.499947 0.175732 
85 0.498356 0.173598 
86 0.494754 0.172291 
87 0.492064 0.17006 
88 0.487406 0.167996 
89 0.483291 0.165739 
90 0.479218 0.164059 
91 0.478026 0.161965 
92 0.477106 0.159564 
93 0.47278 0.157599 
94 0.468134 0.15658 
95 0.463206 0.156932 
96 0.45814 0.155314 
97 0.45484 0.154963 
98 0.454911 0.154847 
99 0.45092 0.153918 
100 0.447939 0.153725 
101 0.443977 0.152218 
102 0.444597 0.15074 
103 0.440859 0.149291 
104 0.43605 0.147869 
105 0.437475 0.146474 
106 0.43889 0.144503 
107 0.440425 0.143165 
108 0.436293 0.142184 
109 0.431985 0.140888 
110 0.430735 0.141736 
111 0.426253 0.141031 
112 0.423736 0.139904 
113 0.421 0.138677 
114 0.416701 0.137413 
115 0.412401 0.135867 
116 0.415142 0.134204 
117 0.413353 0.134728 
118 0.410392 0.133459 
119 0.408459 0.132811 
120 0.404972 0.131247 
121 0.400947 0.130129 
122 0.40356 0.130744 
123 0.40389 0.12973 
124 0.401567 0.129336 
125 0.400046 0.128756 
126 0.396 0.128594 
127 0.391799 0.129157 
128 0.391246 0.12725 
129 0.387952 0.126564 
130 0.386513 0.125179 
131 0.385772 0.12371 
132 0.383091 0.122077 
133 0.381134 0.12263 
134 0.380212 0.121243 
135 0.37942 0.122191 
136 0.377821 0.122708 
137 0.373922 0.121822 
138 0.370979 0.124151 
139 0.37055 0.122753 
140 0.374449 0.122378 
141 0.371135 0.12228 
142 0.367935 0.121691 
143 0.363463 0.121617 
144 0.363132 0.119825 
145 0.361612 0.119004 
146 0.362568 0.121834 
147 0.359686 0.120505 
148 0.359775 0.119124 
149 0.357584 0.118133 
150 0.355568 0.116727 
151 0.355168 0.120195 
152 0.352585 0.119451 
153 0.349736 0.118739 
154 0.347635 0.118059 
155 0.346656 0.118576 
156 0.342424 0.119812 
157 0.342054 0.119054 
158 0.341537 0.118305 
159 0.344942 0.116947 
160 0.342643 0.116221 
161 0.339415 0.115503 
162 0.338461 0.116408 
163 0.337041 0.116233 
164 0.333606 0.115529 
165 0.334193 0.116053 
166 0.334168 0.115962 
167 0.335341 0.115798 
168 0.333403 0.115455 
169 0.333327 0.114931 
170 0.33125 0.114259 
171 0.32759 0.113595 
172 0.325776 0.112938 
173 0.324456 0.112323 
174 0.322602 0.111395 
175 0.322314 0.11093 
176 0.321217 0.110303 
177 0.320584 0.109641 
178 0.31951 0.109029 
179 0.317735 0.108378 
180 0.31579 0.107347 
181 0.313574 0.106757 
182 0.310582 0.106174 
183 0.311641 0.105751 
184 0.311253 0.105179 
185 0.308972 0.104614 
186 0.305722 0.103534 
187 0.30206 0.104776 
188 0.300051 0.103679 
189 0.296472 0.103134 
190 0.292368 0.102594 
191 0.292599 0.102059 
192 0.290178 0.102803 
193 0.286699 0.102816 
194 0.287649 0.102289 
195 0.286181 0.101744 
196 0.286935 0.101228 
197 0.287016 0.100857 
198 0.284057 0.100373 
199 0.281954 0.0996877 
200 0.281932 0.0991917 
201 0.281752 0.099377 
202 0.278841 0.0988874 
203 0.278626 0.0984724 
204 0.277113 0.0979921 
205 0.276694 0.0975164 
206 0.276021 0.0974657 
207 0.274551 0.0969971 
208 0.273238 0.096533 
209 0.271146 0.0962814 
210 0.269207 0.0960468 
211 0.270436 0.0955937 
212 0.272457 0.0951923 
213 0.274067 0.094784 
214 0.274381 0.0943432 
215 0.272075 0.0939064 
216 0.272905 0.0935997 
217 0.272394 0.0931703 
218 0.273085 0.0927075 
219 0.272636 0.0922861 
220 0.274155 0.0917876 
221 0.2729 0.0913741 
222 0.272452 0.0909644 
223 0.271637 0.0905583 
224 0.270749 0.0901558 
225 0.270677 0.0897569 
226 0.270621 0.0893615 
227 0.270373 0.0889695 
228 0.267785 0.088581 
229 0.270392 0.0874928 
230 0.270302 0.0873662 
231 0.2697 0.0869896 
232 0.268703 0.0866162 
233 0.268526 0.0871755 
234 0.267383 0.0868045 
235 0.264703 0.0864367 
236 0.264769 0.0861272 
237 0.2634 0.0857863 
238 0.264215 0.0854273 
239 0.263609 0.0851541 
240 0.26332 0.0851176 
241 0.262598 0.0847658 
242 0.261849 0.084417 
243 0.260337 0.084071 
244 0.258519 0.0837279 
245 0.257863 0.0833875 
246 0.257517 0.0830499 
247 0.256729 0.0827151 
248 0.254968 0.0823829 
249 0.255561 0.0820533 
250 0.25438 0.0817264 
251 0.253914 0.0812691 
252 0.253451 0.0805122 
253 0.252615 0.0795068 
254 0.251457 0.079195 
255 0.252374 0.0788857 
256 0.251881 0.0785787 
257 0.252721 0.0782742 
258 0.250051 0.077972 
259 0.248364 0.0776721 
260 0.24707 0.0773745 
261 0.246127 0.0770791 
262 0.245192 0.0767861 
263 0.245956 0.0765488 
264 0.244429 0.0762029 
265 0.24351 0.0767273 
266 0.245486 0.0764399 
267 0.244333 0.0761547 
268 0.243475 0.0758716 
269 0.242196 0.0762358 
270 0.240135 0.0759545 
271 0.23809 0.0756671 
272 0.237279 0.0759158 
273 0.237207 0.0758749 
274 0.237742 0.075599 
275 0.237403 0.0753251 
276 0.236193 0.0759033 
277 0.234913 0.0756303 
278 0.234523 0.0753592 
279 0.232891 0.07509 
280 0.233305 0.0748228 
281 0.232988 0.0745575 
282 0.232303 0.074272 
283 0.233251 0.0740104 
284 0.232694 0.0741896 
285 0.233042 0.0741468 
286 0.23223 0.0738884 
287 0.232909 0.0735863 
288 0.232559 0.0732772 
289 0.233712 0.0730245 
290 0.233796 0.0727735 
291 0.232885 0.0725243 
292 0.231301 0.0722768 
293 0.230515 0.072031 
294 0.229733 0.0717868 
295 0.230182 0.0715443 
296 0.229327 0.0712338 
297 0.230872 0.0708841 
298 0.231075 0.0707183 
299 0.22932 0.0704816 
300 0.230878 0.0703775 
301 0.230546 0.0701445 
302 0.231779 0.069913 
303 0.232692 0.0697697 
304 0.231231 0.0695412 
305 0.229535 0.0693142 
306 0.228787 0.0692216 
307 0.227906 0.0689968 
308 0.225881 0.0687735 
309 0.225153 0.0685517 
310 0.223265 0.0683313 
311 0.22255 0.0684179 
312 0.224298 0.0681621 
313 0.224252 0.0681554 
314 0.223884 0.0679391 
315 0.225245 0.0677241 
316 0.224543 0.0674516 
317 0.225646 0.0672395 
318 0.224938 0.0670287 
319 0.225919 0.0668192 
320 0.224869 0.0666544 
321 0.224171 0.0665162 
322 0.222273 0.0663102 
323 0.220644 0.0661056 
324 0.221469 0.0658917 
325 0.221744 0.0656896 
326 0.221066 0.0654887 
327 0.220392 0.065289 
328 0.219722 0.0651155 
329 0.221826 0.0649182 
330 0.221156 0.0647221 
331 0.219656 0.0645272 
332 0.219548 0.0643334 
333 0.218271 0.0641408 
334 0.217813 0.0639493 
335 0.217348 0.063759 
336 0.215562 0.0635698 
337 0.213711 0.0634704 
338 0.2159 0.0632832 
339 0.215639 0.063097 
340 0.215678 0.062912 
341 0.215528 0.0627281 
342 0.215457 0.0625452 
343 0.215262 0.0623634 
344 0.214474 0.0621826 
345 0.213854 0.0619974 
346 0.21305 0.0618209 
347 0.21224 0.0616433 
348 0.212926 0.0614667 
349 0.212605 0.0612911 
350 0.212114 0.0610704 
351 0.211617 0.0608969 
352 0.211018 0.0607244 
353 0.210247 0.0605177 
354 0.211013 0.0603472 
355 0.209828 0.0601777 
356 0.208652 0.0600092 
357 0.2078 0.0598415 
358 0.208313 0.0596748 
359 0.208936 0.0598039 
360 0.207865 0.0596382 
361 0.207108 0.0594735 
362 0.206726 0.0592759 
363 0.206333 0.0590925 
364 0.205918 0.0589306 
365 0.205103 0.0587696 
366 0.205296 0.0586094 
367 0.204002 0.0584502 
368 0.205878 0.0585273 
369 0.203294 0.0583691 
370 0.202468 0.0582118 
371 0.201924 0.0580553 
372 0.201081 0.0578997 
373 0.200219 0.0577449 
374 0.199685 0.0575909 
375 0.198424 0.057305 
376 0.197284 0.0571895 
377 0.196762 0.0573198 
378 0.195705 0.0571685 
379 0.195527 0.0570681 
380 0.195014 0.0569183 
381 0.196279 0.0567693 
382 0.197395 0.0566211 
383 0.197319 0.0564736 
384 0.197745 0.0564351 
385 0.195948 0.0562889 
386 0.19611 0.0561434 
387 0.19627 0.0555234 
388 0.195765 0.0553313 
389 0.19538 0.0554847 
390 0.193173 0.0553428 
391 0.192604 0.0552016 
392 0.192114 0.0550611 
393 0.19146 0.055211 
394 0.192023 0.0550712 
395 0.19149 0.0549321 
396 0.190911 0.0547938 
397 0.192778 0.0546561 
398 0.19039 0.0545191 
399 0.191395 0.0538958 
400 0.19077 0.0537614 
401 0.190296 0.0536276 
402 0.189672 0.0534945 
403 0.189748 0.0549622 
404 0.189123 0.0548265 
405 0.189716 0.0546915 
406 0.190234 0.0545571 
407 0.191554 0.0544234 
408 0.190818 0.0542903 
409 0.191301 0.05378 
410 0.190836 0.0536491 
411 0.192446 0.0531584 
412 0.191856 0.0544702 
413 0.19126 0.0543386 
414 0.190936 0.053909 
415 0.189302 0.0533857 
416 0.18971 0.0526492 
417 0.188761 0.0525233 
418 0.189728 0.0523979 
419 0.19021 0.0514188 
420 0.190054 0.0527663 
421 0.188946 0.0526412 
422 0.188455 0.0525168 
423 0.188632 0.0535766 
424 0.18826 0.0534505 
425 0.186551 0.0526325 
426 0.186478 0.0525092 
427 0.184501 0.0523865 
428 0.185793 0.0532433 
429 0.185394 0.0531195 
430 0.186153 0.053559 
431 0.185998 0.0534351 
432 0.186025 0.0540536 
433 0.18573 0.0539291 
434 0.185403 0.0539888 
435 0.184978 0.053865 
436 0.184926 0.0543722 
437 0.185143 0.0546473 
438 0.185524 0.0545228 
439 0.185102 0.0543989 
440 0.184746 0.0542756 
441 0.184328 0.0541528 
442 0.183937 0.0540305 
443 0.183506 0.0539088 
444 0.18284 0.053945 
445 0.183193 0.0538241 
446 0.182783 0.0537037 
447 0.182313 0.0535838 
448 0.182531 0.0534644 
449 0.182125 0.0533456 
450 0.181203 0.0532274 
451 0.180802 0.0531096 
452 0.179957 0.0529924 
453 0.179561 0.0528756 
454 0.179697 0.0527594 
455 0.179222 0.0526437 
456 0.178743 0.0525285 
457 0.177141 0.0524138 
458 0.176664 0.0522996 
459 0.174763 0.0521859 
460 0.174288 0.0520727 
461 0.174018 0.05196 
462 0.173542 0.0518478 
463 0.173063 0.0517361 
464 0.172691 0.0516248 
465 0.170783 0.051514 
466 0.172575 0.0514037 
467 0.172098 0.0512939 
468 0.171731 0.0511845 
469 0.171366 0.0510756 
470 0.17089 0.0509672 
471 0.170411 0.0508592 
472 0.169931 0.0507517 
473 0.168741 0.0506446 
474 0.16839 0.050538 
475 0.167912 0.0504318 
476 0.16756 0.0503261 
477 0.167823 0.0502208 
478 0.167345 0.0501159 
479 0.166866 0.0500115 
480 0.166385 0.0499076 
481 0.165901 0.049804 
482 0.166044 0.0497009 
483 0.166568 0.0495982 
484 0.166944 0.0494959 
485 0.166601 0.0493941 
486 0.166819 0.0492927 
487 0.166416 0.0491917 
488 0.16642 0.0490911 
489 0.166014 0.0489909 
490 0.165604 0.0488911 
491 0.165267 0.0487917 
492 0.166252 0.0486928 
493 0.165839 0.0485942 
494 0.165676 0.048496 
495 0.165261 0.0483983 
496 0.165453 0.0483009 
497 0.165487 0.0482039 
498 0.1651 0.0481073 
499 0.164769 0.0480111 
500 0.16438 0.0479152 
501 0.164052 0.0478198 
502 0.165286 0.0477247 
503 0.166465 0.04763 
504 0.166985 0.0475357 
505 0.167057 0.0474418 
506 0.166696 0.0473482 
507 0.16589 0.047255 
508 0.166357 0.0471622 
509 0.16603 0.0470697 
510 0.166078 0.0469593 
511 0.165754 0.0468676 
512 0.165431 0.0467762 
513 0.165066 0.0466852 
514 0.165428 0.0465946 
515 0.165219 0.0465043 
516 0.165712 0.0464143 
517 0.165341 0.0463247 
518 0.165448 0.0462355 
519 0.16513 0.0461465 
520 0.164754 0.046058 
521 0.164436 0.0459697 
522 0.164057 0.0458818 
523 0.164083 0.0457602 
524 0.16471 0.0456731 
525 0.164715 0.0455862 
526 0.165113 0.0454997 
527 0.164715 0.0454136 
528 0.164403 0.0453277 
529 0.163998 0.0452422 
530 0.164145 0.045157 
531 0.163836 0.0450721 
532 0.163529 0.0449876 
533 0.16316 0.0449033 
534 0.163179 0.0448194 
535 0.163312 0.0447358 
536 0.163008 0.0446524 
537 0.16268 0.0445695 
538 0.162378 0.0444868 
539 0.162071 0.0444044 
540 0.161771 0.0443223 
541 0.161435 0.0442405 
542 0.161267 0.0441591 
543 0.16097 0.0440779 
544 0.160675 0.043997 
545 0.160381 0.0439164 
546 0.160084 0.0438361 
547 0.160011 0.0437561 
548 0.160386 0.0436764 
549 0.160094 0.043597 
550 0.159804 0.0435179 
551 0.159434 0.0434391 
552 0.159146 0.0433605 
553 0.158849 0.0432822 
554 0.15854 0.0432043 
555 0.158109 0.0431266 
556 0.157964 0.0430491 
557 0.157681 0.042972 
558 0.157399 0.0428951 
559 0.156946 0.0428185 
560 0.156666 0.0427422 
561 0.156546 0.0426661 
562 0.156268 0.0425903 
563 0.155991 0.0425148 
564 0.155715 0.0424396 
565 0.15544 0.0423646 
566 0.155166 0.0422899 
567 0.154747 0.0422154 
568 0.154475 0.0421412 
569 0.154204 0.0420673 
570 0.153621 0.0419936 
571 0.153352 0.0419202 
572 0.153718 0.0418471 
573 0.153451 0.0417742 
574 0.153184 0.0417015 
575 0.152918 0.0416291 
576 0.152653 0.041557 
577 0.152147 0.0414851 
578 0.151885 0.0414134 
579 0.151623 0.041342 
580 0.151362 0.0412709 
581 0.150666 0.0411999 
582 0.150877 0.0411293 
583 0.150619 0.0410588 
584 0.150361 0.0409887 
585 0.150104 0.0409187 
586 0.150016 0.040849 
587 0.149761 0.0407817 
588 0.149507 0.0407124 
589 0.149253 0.0406434 
590 0.149001 0.0405746 
591 0.148698 0.0405061 
592 0.148447 0.0404378 
593 0.148005 0.0403697 
594 0.147756 0.0401639 
595 0.146978 0.0400965 
596 0.146732 0.0400293 
597 0.146486 0.0399624 
598 0.146242 0.0398957 
599 0.145696 0.0398292 
600 0.145453 0.0397629 
601 0.145051 0.0396969 
602 0.144811 0.039631 
603 0.144571 0.0395654 
604 0.143719 0.0395 
605 0.143192 0.0394348 
606 0.142956 0.0392256 
607 0.142027 0.0391611 
608 0.142721 0.0390968 
609 0.142487 0.0390591 
610 0.142254 0.0389952 
611 0.142016 0.0389315 
612 0.142495 0.0389982 
613 0.14216 0.0388738 
614 0.141718 0.0389987 
615 0.141224 0.0389354 
616 0.140995 0.0388723 
617 0.140741 0.0389453 
618 0.140294 0.0388824 
619 0.139751 0.0389879 
620 0.139619 0.0391173 
621 0.139277 0.0390561 
622 0.139861 0.0389934 
623 0.1394 0.0389309 
624 0.139217 0.0388686 
625 0.138788 0.0387284 
626 0.138618 0.038904 
627 0.137822 0.039013 
628 0.137642 0.0390406 
629 0.136845 0.0390863 
630 0.137238 0.0390244 
631 0.136774 0.0387696 
632 0.137055 0.0387083 
633 0.136317 0.0386808 
634 0.136821 0.0383527 
635 0.136537 0.0382924 
636 0.136356 0.0382323 
637 0.136111 0.0381724 
638 0.135823 0.0381205 
639 0.136182 0.038061 
640 0.136727 0.0380016 
641 0.136654 0.0379424 
642 0.136282 0.0378918 
643 0.136079 0.0374766 
644 0.135904 0.0374185 
645 0.136088 0.0373605 
646 0.135814 0.0373028 
647 0.135213 0.0372452 
648 0.135408 0.0374648 
649 0.135301 0.0374071 
650 0.135294 0.0373497 
651 0.135776 0.0372924 
652 0.135916 0.0372353 
653 0.135663 0.0371783 
654 0.135456 0.03748 
655 0.135349 0.0373779 
656 0.135221 0.037321 
657 0.135799 0.0375293 
658 0.135401 0.0374724 
659 0.13528 0.0374156 
660 0.135035 0.0375713 
661 0.134831 0.0376671 
662 0.135535 0.0376103 
663 0.134677 0.0376331 
664 0.134703 0.0375765 
665 0.134501 0.0375327 
666 0.134416 0.0374573 
667 0.134238 0.0374012 
668 0.134037 0.0373453 
669 0.133953 0.0372896 
670 0.13345 0.037234 
671 0.133241 0.0371961 
672 0.133043 0.0371408 
673 0.13355 0.0370857 
674 0.133353 0.0370307 
675 0.133121 0.036976 
676 0.132521 0.0368886 
677 0.132307 0.0368342 
678 0.13282 0.0367799 
679 0.132625 0.0367259 
680 0.131789 0.0366719 
681 0.132301 0.0366182 
682 0.132107 0.0365645 
683 0.131901 0.0365273 
684 0.132347 0.036474 
685 0.132725 0.0364208 
686 0.132532 0.0363678 
687 0.132339 0.0363149 
688 0.132647 0.0362622 
689 0.1325 0.0361913 
690 0.132305 0.0361141 
691 0.13211 0.0360619 
692 0.131495 0.0360099 
693 0.131306 0.035958 
694 0.130898 0.0359063 
695 0.130294 0.0358547 
696 0.130102 0.0358032 
697 0.130351 0.0357519 
698 0.130202 0.0357008 
699 0.13051 0.0356498 
700 0.130326 0.0355989 
701 0.13014 0.0355482 
702 0.12957 0.0354977 
703 0.128913 0.0354472 
704 0.128813 0.035397 
705 0.128211 0.0353468 
706 0.128521 0.0352968 
707 0.12834 0.035247 
708 0.128159 0.0351973 
709 0.127898 0.0351477 
710 0.127718 0.0350983 
711 0.128075 0.035049 
712 0.127797 0.0349998 
713 0.127618 0.0349508 
714 0.127856 0.0349019 
715 0.127677 0.0348532 
716 0.127499 0.0348045 
717 0.127467 0.0347561 
718 0.127627 0.0347077 
719 0.127699 0.0346595 
720 0.127522 0.0346115 
721 0.127345 0.0345635 
722 0.127313 0.0345157 
723 0.127138 0.034468 
724 0.126962 0.0344205 
725 0.126802 0.0343731 
726 0.126627 0.0343258 
727 0.126704 0.0342787 
728 0.12653 0.0342316 
729 0.126373 0.0341847 
730 0.1262 0.034138 
731 0.126027 0.0340913 
732 0.125855 0.0340448 
733 0.126246 0.0339984 
734 0.126074 0.0339522 
735 0.125903 0.0339061 
736 0.125732 0.0338601 
737 0.125561 0.0338142 
738 0.125392 0.0337684 
739 0.125222 0.0337228 
740 0.125053 0.0336773 
741 0.124885 0.0336319 
742 0.124291 0.0335866 
743 0.124123 0.0335415 
744 0.123957 0.0334965 
745 0.123913 0.0334516 
746 0.123747 0.0334068 
747 0.123065 0.0333621 
748 0.12314 0.0333176 
749 0.122975 0.0332731 
750 0.122812 0.0332288 
751 0.123266 0.0331847 
752 0.123865 0.0331406 
753 0.124125 0.0330966 
754 0.12396 0.0330528 
755 0.124407 0.0330091 
756 0.124445 0.0329655 
757 0.124281 0.032922 
758 0.124117 0.0328786 
759 0.123954 0.0328353 
760 0.123791 0.0327922 
761 0.123629 0.0327492 
762 0.123467 0.0327062 
763 0.123305 0.0326634 
764 0.123144 0.0326207 
765 0.122983 0.0325781 
766 0.122823 0.0325357 
767 0.122663 0.0324933 
768 0.122503 0.0324511 
769 0.122344 0.0324089 
770 0.122057 0.0323669 
771 0.121899 0.0323249 
772 0.121742 0.0322831 
773 0.121584 0.0322414 
774 0.121427 0.0321998 
775 0.121271 0.0321583 
776 0.121076 0.0321169 
777 0.121488 0.0320757 
778 0.121332 0.0320345 
779 0.121177 0.0319934 
780 0.121022 0.0319524 
781 0.12052 0.0319116 
782 0.120367 0.0318708 
783 0.120213 0.0318302 
784 0.12006 0.0317896 
785 0.119907 0.0317492 
786 0.120003 0.0317088 
787 0.119785 0.0316686 
788 0.119633 0.0316285 
789 0.119482 0.0315884 
790 0.119902 0.0315485 
791 0.11975 0.0315087 
792 0.119206 0.0314689 
793 0.119056 0.0314293 
794 0.119479 0.0313898 
795 0.119249 0.0313503 
796 0.119099 0.031311 
797 0.11895 0.0312718 
798 0.118801 0.0312326 
799 0.11906 0.0311936 
800 0.118912 0.0311546 
801 0.118554 0.0311158 
802 0.118407 0.031077 
803 0.118259 0.0310384 
804 0.117822 0.0309998 
805 0.117676 0.0309614 
806 0.117069 0.030923 
807 0.116924 0.0308847 
808 0.116779 0.0308465 
809 0.116635 0.0308085 
810 0.116073 0.0307705 
811 0.116538 0.0307326 
812 0.116395 0.0306948 
813 0.116742 0.0306571 
814 0.116937 0.0306195 
815 0.116793 0.0305819 
816 0.11665 0.0305445 
817 0.116508 0.0305072 
818 0.116778 0.0304699 
819 0.117153 0.0304328 
820 0.11701 0.0303957 
821 0.116868 0.0303587 
822 0.116726 0.0303218 
823 0.116979 0.030285 
824 0.116838 0.0302483 
825 0.116643 0.0302117 
826 0.116502 0.0301752 
827 0.116361 0.0301387 
828 0.116221 0.0301024 
829 0.116081 0.0300661 
830 0.115941 0.0300299 
831 0.115802 0.0299938 
832 0.115662 0.0299578 
833 0.115524 0.0299219 
834 0.115617 0.0298861 
835 0.115424 0.0298503 
836 0.115286 0.0298146 
837 0.115148 0.0297791 
838 0.114974 0.0297436 
839 0.114837 0.0297082 
840 0.1147 0.0296728 
841 0.114564 0.0296376 
842 0.114428 0.0296024 
843 0.114641 0.0295674 
844 0.114462 0.0295324 
845 0.114327 0.0294975 
846 0.114147 0.0294626 
847 0.114012 0.0294279 
848 0.113878 0.0293932 
849 0.113744 0.0293587 
850 0.11361 0.0293242 
851 0.113477 0.0292897 
852 0.113344 0.0292554 
853 0.113465 0.0292211 
854 0.113398 0.029187 
855 0.113266 0.0291529 
856 0.113421 0.0291189 
857 0.113289 0.0290849 
858 0.113157 0.0290511 
859 0.113026 0.0290173 
860 0.112894 0.0289836 
861 0.112736 0.02895 
862 0.112605 0.0289164 
863 0.112475 0.0288829 
864 0.112345 0.0288495 
865 0.112215 0.0288162 
866 0.112085 0.028783 
867 0.111956 0.0287498 
868 0.111799 0.0287168 
869 0.111642 0.0286837 
870 0.111514 0.0286508 
871 0.111386 0.028618 
872 0.111258 0.0285852 
873 0.1111 0.0285525 
874 0.110944 0.0285198 
875 0.110818 0.0284873 
876 0.110691 0.0284548 
877 0.110532 0.0284224 
878 0.110837 0.0283901 
879 0.110711 0.0283578 
880 0.110585 0.0283256 
881 0.11046 0.0282935 
882 0.110314 0.0282614 
883 0.110501 0.0282295 
884 0.110376 0.0281976 
885 0.110297 0.0281658 
886 0.110137 0.028134 
887 0.110013 0.0281023 
888 0.109889 0.0280707 
889 0.110326 0.0280392 
890 0.110493 0.0280077 
891 0.110369 0.0279763 
892 0.110246 0.027945 
893 0.110122 0.0279137 
894 0.110232 0.0278825 
895 0.110109 0.0278514 
896 0.109986 0.0278204 
897 0.109863 0.0277894 
898 0.109741 0.0277585 
899 0.109619 0.0277276 
900 0.109498 0.0276968 
901 0.109376 0.0276661 
902 0.109255 0.0276355 
903 0.109134 0.0276049 
904 0.108993 0.0275744 
905 0.108872 0.027544 
906 0.108752 0.0275136 
907 0.108633 0.0274833 
908 0.108513 0.0274531 
909 0.108394 0.0274229 
910 0.108275 0.0273928 
911 0.108156 0.0273628 
912 0.108038 0.0273328 
913 0.107919 0.0273029 
914 0.107801 0.0272731 
915 0.107684 0.0272433 
916 0.107542 0.0272136 
917 0.107398 0.0271839 
918 0.107282 0.0271544 
919 0.107165 0.0271248 
920 0.107229 0.0270954 
921 0.107113 0.027066 
922 0.106997 0.0270367 
923 0.106881 0.0270074 
924 0.106766 0.0269782 
925 0.10665 0.0269491 
926 0.106535 0.0269157 
927 0.106428 0.0268867 
928 0.106313 0.0268577 
929 0.106077 0.0268288 
930 0.105963 0.0268 
931 0.105856 0.0267713 
932 0.105747 0.0267426 
933 0.105958 0.0267139 
934 0.105845 0.0266826 
935 0.105709 0.0266541 
936 0.105596 0.0266256 
937 0.105622 0.0265973 
938 0.10551 0.0265514 
939 0.105398 0.0265231 
940 0.105158 0.026495 
941 0.105046 0.0264668 
942 0.10498 0.0264388 
943 0.104931 0.0264108 
944 0.10482 0.0263828 
945 0.104751 0.0263549 
946 0.10464 0.0263271 
947 0.10453 0.0262993 
948 0.104458 0.0262716 
949 0.104383 0.026244 
950 0.104273 0.0262164 
951 0.104195 0.026162 
952 0.104074 0.0260998 
953 0.103965 0.0260725 
954 0.103856 0.0260037 
955 0.103795 0.0259618 
956 0.103687 0.0259007 
957 0.103579 0.0258736 
958 0.103405 0.0258467 
959 0.103297 0.025831 
960 0.103276 0.0258041 
961 0.10323 0.0257824 
962 0.103123 0.0257556 
963 0.103016 0.0257289 
964 0.103011 0.0257022 
965 0.102952 0.0256524 
966 0.102879 0.0256443 
967 0.102788 0.0256251 
968 0.102682 0.0255987 
969 0.102576 0.0255854 
970 0.102383 0.0255738 
971 0.102278 0.0255475 
972 0.102003 0.0255474 
973 0.101898 0.0255241 
974 0.101796 0.0254979 
975 0.101455 0.0254718 
976 0.101351 0.0254457 
977 0.101248 0.0254197 
978 0.101144 0.0253915 
979 0.101039 0.0253656 
980 0.100936 0.0252829 
981 0.100834 0.0252556 
982 0.100731 0.0252299 
983 0.100629 0.0252043 
984 0.100625 0.0250984 
985 0.100523 0.025073 
986 0.100512 0.0249626 
987 0.100395 0.0248745 
988 0.100424 0.0248494 
989 0.100226 0.0248199 
990 0.100287 0.0249039 
991 0.100186 0.0249707 
992 0.100085 0.0250483 
993 0.100135 0.0250231 
994 0.100288 0.0250581 
995 0.100089 0.0250796 
996 0.099989 0.0250545 
997 0.10004 0.0250734 
998 0.100044 0.0250483 
999 0.0999437 0.0250233 
1000 0.0998903 0.0249983 
1100 0.0923921 0.0227288 
1200 0.0876822 0.0208363 
1300 0.082241 0.0192348 
1400 0.0769275 0.0178618 
1500 0.0734138 0.0166718 
1600 0.0702683 0.0155347 
1700 0.0665176 0.0151444 
1800 0.0629462 0.0143035 
1900 0.0604331 0.0135511 
2000 0.0569455 0.0128403 
2100 0.0561061 0.013133 
2200 0.0530943 0.0124223 
2300 0.05055 0.0118934 
2400 0.0502831 0.0113962 
2500 0.0482509 0.0109406 
2600 0.0465199 0.0105199 
2700 0.0450857 0.0101304 
2800 0.0435548 0.00976877 
2900 0.0431022 0.00943203 
3000 0.0436128 0.00911774 
3100 0.042367 0.00882371 
3200 0.0407457 0.00854806 
3300 0.039459 0.0082891 
3400 0.0384771 0.00804538 
3500 0.0378436 0.00781558 
3600 0.037691 0.00759854 
3700 0.0357651 0.00739323 
3800 0.0346047 0.00719872 
3900 0.0341071 0.00725807 
4000 0.0330331 0.00707666 
4100 0.0328423 0.0069041 
4200 0.0320753 0.00673976 
4300 0.0312475 0.00658305 
4400 0.030713 0.00643347 
4500 0.030078 0.00629054 
4600 0.0292033 0.00615382 
4700 0.0291261 0.00602291 
4800 0.0291884 0.00589746 
4900 0.0282434 0.00577713 
5000 0.0276226 0.00566161 
5100 0.0263062 0.00555062 
5200 0.0259843 0.0054439 
5300 0.0254802 0.0053412 
5400 0.024986 0.00524231 
5500 0.0244962 0.00518044 
5600 0.0242385 0.00517582 
5700 0.0241543 0.00508504 
5800 0.0235569 0.00499738 
5900 0.0236531 0.00491269 
6000 0.0232377 0.00483083 
6100 0.022971 0.00475165 
6200 0.0223144 0.00467502 
6300 0.0221976 0.00460082 
6400 0.022085 0.00452895 
6500 0.0220514 0.00447229 
6600 0.0216837 0.00440453 
6700 0.0213154 0.00438355 
6800 0.0209454 0.0043191 
6900 0.0206834 0.00425651 
7000 0.0202996 0.00419571 
7100 0.0201114 0.00413662 
7200 0.0199691 0.00407918 
7300 0.0197383 0.00402331 
7400 0.0197448 0.00396895 
7500 0.0195049 0.00386513 
7600 0.0193776 0.00388371 
7700 0.0192287 0.00383328 
7800 0.0188293 0.00378414 
7900 0.0187948 0.00373625 
8000 0.0186613 0.00368955 
8100 0.0183665 0.00364332 
8200 0.018212 0.00360464 
8300 0.0182308 0.00356121 
8400 0.018105 0.00351882 
8500 0.017892 0.00347743 
8600 0.0176842 0.003437 
8700 0.0174765 0.0033975 
8800 0.0173097 0.00335889 
8900 0.0171522 0.00332116 
9000 0.0169829 0.00328426 
9100 0.0168001 0.00324817 
9200 0.0166175 0.00321287 
9300 0.0164388 0.00317833 
9400 0.0162639 0.00314452 
9500 0.0160928 0.00311142 
9600 0.0159251 0.00307901 
9700 0.0157414 0.00304728 
9800 0.0156247 0.00301618 
9900 0.0154898 0.00298572 
10000 0.0153349 0.00295587 
10100 0.0151831 0.0029266 
10200 0.0150342 0.00289791 
10300 0.0148883 0.00286978 
10400 0.0147451 0.00284219 
10500 0.0146047 0.00281512 
10600 0.0144791 0.00278669 
10700 0.0142461 0.00279185 
10800 0.0141125 0.00280243 
10900 0.0141847 0.00277672 
11000 0.0140386 0.00275148 
11100 0.0139917 0.00272669 
11200 0.0138761 0.00270235 
11300 0.0137533 0.00267844 
11400 0.0136375 0.00265844 
11500 0.0135351 0.00260526 
11600 0.0133785 0.0025828 
11700 0.013257 0.00256073 
11800 0.0130819 0.00253903 
11900 0.0130134 0.00251769 
12000 0.0130509 0.00256522 
12100 0.0129475 0.00254402 
12200 0.0128709 0.00252317 
12300 0.0127662 0.00250266 
12400 0.012646 0.00248248 
12500 0.0126194 0.00246262 
12600 0.0125644 0.00244308 
12700 0.0123765 0.00242384 
12800 0.0123963 0.00240491 
12900 0.0122637 0.00238627 
13000 0.0121925 0.00236791 
13100 0.012132 0.00234984 
13200 0.0120401 0.00233204 
13300 0.0119491 0.00231451 
13400 0.0118325 0.00229723 
13500 0.0117059 0.00228022 
13600 0.011684 0.00226345 
13700 0.0116052 0.00224693 
13800 0.0115222 0.00223065 
13900 0.0114393 0.00221461 
14000 0.0113576 0.00219879 
14100 0.0112703 0.0021832 
14200 0.0111772 0.00220919 
14300 0.0111988 0.00219374 
14400 0.011121 0.00217851 
14500 0.0110443 0.00216348 
14600 0.0109687 0.00214867 
14700 0.0108941 0.00213405 
14800 0.0108205 0.00211963 
14900 0.0107479 0.00210541 
15000 0.010629 0.00209137 
15100 0.0106108 0.00207752 
15200 0.0105525 0.00206386 
15300 0.0104835 0.00205037 
15400 0.0104155 0.00203705 
15500 0.0103532 0.00202391 
15600 0.0102935 0.00201094 
15700 0.010228 0.00199813 
15800 0.0101633 0.00198549 
15900 0.0100993 0.001973 
16000 0.0100362 0.00196067 
16100 0.00997389 0.00194849 
16200 0.00991233 0.00193647 
16300 0.00985152 0.00192459 
16400 0.00979265 0.00191285 
16500 0.00972744 0.00190126 
16600 0.00969145 0.00188981 
16700 0.00964222 0.00187849 
16800 0.00959851 0.00186731 
16900 0.00955012 0.00185626 
17000 0.00949394 0.00184534 
17100 0.00943843 0.00183455 
17200 0.00938355 0.00182389 
17300 0.00932968 0.00181334 
17400 0.00927479 0.00180292 
17500 0.00922157 0.00179262 
17600 0.00915425 0.00178244 
17700 0.00910941 0.00177237 
17800 0.00910081 0.00176241 
17900 0.00906509 0.00175257 
18000 0.00901473 0.00174283 
18100 0.00896493 0.0017332 
18200 0.00891567 0.00172368 
18300 0.00886695 0.00171426 
18400 0.00881877 0.00170494 
18500 0.0087711 0.00169573 
18600 0.00872395 0.00168661 
18700 0.0086773 0.00167759 
18800 0.00863114 0.00166867 
18900 0.00858548 0.00165984 
19000 0.00854029 0.00165111 
19100 0.00849558 0.00164246 
19200 0.00845134 0.00163391 
19300 0.00840814 0.00162544 
19400 0.0083648 0.00161707 
19500 0.00832191 0.00160877 
19600 0.00827945 0.00160057 
19700 0.00823742 0.00159244 
19800 0.00819582 0.0015844 
19900 0.00815673 0.00157644 
20000 0.00811558 0.00156856 
20100 0.00808553 0.00156075 
20200 0.0080508 0.00155303 
20300 0.00801114 0.00154538 
20400 0.00797187 0.0015378 
20500 0.00793299 0.0015303 
20600 0.00789448 0.00152287 
20700 0.00786219 0.00151936 
20800 0.00784629 0.00151136 
20900 0.00782029 0.00150567 
21000 0.00778305 0.00149851 
21100 0.00774617 0.0014914 
21200 0.00770963 0.00148437 
21300 0.00767344 0.0014774 
21400 0.00763758 0.0014705 
21500 0.00760206 0.00146366 
21600 0.00756687 0.00145688 
21700 0.007532 0.00145017 
21800 0.00749745 0.00144352 
21900 0.00746321 0.00143693 
22000 0.00742929 0.00143039 
22100 0.00739568 0.00142392 
22200 0.00736236 0.00141751 
22300 0.00732935 0.00141115 
22400 0.00729663 0.00140485 
22500 0.00726524 0.00139861 
22600 0.00723964 0.00139242 
22700 0.00720775 0.00138629 
22800 0.00717614 0.00138021 
22900 0.0071448 0.00137418 
23000 0.00711374 0.00136821 
23100 0.00708295 0.00136228 
23200 0.00705242 0.00135641 
23300 0.00702215 0.00135059 
23400 0.00699214 0.00134482 
23500 0.00696239 0.0013391 
23600 0.00693289 0.00133342 
23700 0.00690364 0.0013278 
23800 0.00687463 0.00132222 
23900 0.00684587 0.00131669 
24000 0.00681735 0.0013112 
24100 0.00678906 0.00130576 
24200 0.00676101 0.00130036 
24300 0.00673319 0.00129501 
24400 0.00670559 0.00128971 
24500 0.00667822 0.00128444 
24600 0.00665108 0.00127922 
24700 0.00662415 0.00127404 
24800 0.00659744 0.0012689 
24900 0.00657095 0.00126381 
25000 0.00654466 0.00125875 
25100 0.00651859 0.00125374 
25200 0.00649272 0.00124876 
25300 0.00646706 0.00124383 
25400 0.0064416 0.00123893 
25500 0.00641634 0.00123407 
25600 0.00639128 0.00122925 
25700 0.00636641 0.00122447 
25800 0.00634174 0.00121972 
25900 0.00631725 0.00121502 
26000 0.00629296 0.00121034 
26100 0.00626885 0.00120571 
26200 0.00624492 0.0012011 
26300 0.00622118 0.00119654 
26400 0.00619766 0.001192 
26500 0.00617427 0.00118751 
26600 0.00614303 0.00118304 
26700 0.00611074 0.00117861 
26800 0.00611038 0.00117421 
26900 0.00608893 0.00116985 
27000 0.00606638 0.00116552 
27100 0.00604399 0.00116122 
27200 0.00602177 0.00115695 
27300 0.00599972 0.00115271 
27400 0.00597782 0.0011485 
27500 0.00595608 0.00114433 
27600 0.0059345 0.00114018 
27700 0.00591308 0.00113606 
27800 0.00589181 0.00113198 
27900 0.00587069 0.00112792 
28000 0.00584973 0.00112389 
28100 0.00582891 0.00111989 
28200 0.00580824 0.00111592 
28300 0.00578772 0.00111198 
28400 0.00576734 0.00110806 
28500 0.0057471 0.00110418 
28600 0.00572701 0.00110032 
28700 0.00570706 0.00109648 
28800 0.00568724 0.00109267 
28900 0.00566756 0.00108889 
29000 0.00564802 0.00108514 
29100 0.00562861 0.00108141 
29200 0.00560934 0.00107771 
29300 0.00559019 0.00107403 
29400 0.00557118 0.00107038 
29500 0.00555229 0.00106675 
29600 0.00553354 0.00106314 
29700 0.00551491 0.00105956 
29800 0.0054964 0.00105601 
29900 0.00547802 0.00105248 
30000 0.00545976 0.00104897 
30100 0.00544162 0.00104548 
30200 0.0054236 0.00104202 
30300 0.0054057 0.00103858 
30400 0.00538792 0.00103517 
30500 0.00537026 0.00103177 
30600 0.00534302 0.0010284 
30700 0.00536364 0.00102505 
30800 0.00535826 0.00102172 
30900 0.00534931 0.00101842 
31000 0.00534073 0.00101513 
31100 0.00532356 0.00101187 
31200 0.00530649 0.00100862 
31300 0.00528954 0.0010054 
31400 0.0052727 0.0010022 
31500 0.00525596 0.000999017 
31600 0.00523933 0.000995856 
31700 0.0052228 0.000992714 
31800 0.00520637 0.000989593 
31900 0.00519005 0.000986491 
32000 0.00517384 0.000983408 
32100 0.00515772 0.000980345 
32200 0.0051417 0.0009773 
32300 0.00512578 0.000974274 
32400 0.00510996 0.000971268 
32500 0.00509424 0.000968279 
32600 0.00507861 0.000965309 
32700 0.00506308 0.000962357 
32800 0.00504765 0.000959423 
32900 0.00503231 0.000956507 
33000 0.00501706 0.000953609 
33100 0.0050019 0.000950728 
33200 0.00498684 0.000947864 
33300 0.00497186 0.000945018 
33400 0.00495697 0.000942189 
33500 0.00494218 0.000939376 
33600 0.00492747 0.00093658 
33700 0.00491285 0.000933801 
33800 0.00489831 0.000931039 
33900 0.00488387 0.000928292 
34000 0.0048695 0.000925562 
34100 0.00485522 0.000922848 
34200 0.00484103 0.00092015 
34300 0.00482691 0.000917467 
34400 0.00481288 0.0009148 
34500 0.00479893 0.000912149 
34600 0.00478506 0.000909512 
34700 0.00477127 0.000906891 
34800 0.00475756 0.000904286 
34900 0.00474393 0.000901695 
35000 0.00473038 0.000899118 
35100 0.0047169 0.000896557 
35200 0.0047035 0.00089401 
35300 0.00469018 0.000891477 
35400 0.00467693 0.000888959 
35500 0.00466375 0.000886455 
35600 0.00465065 0.000883965 
35700 0.00463763 0.000881489 
35800 0.00462467 0.000879027 
35900 0.00461179 0.000876578 
36000 0.00459898 0.000874144 
36100 0.00458624 0.000871722 
36200 0.00457357 0.000869314 
36300 0.00456097 0.000866919 
36400 0.00454844 0.000864538 
36500 0.00453598 0.000862169 
36600 0.00452363 0.000859814 
36700 0.0045113 0.000857471 
36800 0.00451561 0.000855141 
36900 0.00448869 0.000852824 
37000 0.00452698 0.000850519 
37100 0.0045295 0.000848226 
37200 0.00451922 0.000845946 
37300 0.00450711 0.000843678 
37400 0.00449506 0.000841422 
37500 0.00448307 0.000839179 
37600 0.00447115 0.000836947 
37700 0.00445929 0.000834727 
37800 0.00444749 0.000832519 
37900 0.00443576 0.000830322 
38000 0.00442408 0.000828137 
38100 0.00441247 0.000825964 
38200 0.00440092 0.000823801 
38300 0.00438943 0.000821651 
38400 0.004378 0.000819511 
38500 0.00436663 0.000817382 
38600 0.00435532 0.000815265 
38700 0.00434406 0.000813158 
38800 0.00433287 0.000811063 
38900 0.0043292 0.000808978 
39000 0.0043192 0.000806903 
39100 0.0043162 0.00080484 
39200 0.00430556 0.000802787 
39300 0.00424534 0.000800744 
39400 0.00425493 0.000798712 
39500 0.00427313 0.00079669 
39600 0.0042287 0.000775341 
39700 0.00425569 0.000775349 
39800 0.00430398 0.000773401 
39900 0.00430729 0.000771463 
40000 0.00429704 0.000769534 
40100 0.00431064 0.000767615 
40200 0.00426775 0.000765706 
40300 0.00424412 0.000763806 
40400 0.00425019 0.000761915 
40500 0.00430017 0.000760034 
40600 0.00430606 0.000758162 
40700 0.00430572 0.000756299 
40800 0.0042538 0.000754446 
40900 0.00422179 0.000752601 
41000 0.0041756 0.000750765 
41100 0.00415205 0.000748939 
41200 0.00415117 0.000747121 
41300 0.0041297 0.000745312 
41400 0.00416438 0.000743512 
41500 0.00418935 0.00074172 
41600 0.00414352 0.000739937 
41700 0.00411657 0.000738163 
41800 0.00415078 0.000736397 
41900 0.00414538 0.00073464 
42000 0.00415956 0.00073289 
42100 0.00417281 0.00073115 
42200 0.00417674 0.000729417 
42300 0.00417125 0.000727693 
42400 0.00419858 0.000725977 
42500 0.00424952 0.000724268 
42600 0.00424215 0.000722568 
42700 0.00423221 0.000720876 
42800 0.00422232 0.000719192 
42900 0.00421248 0.000717515 
43000 0.00420268 0.000688773 
43100 0.00419293 0.000689751 
43200 0.00415816 0.000688155 
43300 0.0040345 0.000686566 
43400 0.00410897 0.000715118 
43500 0.0041641 0.000714898 
43600 0.00425338 0.00072286 
43700 0.00426973 0.000762324 
43800 0.00427282 0.000760584 
43900 0.00428444 0.000816129 
44000 0.00424557 0.000814817 
44100 0.00433105 0.00081297 
44200 0.00432125 0.00081113 
44300 0.00431718 0.000809299 
44400 0.00433799 0.000830826 
44500 0.00434881 0.000834581 
44600 0.00434735 0.000858348 
44700 0.00433763 0.000856428 
44800 0.00432795 0.000854516 
44900 0.00431831 0.000852613 
45000 0.00430871 0.000850719 
45100 0.00429916 0.000848832 
45200 0.00428965 0.000846954 
45300 0.00428018 0.000845085 
45400 0.00427075 0.000843223 
45500 0.00426136 0.000845484 
45600 0.00425202 0.00084363 
45700 0.00424271 0.000841784 
45800 0.00423067 0.000838218 
45900 0.00421083 0.000791918 
46000 0.00422168 0.000825091 
46100 0.00421252 0.000809924 
46200 0.00420341 0.000826194 
46300 0.00419433 0.000835586 
46400 0.00418529 0.000838358 
46500 0.00417629 0.000843582 
46600 0.00416733 0.000847625 
46700 0.0041584 0.00084581 
46800 0.00414952 0.000844003 
46900 0.00412738 0.000842203 
47000 0.00413846 0.000840411 
47100 0.00413167 0.000838627 
47200 0.00414064 0.00083685 
47300 0.00413626 0.000835081 
47400 0.0041301 0.000833319 
47500 0.00412141 0.000831565 
47600 0.00411275 0.000829818 
47700 0.00410413 0.000828079 
47800 0.00409554 0.000826346 
47900 0.00408699 0.000824621 
48000 0.00407848 0.000822903 
48100 0.00407 0.000821192 
48200 0.00406155 0.000817526 
48300 0.00405314 0.00082801 
48400 0.00404477 0.000828177 
48500 0.00403643 0.000822666 
48600 0.00402813 0.000826868 
48700 0.00401985 0.000886245 
48800 0.00401162 0.000903407 
48900 0.00400341 0.000809009 
49000 0.00399524 0.000870437 
49100 0.00398711 0.000934732 
49200 0.003979 0.000887547 
49300 0.00397093 0.000932155 
49400 0.00396289 0.000896662 
49500 0.00395489 0.000910557 
49600 0.00394691 0.000889649 
49700 0.00393897 0.000891562 
49800 0.00393106 0.000948477 
49900 0.00392319 0.000860296 
50000 0.00391534 0.000860986 
50100 0.00390753 0.000902526 
50200 0.00389974 0.000949006 
50300 0.00389199 0.000930391 
50400 0.00388427 0.000873809 
50500 0.00387658 0.000889633 
50600 0.00386891 0.000892089 
50700 0.00386128 0.000918036 
50800 0.00385368 0.000908425 
50900 0.00384611 0.000874065 
51000 0.00383857 0.00091175 
51100 0.00383106 0.000937062 
51200 0.00382358 0.000878174 
51300 0.00381612 0.000872772 
51400 0.0038087 0.000892402 
51500 0.0038013 0.00090634 
51600 0.00379394 0.000920498 
51700 0.0037866 0.000885854 
51800 0.00377929 0.000887522 
51900 0.00377201 0.000911041 
52000 0.00376475 0.000902493 
52100 0.00375753 0.000903995 
52200 0.00375033 0.000905704 
52300 0.00374316 0.00090719 
52400 0.00373602 0.000919148 
52500 0.0037289 0.000934457 
52600 0.00372181 0.000939913 
52700 0.00371475 0.000945289 
52800 0.00370771 0.000923951 
52900 0.0037007 0.000934097 
53000 0.00369372 0.000903108 
53100 0.00368677 0.00095132 
53200 0.00367984 0.000975169 
53300 0.00367293 0.000918055 
53400 0.00366605 0.00098874 
53500 0.0036592 0.0010217 
53600 0.00365237 0.00104186 
53700 0.00364557 0.00100228 
53800 0.0036388 0.00100349 
53900 0.00363205 0.00100532 
54000 0.00362532 0.000983925 
54100 0.00361862 0.000939155 
54200 0.00361194 0.000951181 
54300 0.00360529 0.000963174 
54400 0.00359749 0.00105769 
54500 0.00357871 0.00100636 
54600 0.0036178 0.00108776 
54700 0.00362428 0.00100819 
54800 0.00361767 0.000975149 
54900 0.00361108 0.0010197 
55000 0.00360451 0.00108996 
55100 0.00359797 0.00105176 
55200 0.00359145 0.00105282 
55300 0.00358496 0.000967248 
55400 0.00357849 0.000955616 
55500 0.00357204 0.000977249 
55600 0.00356561 0.000995187 
55700 0.00355921 0.000978587 
55800 0.00355283 0.000974501 
55900 0.00354648 0.000948414 
56000 0.00354015 0.000954028 
56100 0.00353383 0.000993142 
56200 0.00352755 0.000989587 
56300 0.00352128 0.000966694 
56400 0.00351504 0.00102787 
56500 0.00350882 0.000951767 
56600 0.00350262 0.000988058 
56700 0.00349644 0.00100921 
56800 0.00348515 0.00103016 
56900 0.00341395 0.001013 
57000 0.00342493 0.00101443 
57100 0.00347851 0.000993787 
57200 0.00347814 0.00102557 
57300 0.00347207 0.00110692 
57400 0.00346602 0.00108799 
57500 0.00345999 0.00107833 
57600 0.00345398 0.00104747 
57700 0.003448 0.0010157 
57800 0.00344203 0.001027 
57900 0.00343609 0.00107871 
58000 0.00343016 0.00101651 
58100 0.00342426 0.000982913 
58200 0.00341838 0.000990116 
58300 0.00341251 0.000984906 
58400 0.00340667 0.000993879 
58500 0.00335683 0.000993554 
58600 0.00340787 0.00101163 
58700 0.00340206 0.000986416 
58800 0.00339628 0.000986343 
58900 0.00339051 0.000980988 
59000 0.00338476 0.000986462 
59100 0.00337904 0.000991198 
59200 0.00337333 0.00100174 
59300 0.00336764 0.00103697 
59400 0.00336197 0.0010509 
59500 0.00335632 0.00106299 
59600 0.00335069 0.00107947 
59700 0.00334508 0.00107888 
59800 0.00333948 0.00107707 
59900 0.00333391 0.00107528 
60000 0.00332835 0.00107348 
60100 0.00331683 0.0010717 
60200 0.00332775 0.00106992 
60300 0.00331492 0.00106814 
60400 0.00332565 0.00106638 
60500 0.00332016 0.00106461 
60600 0.00331468 0.00106286 
60700 0.00330922 0.0010611 
60800 0.00330377 0.00105936 
60900 0.00329835 0.00105762 
61000 0.00329294 0.00105589 
61100 0.00328755 0.00105416 
61200 0.00328218 0.00105244 
61300 0.00327683 0.00105072 
61400 0.00327149 0.00104901 
61500 0.00326617 0.0010473 
61600 0.00326087 0.0010456 
61700 0.00325558 0.00104391 
61800 0.00325032 0.00104222 
61900 0.00324506 0.00104053 
62000 0.00323983 0.00103886 
62100 0.00323461 0.00103718 
62200 0.00322941 0.00103608 
62300 0.00322395 0.00103734 
62400 0.00319435 0.0010375 
62500 0.00315054 0.00102073 
62600 0.00317496 0.000961566 
62700 0.00314878 0.000959285 
62800 0.00320607 0.000959579 
62900 0.00322233 0.000935397 
63000 0.00321721 0.000945439 
63100 0.00321211 0.000940908 
63200 0.00320703 0.000955896 
63300 0.00320197 0.000986335 
63400 0.00319692 0.00104315 
63500 0.00319188 0.00107896 
63600 0.00318686 0.00114276 
63700 0.00318186 0.00115042 
63800 0.00317687 0.00113556 
63900 0.0031719 0.00109613 
64000 0.00316695 0.00100628 
64100 0.003162 0.00102516 
64200 0.00315708 0.00108695 
64300 0.00315217 0.00109514 
64400 0.00314728 0.00108666 
64500 0.0031424 0.00109493 
64600 0.00313753 0.0011109 
64700 0.00313268 0.00108626 
64800 0.00312785 0.00108575 
64900 0.00312303 0.0010425 
65000 0.00311822 0.00104247 
65100 0.00311343 0.00103322 
65200 0.00310866 0.00100566 
65300 0.0031039 0.00103302 
65400 0.00309915 0.00113258 
65500 0.00307698 0.00109309 
65600 0.00308166 0.00114782 
65700 0.0030973 0.00116882 
65800 0.003096 0.00112542 
65900 0.0030913 0.00115517 
66000 0.00308662 0.00111772 
66100 0.00308195 0.00114781 
66200 0.00307729 0.00116157 
66300 0.00306678 0.00116214 
66400 0.00307093 0.00116117 
66500 0.0030699 0.00116519 
66600 0.00306529 0.00114316 
66700 0.00306069 0.00119126 
66800 0.00305611 0.00119127 
66900 0.00305154 0.00117837 
67000 0.00304699 0.00121611 
67100 0.00304245 0.0012222 
67200 0.00303792 0.00123911 
67300 0.00303341 0.00126731 
67400 0.00302837 0.00123483 
67500 0.00301514 0.00125565 
67600 0.00300373 0.00122478 
67700 0.00301662 0.00119456 
67800 0.00301801 0.00115322 
67900 0.0030147 0.00115296 
68000 0.00301026 0.00118785 
68100 0.00301778 0.00123655 
68200 0.00301335 0.00126697 
68300 0.00300894 0.00129134 
68400 0.00300454 0.00128527 
68500 0.00300015 0.00126499 
68600 0.00299578 0.00126145 
68700 0.00299142 0.00124595 
68800 0.00298707 0.00121083 
68900 0.00298274 0.00122366 
69000 0.00297841 0.00121087 
69100 0.0029741 0.00113429 
69200 0.00296981 0.00119803 
69300 0.00296552 0.00122917 
69400 0.00296125 0.00124092 
69500 0.00295699 0.00123542 
69600 0.00295274 0.00122355 
69700 0.0029485 0.00125745 
69800 0.00294428 0.00122935 
69900 0.00294007 0.001246 
70000 0.00293587 0.00125711 
70100 0.00293168 0.00122285 
70200 0.0029275 0.00121659 
70300 0.00292334 0.0012513 
70400 0.00291918 0.00128564 
70500 0.00291504 0.00128657 
70600 0.00291092 0.00127272 
70700 0.0029068 0.00125747 
70800 0.00290269 0.00124022 
70900 0.0028986 0.00124 
71000 0.00289452 0.00123409 
71100 0.00289045 0.00126161 
71200 0.00288639 0.00124533 
71300 0.00288234 0.00111774 
71400 0.0028783 0.0011173 
71500 0.00287428 0.00112451 
71600 0.00287026 0.00113872 
71700 0.00286626 0.0011673 
71800 0.00286227 0.0011 
71900 0.00285828 0.00113059 
72000 0.00285432 0.00113032 
72100 0.0028504 0.00108386 
72200 0.00283784 0.00109926 
72300 0.00283141 0.00104209 
72400 0.00285991 0.00105799 
72500 0.00285596 0.0010896 
72600 0.00285203 0.00110467 
72700 0.00284811 0.00114142 
72800 0.00284419 0.00120173 
72900 0.00284029 0.0012378 
73000 0.0028364 0.0012377 
73100 0.00283252 0.00120738 
73200 0.00282865 0.00121289 
73300 0.00282479 0.00116695 
73400 0.00282106 0.00115985 
73500 0.00281189 0.00118611 
73600 0.00281929 0.00118595 
73700 0.00281615 0.00120501 
73800 0.00281233 0.00125131 
73900 0.00280853 0.00126654 
74000 0.00280473 0.00125106 
74100 0.00280095 0.00122847 
74200 0.00278839 0.00121001 
74300 0.00279194 0.00119711 
74400 0.00279955 0.00112846 
74500 0.00280525 0.00106745 
74600 0.00280148 0.00113461 
74700 0.00279773 0.00118167 
74800 0.00279399 0.00118122 
74900 0.00279026 0.0012238 
75000 0.00278654 0.00119934 
75100 0.00278283 0.00114638 
75200 0.00277913 0.00113201 
75300 0.00277544 0.00116606 
75400 0.00277176 0.0011385 
75500 0.00276809 0.00117841 
75600 0.00276443 0.0011971 
75700 0.00276078 0.00115756 
75800 0.00275713 0.00120182 
75900 0.0027535 0.00121907 
76000 0.00274988 0.00126171 
76100 0.00274627 0.00122948 
76200 0.00274126 0.00122904 
76300 0.00269311 0.00122865 
76400 0.00273396 0.00123579 
76500 0.00271922 0.00124632 
76600 0.00271221 0.00127743 
76700 0.00273911 0.00127228 
76800 0.00274226 0.00126698 
76900 0.0027387 0.00127694 
77000 0.00273003 0.00127208 
77100 0.00268274 0.00123952 
77200 0.00270962 0.0012138 
77300 0.00272941 0.00124213 
77400 0.00273142 0.00123566 
77500 0.00270077 0.00124088 
77600 0.00273229 0.00118476 
77700 0.00272877 0.00120323 
77800 0.00272526 0.00122119 
77900 0.00272176 0.00122051 
78000 0.00271827 0.0011823 
78100 0.00271479 0.00121978 
78200 0.00271132 0.00123698 
78300 0.00270786 0.00120657 
78400 0.00270441 0.00122432 
78500 0.00270096 0.00119282 
78600 0.00268952 0.00119208 
78700 0.0026494 0.00124575 
78800 0.00266559 0.00119732 
78900 0.00273477 0.00123278 
79000 0.00279524 0.00120872 
79100 0.00283028 0.00127535 
79200 0.00283532 0.00126984 
79300 0.00283175 0.00120744 
79400 0.00282818 0.00121308 
79500 0.00281414 0.00114857 
79600 0.00282671 0.00116786 
79700 0.00282316 0.00114088 
79800 0.00281963 0.0011472 
79900 0.0028161 0.00121662 
80000 0.00281258 0.00123374 
80100 0.00280782 0.00125525 
80200 0.00279519 0.00123799 
80300 0.0028099 0.00124314 
80400 0.00280641 0.00118353 
80500 0.00280292 0.00113733 
80600 0.00279944 0.0010655 
80700 0.00279597 0.00106495 
80800 0.00279251 0.00101076 
80900 0.00278906 0.00101038 
81000 0.00278562 0.000989366 
81100 0.00278218 0.000973604 
81200 0.00277876 0.000968842 
81300 0.00277053 0.000960801 
81400 0.00277956 0.000967934 
81500 0.00277615 0.00098693 
81600 0.00277275 0.000989997 
81700 0.00276935 0.000978239 
81800 0.00276597 0.000999459 
81900 0.00276259 0.0010272 
82000 0.00275922 0.00104257 
82100 0.00275586 0.00103466 
82200 0.00275251 0.00104883 
82300 0.00274916 0.00103096 
82400 0.00274583 0.00102515 
82500 0.0027425 0.00100317 
82600 0.00273918 0.000989209 
82700 0.00273587 0.00101474 
82800 0.00273256 0.00103144 
82900 0.00272927 0.00102551 
83000 0.00272598 0.0010428 
83100 0.0027227 0.00104675 
83200 0.00271943 0.00105452 
83300 0.00271616 0.00106142 
83400 0.0027129 0.00105812 
83500 0.00270966 0.00104385 
83600 0.00270641 0.00104966 
83700 0.00270318 0.0010431 
83800 0.00269996 0.00104917 
83900 0.00269674 0.00105261 
84000 0.00269353 0.00104205 
84100 0.00269032 0.00103718 
84200 0.00269105 0.00102944 
84300 0.00269513 0.0010478 
84400 0.00269194 0.00105526 
84500 0.00268875 0.00105265 
84600 0.00268558 0.00106121 
84700 0.0026824 0.00105377 
84800 0.00267924 0.00105149 
84900 0.00267609 0.00104484 
85000 0.00267294 0.00106127 
85100 0.0026698 0.00106237 
85200 0.00266666 0.00104363 
85300 0.00266354 0.00104297 
85400 0.00266042 0.00103579 
85500 0.00266003 0.00104439 
85600 0.00265786 0.001052 
85700 0.00265476 0.00106162 
85800 0.00265167 0.00106876 
85900 0.00264858 0.00106635 
86000 0.0026455 0.00106997 
86100 0.00264243 0.00107182 
86200 0.00263936 0.00107166 
86300 0.00263631 0.00107295 
86400 0.00263326 0.00107081 
86500 0.00263021 0.00106363 
86600 0.00262717 0.00105266 
86700 0.00262414 0.0010489 
86800 0.00262112 0.00102921 
86900 0.0026181 0.00103333 
87000 0.0026151 0.00103062 
87100 0.00261209 0.0010431 
87200 0.0026091 0.00104046 
87300 0.00260611 0.00104 
87400 0.00260313 0.00101853 
87500 0.00260015 0.000976436 
87600 0.00259718 0.000979241 
87700 0.00259422 0.000965202 
87800 0.00259127 0.000987951 
87900 0.00258832 0.000981224 
88000 0.00258538 0.00100192 
88100 0.00258244 0.000989392 
88200 0.00257952 0.00100071 
88300 0.00257659 0.00101877 
88400 0.00257368 0.00102532 
88500 0.00257077 0.00103137 
88600 0.00256787 0.00104584 
88700 0.00256498 0.00103841 
88800 0.00256209 0.00102353 
88900 0.0025592 0.00102301 
89000 0.00255633 0.00103909 
89100 0.00255346 0.00102683 
89200 0.0025506 0.00102196 
89300 0.00254774 0.000993153 
89400 0.00254489 0.0010089 
89500 0.00254205 0.00101103 
89600 0.00253921 0.00100794 
89700 0.00253638 0.0010219 
89800 0.00253356 0.00101699 
89900 0.00253074 0.00101874 
90000 0.00252793 0.00100373 
90100 0.00252512 0.000997782 
90200 0.00252232 0.000994652 
90300 0.00251953 0.00100221 
90400 0.00251674 0.00100173 
90500 0.00251396 0.00100378 
90600 0.00251119 0.000998073 
90700 0.00250842 0.000995003 
90800 0.00250565 0.000999954 
90900 0.0025029 0.00100433 
91000 0.00250015 0.00101109 
91100 0.0024974 0.0010008 
91200 0.00249466 0.00102513 
91300 0.00249193 0.00102079 
91400 0.00248912 0.00101401 
91500 0.00247127 0.00100432 
91600 0.00248289 0.00102725 
91700 0.00248214 0.00101709 
91800 0.00248133 0.00100557 
91900 0.00247863 0.00102629 
92000 0.00247593 0.00102586 
92100 0.00247324 0.00101559 
92200 0.00247056 0.00100876 
92300 0.00246788 0.00101071 
92400 0.00246521 0.00101656 
92500 0.00246255 0.0010181 
92600 0.00245886 0.00101149 
92700 0.00245224 0.00101528 
92800 0.00245322 0.000991901 
92900 0.00245624 0.000991377 
93000 0.0024536 0.00100293 
93100 0.00245096 0.00100476 
93200 0.00244781 0.000987217 
93300 0.00242571 0.00100588 
93400 0.00243018 0.000991173 
93500 0.00243164 0.00100922 
93600 0.00242684 0.00101713 
93700 0.0024148 0.00102455 
93800 0.00239817 0.00102183 
93900 0.00238222 0.00103152 
94000 0.00236557 0.00103854 
94100 0.00236167 0.00105447 
94200 0.00239449 0.00106087 
94300 0.00241852 0.00106363 
94400 0.00241996 0.00106298 
94500 0.00242159 0.00106186 
94600 0.00242104 0.00106074 
94700 0.00238666 0.00105962 
94800 0.00240598 0.0010585 
94900 0.0024115 0.00104702 
95000 0.00241713 0.00105096 
95100 0.00240069 0.00103404 
95200 0.00236486 0.00101168 
95300 0.00239012 0.00101543 
95400 0.00241258 0.00100588 
95500 0.00241717 0.0010096 
95600 0.00241464 0.00102054 
95700 0.00241212 0.00103026 
95800 0.00240838 0.00101742 
95900 0.00241254 0.0010078 
96000 0.00241003 0.000994963 
96100 0.00240752 0.000989161 
96200 0.00240502 0.00100644 
96300 0.00240252 0.00100102 
96400 0.00240003 0.00100297 
96500 0.00239754 0.00102062 
96600 0.00239506 0.00101582 
96700 0.00239258 0.00103283 
96800 0.00239011 0.00103248 
96900 0.00238764 0.00104279 
97000 0.00238518 0.00104355 
97100 0.00238272 0.0010327 
97200 0.00238027 0.00103533 
97300 0.00238197 0.00103922 
97400 0.00238042 0.0010389 
97500 0.00237798 0.00103713 
97600 0.00237554 0.00104211 
97700 0.00237311 0.00104291 
97800 0.00237069 0.00104146 
97900 0.00236826 0.00104225 
98000 0.00236585 0.00104322 
98100 0.00236058 0.00104348 
98200 0.0023489 0.00103058 
98300 0.00235715 0.00102659 
98400 0.0023613 0.00104319 
98500 0.0023589 0.00104845 
98600 0.00235651 0.00104488 
98700 0.00235412 0.00105135 
98800 0.00235174 0.00105153 
98900 0.00233639 0.00104801 
99000 0.00235185 0.00103802 
99100 0.00232159 0.00103511 
99200 0.00231419 0.00103514 
99300 0.0023314 0.0010372 
99400 0.00235063 0.00103359 
99500 0.00234368 0.00104264 
99600 0.00233928 0.00103024 
99700 0.00234127 0.00102033 
99800 0.00234448 0.00101215 
99900 0.00235107 0.000993941 
100000 0.00234497 0.000975256 
110000 0.00218504 0.00126123 
120000 0.00199883 0.000934357 
130000 0.00189858 0.00117737 
140000 0.00179108 0.00112445 
150000 0.00170161 0.00119666 
160000 0.00158836 0.00100362 
170000 0.001523 0.00109691 
180000 0.00145896 0.00114823 
190000 0.0013958 0.00113864 
200000 0.00132936 0.0011311 
210000 0.00127225 0.00110978 
220000 0.00121967 0.00105976 
230000 0.00117196 0.00104504 
240000 0.00115219 0.000982079 
250000 0.00111395 0.000979556 
260000 0.00107823 0.000963898 
270000 0.00103476 0.00095749 
280000 0.000997802 0.000970229 
290000 0.000963395 0.000942006 
300000 0.000938646 0.000927135 
310000 0.000908368 0.000912755 
320000 0.000873271 0.000909691 
330000 0.00085992 0.000890576 
340000 0.000834628 0.000864382 
350000 0.000814846 0.000842628 
360000 0.000793985 0.000826808 
370000 0.000772526 0.000818024 
380000 0.000752197 0.000816029 
390000 0.000733914 0.000802102 
400000 0.000715566 0.000782579 
410000 0.000698113 0.000767208 
420000 0.000683569 0.000749508 
430000 0.000669247 0.00074585 
440000 0.000654742 0.000736986 
450000 0.000640193 0.000731322 
460000 0.000626275 0.000716649 
470000 0.00061295 0.000698652 
480000 0.000600361 0.000698332 
490000 0.000588109 0.000701648 
500000 0.000576347 0.000688463 
510000 0.000565662 0.000669287 
520000 0.000554784 0.000656283 
530000 0.000544317 0.000657749 
540000 0.000534237 0.00062964 
550000 0.000525907 0.000590919 
560000 0.000517895 0.000509587 
570000 0.000507202 0.000454018 
580000 0.000498457 0.000444488 
590000 0.000490008 0.000431591 
600000 0.000487257 0.000440399 
610000 0.000480559 0.000409511 
620000 0.000472808 0.000425492 
630000 0.000465303 0.000389594 
640000 0.000458849 0.000409904 
650000 0.00045179 0.000413897 
660000 0.000444944 0.000403061 
670000 0.00043907 0.000378357 
680000 0.00043555 0.00041165 
690000 0.00043063 0.000395743 
700000 0.000428412 0.000368405 
710000 0.000422817 0.000381682 
720000 0.000416944 0.00045009 
730000 0.000411233 0.000454093 
740000 0.000405912 0.000494295 
750000 0.0004005 0.000511765 
760000 0.00039523 0.000530561 
770000 0.000390097 0.000535339 
780000 0.000386151 0.000510275 
790000 0.000381263 0.000456636 
800000 0.000376497 0.00048691 
810000 0.000371849 0.00050272 
820000 0.000367314 0.000520413 
830000 0.000362889 0.00043265 
840000 0.000358568 0.000402159 
850000 0.00035435 0.000421901 
860000 0.00035023 0.000362322 
870000 0.000346204 0.000377186 
880000 0.000342556 0.000404396 
890000 0.000338707 0.000387985 
900000 0.000335649 0.000379919 
910000 0.000335883 0.000386239 
920000 0.000332232 0.000377747 
930000 0.00032866 0.000367461 
940000 0.000326488 0.000337528 
950000 0.000323051 0.000324439 
960000 0.000319686 0.000315218 
970000 0.000316669 0.000327486 
980000 0.000315 0.000308537 
990000 0.000312677 0.000317181 
1000000 0.00030955 0.000304829 
1010000 0.000306485 0.000318903 
1020000 0.000303481 0.000323144 
1030000 0.000302018 0.000404279 
1040000 0.000299114 0.000418244 
1050000 0.000296622 0.000395047 
1060000 0.000293824 0.000375028 
1070000 0.000291666 0.000360415 
1080000 0.00028954 0.000323856 
1090000 0.000287458 0.000289584 
1100000 0.000284718 0.000305239 
1110000 0.000282153 0.000309418 
1120000 0.000279634 0.000293801 
1130000 0.000277159 0.000287913 
1140000 0.000274728 0.000286871 
1150000 0.000272339 0.00032863 
1160000 0.0002706 0.000367851 
1170000 0.000268287 0.000375142 
1180000 0.000266014 0.000394493 
1190000 0.000263778 0.000377552 
1200000 0.00026017 0.000367475 
1210000 0.000259323 0.000392155 
1220000 0.000257197 0.000387375 
1230000 0.000255106 0.000365985 
1240000 0.000253144 0.000359238 
1250000 0.000255336 0.000349597 
1260000 0.00025409 0.000366215 
1270000 0.000252089 0.000369832 
1280000 0.000250119 0.000371184 
1290000 0.00024818 0.000391047 
1300000 0.000246271 0.000391022 
1310000 0.000244871 0.000408452 
1320000 0.000243498 0.000409642 
1330000 0.000241667 0.000410447 
1340000 0.000239863 0.000408318 
1350000 0.000238087 0.000414112 
1360000 0.000236336 0.000397578 
1370000 0.00023465 0.000402283 
1380000 0.000233276 0.000409877 
1390000 0.000232902 0.000412432 
1400000 0.000231239 0.000411944 
1410000 0.000229599 0.000409022 
1420000 0.000227982 0.000406728 
1430000 0.000226388 0.000406515 
1440000 0.00022582 0.000403882 
1450000 0.000224429 0.000401096 
1460000 0.000222892 0.000398349 
1470000 0.000221376 0.000396411 
1480000 0.00021988 0.000393732 
1490000 0.000218404 0.00039109 
1500000 0.000216948 0.000388482 
1510000 0.000215512 0.00038591 
1520000 0.000214094 0.000383371 
1530000 0.000212694 0.000380865 
1540000 0.000211313 0.000378392 
1550000 0.00020995 0.000375951 
1560000 0.000208604 0.000373541 
1570000 0.000208049 0.000371004 
1580000 0.000206733 0.000368656 
1590000 0.000205432 0.000366337 
1600000 0.000204148 0.000364048 
1610000 0.000203793 0.000362848 
1620000 0.000202535 0.000360608 
1630000 0.000201293 0.000358396 
1640000 0.000200065 0.00035621 
1650000 0.000198853 0.000354051 
1660000 0.000197655 0.000351919 
1670000 0.000196815 0.000349811 
1680000 0.000195643 0.000347729 
1690000 0.000194486 0.000345671 
1700000 0.000193342 0.000343638 
1710000 0.000192211 0.000341629 
1720000 0.000191094 0.000339642 
1730000 0.000189989 0.000337679 
1740000 0.000188897 0.000335738 
1750000 0.000187818 0.00033382 
1760000 0.000186751 0.000331923 
1770000 0.000185695 0.000330048 
1780000 0.000184652 0.000328194 
1790000 0.000183621 0.00032636 
1800000 0.000182925 0.000324547 
1810000 0.000182231 0.000322754 
1820000 0.00018123 0.000320981 
1830000 0.000180239 0.000319227 
1840000 0.00017926 0.000317492 
1850000 0.000178291 0.000315776 
1860000 0.000177332 0.000314078 
1870000 0.000176384 0.000312398 
1880000 0.000175446 0.000310737 
1890000 0.000174518 0.000309093 
1900000 0.000173599 0.000307466 
1910000 0.00017269 0.000305856 
1920000 0.000171791 0.000304263 
1930000 0.000170901 0.000302686 
1940000 0.00017002 0.000301126 
1950000 0.000169148 0.000299582 
1960000 0.000168285 0.000298053 
1970000 0.000167431 0.000296541 
1980000 0.000166585 0.000295043 
1990000 0.000165748 0.00029356 
2000000 0.000164919 0.000292092 
2010000 0.000164099 0.000290639 
2020000 0.000163286 0.0002892 
2030000 0.000162482 0.000287776 
2040000 0.000161685 0.000286365 
2050000 0.000160897 0.000284968 
2060000 0.000160116 0.000283585 
2070000 0.000159342 0.000282215 
2080000 0.000158576 0.000280858 
2090000 0.000157817 0.000279514 
2100000 0.000157066 0.000278183 
2110000 0.000156321 0.000276865 
2120000 0.000155584 0.000275559 
2130000 0.000154854 0.000274265 
2140000 0.00015413 0.000272984 
2150000 0.000153413 0.000271714 
2160000 0.000152703 0.000270456 
2170000 0.000151999 0.00026921 
2180000 0.000151302 0.000267975 
2190000 0.000150611 0.000266751 
2200000 0.000149926 0.000265539 
2210000 0.000149248 0.000264337 
2220000 0.000148576 0.000263146 
2230000 0.000147909 0.000261966 
2240000 0.000147533 0.00026079 
2250000 0.000146877 0.000259631 
2260000 0.000146227 0.000258482 
2270000 0.000145583 0.000257344 
2280000 0.000144944 0.000256215 
2290000 0.000144312 0.000255096 
2300000 0.000143684 0.000253987 
2310000 0.000143062 0.000252887 
2320000 0.000142445 0.000251797 
2330000 0.000141834 0.000250717 
2340000 0.000141228 0.000249645 
2350000 0.000140627 0.000248583 
2360000 0.000140031 0.00024753 
2370000 0.00013944 0.000246485 
2380000 0.000138854 0.00024545 
2390000 0.000138273 0.000244423 
2400000 0.000137697 0.000243404 
2410000 0.000137126 0.000242394 
2420000 0.000136559 0.000241393 
2430000 0.000135997 0.000240399 
2440000 0.00013544 0.000239414 
2450000 0.000134887 0.000238437 
2460000 0.000134339 0.000237467 
2470000 0.000133795 0.000236506 
2480000 0.000133255 0.000235552 
2490000 0.00013272 0.000234606 
2500000 0.000132189 0.000233668 
2510000 0.000131663 0.000232737 
2520000 0.00013114 0.000231813 
2530000 0.000130622 0.000230897 
2540000 0.000130108 0.000229988 
2550000 0.000129597 0.000229086 
2560000 0.000129091 0.000228191 
2570000 0.000128589 0.000227303 
2580000 0.00012809 0.000226422 
2590000 0.000127596 0.000225548 
2600000 0.000127105 0.000224681 
2610000 0.000126618 0.00022382 
2620000 0.000126135 0.000222966 
2630000 0.000125655 0.000222118 
2640000 0.000125179 0.000221276 
2650000 0.000124707 0.000220441 
2660000 0.000124238 0.000219613 
2670000 0.000123773 0.00021879 
2680000 0.000123311 0.000217974 
2690000 0.000122853 0.000217164 
2700000 0.000122398 0.000216359 
2710000 0.000121946 0.000215561 
2720000 0.000121498 0.000214768 
2730000 0.000121053 0.000213982 
2740000 0.000120611 0.000213201 
2750000 0.000120172 0.000212425 
2760000 0.000119737 0.000211656 
2770000 0.000119304 0.000210892 
2780000 0.000118875 0.000210133 
2790000 0.000118449 0.00020938 
2800000 0.000118026 0.000208632 
2810000 0.000117606 0.00020789 
2820000 0.000117189 0.000207152 
2830000 0.000116775 0.00020642 
2840000 0.000116364 0.000205694 
2850000 0.000115956 0.000204972 
2860000 0.00011555 0.000204255 
2870000 0.000115148 0.000203544 
2880000 0.000114748 0.000202837 
2890000 0.000114351 0.000202135 
2900000 0.000113956 0.000201438 
2910000 0.000113565 0.000200746 
2920000 0.00011374 0.00020008 
2930000 0.000113803 0.000199398 
2940000 0.000113416 0.000198719 
2950000 0.000113032 0.000198046 
2960000 0.00011265 0.000197377 
2970000 0.00011227 0.000196712 
2980000 0.000111996 0.000196052 
2990000 0.000111719 0.000195396 
3000000 0.000111347 0.000194745 
3010000 0.000110977 0.000194098 
3020000 0.000109856 0.000193455 
3030000 0.000110643 0.00019281 
3040000 0.000110279 0.000192175 
3050000 0.000109918 0.000191545 
3060000 0.000109559 0.000190919 
3070000 0.000109202 0.000190297 
3080000 0.000108847 0.00018968 
3090000 0.000108495 0.000189066 
3100000 0.000108181 0.000188456 
3110000 0.000107869 0.00018785 
3120000 0.000107523 0.000187248 
3130000 0.00010718 0.00018665 
3140000 0.000106838 0.000186055 
3150000 0.000106499 0.000185464 
3160000 0.000106162 0.000184878 
3170000 0.000105827 0.000184294 
3180000 0.000105494 0.000183715 
3190000 0.000105164 0.000183139 
3200000 0.000104835 0.000182567 
3210000 0.000104508 0.000181998 
3220000 0.000104184 0.000181433 
3230000 0.000103861 0.000180871 
3240000 0.000103541 0.000180313 
3250000 0.000103222 0.000179758 
3260000 0.000102906 0.000179206 
3270000 0.000102591 0.000178658 
3280000 0.000102278 0.000178114 
3290000 0.000101967 0.000177572 
3300000 0.000101658 0.000177034 
3310000 0.000101351 0.000176499 
3320000 0.000101271 0.000175968 
3330000 0.000100967 0.000175439 
3340000 0.000100665 0.000174914 
3350000 0.000100364 0.000174392 
3360000 0.000100065 0.000173873 
3370000 9.97685e-05 0.000173357 
3380000 9.94733e-05 0.000172844 
3390000 9.91799e-05 0.000172334 
3400000 9.88882e-05 0.000171827 
3410000 9.85982e-05 0.000171323 
3420000 9.83099e-05 0.000170823 
3430000 9.80233e-05 0.000170325 
3440000 9.77383e-05 0.000169829 
3450000 9.7455e-05 0.000169337 
3460000 9.71734e-05 0.000168848 
3470000 9.68933e-05 0.000168361 
3480000 9.66149e-05 0.000167877 
3490000 9.63381e-05 0.000167396 
3500000 9.60628e-05 0.000166918 
3510000 9.57891e-05 0.000166442 
3520000 9.5517e-05 0.00016597 
3530000 9.52464e-05 0.000165499 
3540000 9.49774e-05 0.000165032 
3550000 9.47098e-05 0.000164567 
3560000 9.44438e-05 0.000164105 
3570000 9.41792e-05 0.000163645 
3580000 9.39162e-05 0.000163188 
3590000 9.36546e-05 0.000162733 
3600000 9.33944e-05 0.000162281 
3610000 9.31357e-05 0.000161832 
3620000 9.28784e-05 0.000161385 
3630000 9.26225e-05 0.00016094 
3640000 9.23681e-05 0.000160498 
3650000 9.2115e-05 0.000160058 
3660000 9.18633e-05 0.000159621 
3670000 9.1613e-05 0.000159186 
3680000 9.13641e-05 0.000158754 
3690000 9.11165e-05 0.000158323 
3700000 9.08702e-05 0.000157895 
3710000 9.06253e-05 0.00015747 
3720000 9.03817e-05 0.000157047 
3730000 9.01394e-05 0.000156625 
3740000 8.98984e-05 0.000156207 
3750000 8.96586e-05 0.00015579 
3760000 8.94202e-05 0.000155376 
3770000 8.9183e-05 0.000154964 
3780000 8.8947e-05 0.000154554 
3790000 8.87124e-05 0.000154146 
3800000 8.84789e-05 0.00015374 
3810000 8.82467e-05 0.000153337 
3820000 8.80157e-05 0.000152935 
3830000 8.78838e-05 0.000152536 
3840000 8.76549e-05 0.000152139 
3850000 8.74273e-05 0.000151744 
3860000 8.72008e-05 0.000151351 
3870000 8.69755e-05 0.000150959 
3880000 8.67513e-05 0.00015057 
3890000 8.65283e-05 0.000150183 
3900000 8.63064e-05 0.000149798 
3910000 8.60857e-05 0.000149415 
3920000 8.58661e-05 0.000149034 
3930000 8.56476e-05 0.000148655 
3940000 8.54302e-05 0.000148277 
3950000 8.52139e-05 0.000147902 
3960000 8.49987e-05 0.000147529 
3970000 8.47846e-05 0.000147157 
3980000 8.45716e-05 0.000146787 
3990000 8.43597e-05 0.000146419 
4000000 8.41488e-05 0.000146053 
4010000 8.39389e-05 0.000145689 
4020000 8.37301e-05 0.000145327 
4030000 8.35223e-05 0.000144966 
4040000 8.33156e-05 0.000144607 
4050000 8.31099e-05 0.00014425 
4060000 8.29052e-05 0.000143895 
4070000 8.27015e-05 0.000143541 
4080000 8.24988e-05 0.000143189 
4090000 8.22971e-05 0.000142839 
4100000 8.20963e-05 0.000142491 
4110000 8.18966e-05 0.000142144 
4120000 8.16978e-05 0.000141799 
4130000 8.15e-05 0.000141456 
4140000 8.13031e-05 0.000141114 
4150000 8.11072e-05 0.000140774 
4160000 8.09123e-05 0.000140436 
4170000 8.07182e-05 0.000140099 
4180000 8.05251e-05 0.000139764 
4190000 8.03329e-05 0.00013943 
4200000 8.01417e-05 0.000139098 
4210000 7.99513e-05 0.000138768 
4220000 7.97619e-05 0.000138439 
4230000 7.95733e-05 0.000138112 
4240000 7.93856e-05 0.000137786 
4250000 7.91988e-05 0.000137462 
4260000 7.90129e-05 0.000137139 
4270000 7.88279e-05 0.000136818 
4280000 7.86437e-05 0.000136498 
4290000 7.84604e-05 0.00013618 
4300000 7.82779e-05 0.000135864 
4310000 7.80963e-05 0.000135548 
4320000 7.79155e-05 0.000135235 
4330000 7.77356e-05 0.000134922 
4340000 7.75565e-05 0.000134611 
4350000 7.73782e-05 0.000134302 
4360000 7.72007e-05 0.000133994 
4370000 7.7024e-05 0.000133687 
4380000 7.68482e-05 0.000133382 
4390000 7.66731e-05 0.000133078 
4400000 7.64989e-05 0.000132776 
4410000 7.63254e-05 0.000132475 
4420000 7.61527e-05 0.000132175 
4430000 7.59808e-05 0.000131877 
4440000 7.58097e-05 0.00013158 
4450000 7.56393e-05 0.000131284 
4460000 7.54697e-05 0.000130989 
4470000 7.53009e-05 0.000130696 
4480000 7.51328e-05 0.000130405 
4490000 7.49655e-05 0.000130114 
4500000 7.47989e-05 0.000129825 
4510000 7.4633e-05 0.000129537 
4520000 7.44679e-05 0.000129251 
4530000 7.43035e-05 0.000128965 
4540000 7.41399e-05 0.000128681 
4550000 7.39769e-05 0.000128398 
4560000 7.38147e-05 0.000128117 
4570000 7.36532e-05 0.000127837 
4580000 7.34924e-05 0.000127557 
4590000 7.33322e-05 0.00012728 
4600000 7.31728e-05 0.000127003 
4610000 7.30141e-05 0.000126727 
4620000 7.28561e-05 0.000126453 
4630000 7.26987e-05 0.00012618 
4640000 7.2542e-05 0.000125908 
4650000 7.2386e-05 0.000125637 
4660000 7.22307e-05 0.000125368 
4670000 7.2076e-05 0.000125099 
4680000 7.1922e-05 0.000124832 
4690000 7.17687e-05 0.000124566 
4700000 7.1616e-05 0.000124301 
4710000 7.14639e-05 0.000124037 
4720000 7.13125e-05 0.000123774 
4730000 7.11617e-05 0.000123512 
4740000 7.10116e-05 0.000123252 
4750000 7.08621e-05 0.000122992 
4760000 7.07132e-05 0.000122734 
4770000 7.0565e-05 0.000122477 
4780000 7.04174e-05 0.00012222 
4790000 7.02704e-05 0.000121965 
4800000 7.0124e-05 0.000121711 
4810000 6.99782e-05 0.000121458 
4820000 6.9833e-05 0.000121206 
4830000 6.96884e-05 0.000120955 
4840000 6.95444e-05 0.000120705 
4850000 6.9401e-05 0.000120456 
4860000 6.92582e-05 0.000120208 
4870000 6.9116e-05 0.000119962 
4880000 6.89744e-05 0.000119716 
4890000 6.88333e-05 0.000119471 
4900000 6.86929e-05 0.000119227 
4910000 6.8553e-05 0.000118984 
4920000 6.84136e-05 0.000118743 
4930000 6.82749e-05 0.000118502 
4940000 6.81366e-05 0.000118262 
4950000 6.7999e-05 0.000118023 
4960000 6.78619e-05 0.000117785 
4970000 6.77254e-05 0.000117548 
4980000 6.75894e-05 0.000117312 
4990000 6.74539e-05 0.000117077 
5000000 6.7319e-05 0.000116843 
5010000 6.71846e-05 0.000116609 
5020000 6.70508e-05 0.000116377 
5030000 6.69175e-05 0.000116146 
5040000 6.67847e-05 0.000115915 
5050000 6.66525e-05 0.000115686 
5060000 6.65208e-05 0.000115457 
5070000 6.63896e-05 0.000115229 
5080000 6.62589e-05 0.000115003 
5090000 6.61287e-05 0.000114777 
5100000 6.5999e-05 0.000114552 
5110000 6.58699e-05 0.000114327 
5120000 6.57412e-05 0.000114104 
5130000 6.56131e-05 0.000113882 
5140000 6.54854e-05 0.00011366 
5150000 6.53583e-05 0.000113439 
5160000 6.52316e-05 0.00011322 
5170000 6.51054e-05 0.000113001 
5180000 6.49797e-05 0.000112782 
5190000 6.48545e-05 0.000112565 
5200000 6.47298e-05 0.000112349 
5210000 6.46056e-05 0.000112133 
5220000 6.44818e-05 0.000111918 
5230000 6.43585e-05 0.000111704 
5240000 6.42357e-05 0.000111491 
5250000 6.41133e-05 0.000111279 
5260000 6.39914e-05 0.000111067 
5270000 6.387e-05 0.000110856 
5280000 6.37491e-05 0.000110646 
5290000 6.36285e-05 0.000110437 
5300000 6.35085e-05 0.000110229 
5310000 6.33889e-05 0.000110021 
5320000 6.32697e-05 0.000109814 
5330000 6.3151e-05 0.000109608 
5340000 6.30328e-05 0.000109403 
5350000 6.2915e-05 0.000109199 
5360000 6.27976e-05 0.000108995 
5370000 6.26806e-05 0.000108792 
5380000 6.25641e-05 0.00010859 
5390000 6.24481e-05 0.000108388 
5400000 6.23324e-05 0.000108188 
5410000 6.22172e-05 0.000107988 
5420000 6.21024e-05 0.000107788 
5430000 6.1988e-05 0.00010759 
5440000 6.18741e-05 0.000107392 
5450000 6.17606e-05 0.000107195 
5460000 6.16474e-05 0.000106999 
5470000 6.15347e-05 0.000106803 
5480000 6.14225e-05 0.000106608 
5490000 6.13106e-05 0.000106414 
5500000 6.11991e-05 0.000106221 
5510000 6.1088e-05 0.000106028 
5520000 6.09774e-05 0.000105836 
5530000 6.08671e-05 0.000105644 
5540000 6.07572e-05 0.000105454 
5550000 6.06478e-05 0.000105264 
5560000 6.05387e-05 0.000105074 
5570000 6.043e-05 0.000104886 
5580000 6.03217e-05 0.000104698 
5590000 6.02138e-05 0.00010451 
5600000 6.01063e-05 0.000104324 
5610000 5.99991e-05 0.000104138 
5620000 5.98924e-05 0.000103953 
5630000 5.9786e-05 0.000103768 
5640000 5.968e-05 0.000103584 
5650000 5.95743e-05 0.000103401 
5660000 5.94691e-05 0.000103218 
5670000 5.93642e-05 0.000103036 
5680000 5.92597e-05 0.000102854 
5690000 5.91555e-05 0.000102674 
5700000 5.90518e-05 0.000102494 
5710000 5.89483e-05 0.000102314 
5720000 5.88453e-05 0.000102135 
5730000 5.87426e-05 0.000101957 
5740000 5.86402e-05 0.000101779 
5750000 5.85383e-05 0.000101602 
5760000 5.84366e-05 0.000101426 
5770000 5.83354e-05 0.00010125 
5780000 5.82344e-05 0.000101075 
5790000 5.81339e-05 0.0001009 
5800000 5.80336e-05 0.000100726 
5810000 5.79337e-05 0.000100553 
5820000 5.78342e-05 0.00010038 
5830000 5.7735e-05 0.000100208 
5840000 5.76361e-05 0.000100036 
5850000 5.75376e-05 9.98655e-05 
5860000 5.74394e-05 9.96951e-05 
5870000 5.73416e-05 9.95252e-05 
5880000 5.72441e-05 9.9356e-05 
5890000 5.71469e-05 9.91873e-05 
5900000 5.705e-05 9.90192e-05 
5910000 5.69535e-05 9.88516e-05 
5920000 5.68573e-05 9.86846e-05 
5930000 5.67614e-05 9.85182e-05 
5940000 5.66658e-05 9.83524e-05 
5950000 5.65706e-05 9.81871e-05 
5960000 5.64757e-05 9.80223e-05 
5970000 5.63811e-05 9.78581e-05 
5980000 5.62868e-05 9.76945e-05 
5990000 5.61928e-05 9.75314e-05 
6000000 5.60992e-05 9.73689e-05 
6010000 5.60058e-05 9.72068e-05 
6020000 5.59128e-05 9.70454e-05 
6030000 5.58201e-05 9.68844e-05 
6040000 5.57277e-05 9.6724e-05 
6050000 5.56355e-05 9.65642e-05 
6060000 5.55437e-05 9.64048e-05 
6070000 5.54522e-05 9.6246e-05 
6080000 5.5361e-05 9.60877e-05 
6090000 5.52701e-05 9.59299e-05 
6100000 5.51795e-05 9.57726e-05 
6110000 5.50892e-05 9.56159e-05 
6120000 5.49992e-05 9.54597e-05 
6130000 5.49095e-05 9.53039e-05 
6140000 5.482e-05 9.51487e-05 
6150000 5.47309e-05 9.4994e-05 
6160000 5.46421e-05 9.48398e-05 
6170000 5.45535e-05 9.46861e-05 
6180000 5.44652e-05 9.45329e-05 
6190000 5.4532e-05 9.43801e-05 
6200000 5.44441e-05 9.42279e-05 
6210000 5.43564e-05 9.40762e-05 
6220000 5.4269e-05 9.39249e-05 
6230000 5.41819e-05 9.37742e-05 
6240000 5.40951e-05 9.36239e-05 
6250000 5.40085e-05 9.34741e-05 
6260000 5.39222e-05 9.33248e-05 
6270000 5.38362e-05 9.31759e-05 
6280000 5.37505e-05 9.30276e-05 
6290000 5.3665e-05 9.28797e-05 
6300000 5.35799e-05 9.27322e-05 
6310000 5.3495e-05 9.25853e-05 
6320000 5.34103e-05 9.24388e-05 
6330000 5.33259e-05 9.22928e-05 
6340000 5.32418e-05 9.21472e-05 
6350000 5.3158e-05 9.20021e-05 
6360000 5.30744e-05 9.18574e-05 
6370000 5.29911e-05 9.17132e-05 
6380000 5.2908e-05 9.15695e-05 
6390000 5.28252e-05 9.14262e-05 
6400000 5.27427e-05 9.12833e-05 
6410000 5.26604e-05 9.11409e-05 
6420000 5.25784e-05 9.09989e-05 
6430000 5.24966e-05 9.08574e-05 
6440000 5.24151e-05 9.07163e-05 
6450000 5.23338e-05 9.05757e-05 
6460000 5.22528e-05 9.04355e-05 
6470000 5.2172e-05 9.02957e-05 
6480000 5.20915e-05 9.01563e-05 
6490000 5.20113e-05 9.00174e-05 
6500000 5.19313e-05 8.98789e-05 
6510000 5.18515e-05 8.97409e-05 
6520000 5.1772e-05 8.96032e-05 
6530000 5.16927e-05 8.9466e-05 
6540000 5.16136e-05 8.93292e-05 
6550000 5.15348e-05 8.91928e-05 
6560000 5.14563e-05 8.90569e-05 
6570000 5.1378e-05 8.89213e-05 
6580000 5.12999e-05 8.87862e-05 
6590000 5.1222e-05 8.86515e-05 
6600000 5.11444e-05 8.85171e-05 
6610000 5.1067e-05 8.83832e-05 
6620000 5.09899e-05 8.82497e-05 
6630000 5.0913e-05 8.81166e-05 
6640000 5.08363e-05 8.79839e-05 
6650000 5.07599e-05 8.78516e-05 
6660000 5.06837e-05 8.77197e-05 
6670000 5.06077e-05 8.75882e-05 
6680000 5.05319e-05 8.74571e-05 
6690000 5.04564e-05 8.73263e-05 
6700000 5.03811e-05 8.7196e-05 
6710000 5.0306e-05 8.7066e-05 
6720000 5.02311e-05 8.69365e-05 
6730000 5.01565e-05 8.68073e-05 
6740000 5.00821e-05 8.66785e-05 
6750000 5.00079e-05 8.65501e-05 
6760000 4.99339e-05 8.64221e-05 
6770000 4.98601e-05 8.62944e-05 
6780000 4.97866e-05 8.61671e-05 
6790000 4.97133e-05 8.65302e-05 
6800000 4.96402e-05 8.69374e-05 
6810000 4.95673e-05 8.70581e-05 
6820000 4.94946e-05 8.71489e-05 
6830000 4.94221e-05 8.6712e-05 
6840000 4.93499e-05 8.74547e-05 
6850000 4.92778e-05 8.67784e-05 
6860000 4.9206e-05 8.53352e-05 
6870000 4.91344e-05 8.73044e-05 
6880000 4.9063e-05 8.74816e-05 
6890000 4.89917e-05 8.85111e-05 
6900000 4.89207e-05 8.73603e-05 
6910000 4.885e-05 8.73104e-05 
6920000 4.87794e-05 8.90475e-05 
6930000 4.8709e-05 8.69429e-05 
6940000 4.86388e-05 8.23033e-05 
6950000 4.85688e-05 8.03197e-05 
6960000 4.8499e-05 7.6296e-05 
6970000 4.84294e-05 7.30012e-05 
6980000 4.83601e-05 7.66435e-05 
6990000 4.82909e-05 7.90906e-05 
7000000 4.82219e-05 7.88621e-05 
7010000 4.81531e-05 7.64807e-05 
7020000 4.80845e-05 7.60091e-05 
7030000 4.80161e-05 7.97057e-05 
7040000 4.79479e-05 7.66544e-05 
7050000 4.78799e-05 7.42839e-05 
7060000 4.78121e-05 7.67208e-05 
7070000 4.77444e-05 7.48671e-05 
7080000 4.7677e-05 6.88262e-05 
7090000 4.76098e-05 6.255e-05 
7100000 4.75427e-05 6.49296e-05 
7110000 4.74636e-05 6.47925e-05 
7120000 4.75063e-05 6.47257e-05 
7130000 4.74397e-05 6.31892e-05 
7140000 4.73121e-05 6.67227e-05 
7150000 4.73276e-05 6.17402e-05 
7160000 4.72615e-05 6.03369e-05 
7170000 4.71956e-05 6.05509e-05 
7180000 4.71299e-05 6.19595e-05 
7190000 4.74303e-05 6.07698e-05 
7200000 4.73644e-05 5.79577e-05 
7210000 4.72987e-05 6.1593e-05 
7220000 4.72332e-05 6.1703e-05 
7230000 4.71679e-05 5.97633e-05 
7240000 4.71028e-05 6.13075e-05 
7250000 4.70378e-05 5.86295e-05 
7260000 4.6973e-05 5.98087e-05 
7270000 4.69084e-05 6.10807e-05 
7280000 4.6844e-05 6.07484e-05 
7290000 4.67797e-05 5.90365e-05 
7300000 4.67156e-05 5.79537e-05 
7310000 4.66517e-05 5.94234e-05 
7320000 4.6588e-05 5.99969e-05 
7330000 4.65244e-05 5.78492e-05 
7340000 4.6461e-05 5.98769e-05 
7350000 4.63978e-05 6.3944e-05 
7360000 4.63348e-05 6.36081e-05 
7370000 4.62719e-05 6.44588e-05 
7380000 4.62092e-05 6.61082e-05 
7390000 4.61467e-05 6.53325e-05 
7400000 4.60843e-05 6.65335e-05 
7410000 4.60221e-05 6.59869e-05 
7420000 4.59601e-05 6.43126e-05 
7430000 4.58982e-05 6.55739e-05 
7440000 4.58366e-05 6.45111e-05 
7450000 4.58964e-05 6.22725e-05 
7460000 4.58349e-05 6.41374e-05 
7470000 4.57735e-05 6.41222e-05 
7480000 4.57124e-05 6.18859e-05 
7490000 4.56513e-05 6.10146e-05 
7500000 4.55905e-05 5.99759e-05 
7510000 4.55297e-05 5.94021e-05 
7520000 4.54692e-05 6.17248e-05 
7530000 4.54088e-05 5.99016e-05 
7540000 4.53486e-05 5.97946e-05 
7550000 4.52885e-05 6.42513e-05 
7560000 4.52286e-05 6.30957e-05 
7570000 4.51689e-05 6.69737e-05 
7580000 4.51093e-05 6.30443e-05 
7590000 4.50499e-05 6.14473e-05 
7600000 4.49906e-05 6.68428e-05 
7610000 4.49315e-05 6.54763e-05 
7620000 4.48725e-05 6.90689e-05 
7630000 4.48137e-05 7.25707e-05 
7640000 4.4755e-05 7.30198e-05 
7650000 4.46965e-05 7.36094e-05 
7660000 4.46382e-05 6.97197e-05 
7670000 4.458e-05 6.68309e-05 
7680000 4.45219e-05 7.06478e-05 
7690000 4.4464e-05 6.83457e-05 
7700000 4.44063e-05 5.96277e-05 
7710000 4.43487e-05 5.89205e-05 
7720000 4.42912e-05 6.11425e-05 
7730000 4.42339e-05 6.00837e-05 
7740000 4.41768e-05 6.09433e-05 
7750000 4.41198e-05 6.43408e-05 
7760000 4.40629e-05 6.48614e-05 
7770000 4.40062e-05 6.49958e-05 
7780000 4.39497e-05 6.47902e-05 
7790000 4.38932e-05 6.59693e-05 
7800000 4.3837e-05 6.79757e-05 
7810000 4.37808e-05 6.68692e-05 
7820000 4.37249e-05 6.7964e-05 
7830000 4.3669e-05 6.77339e-05 
7840000 4.36133e-05 6.6242e-05 
7850000 4.35578e-05 6.81606e-05 
7860000 4.35023e-05 6.80032e-05 
7870000 4.34471e-05 6.87667e-05 
7880000 4.33919e-05 6.96025e-05 
7890000 4.33369e-05 6.8777e-05 
7900000 4.32821e-05 7.00429e-05 
7910000 4.32274e-05 7.08081e-05 
7920000 4.31728e-05 7.07187e-05 
7930000 4.31183e-05 7.06393e-05 
7940000 4.3064e-05 7.05504e-05 
7950000 4.30099e-05 7.04616e-05 
7960000 4.29558e-05 7.03731e-05 
7970000 4.29019e-05 7.02848e-05 
7980000 4.28482e-05 7.01967e-05 
7990000 4.27945e-05 7.01089e-05 
8000000 4.27411e-05 7.00212e-05 
8010000 4.26877e-05 6.99338e-05 
8020000 4.26345e-05 6.98466e-05 
8030000 4.25814e-05 6.97596e-05 
8040000 4.25284e-05 6.96729e-05 
8050000 4.24756e-05 6.95863e-05 
8060000 4.24229e-05 6.95e-05 
8070000 4.23703e-05 6.94139e-05 
8080000 4.23179e-05 6.9328e-05 
8090000 4.22656e-05 6.92423e-05 
8100000 4.22134e-05 6.91568e-05 
8110000 4.21613e-05 6.90715e-05 
8120000 4.21094e-05 6.89864e-05 
8130000 4.20576e-05 6.89016e-05 
8140000 4.20059e-05 6.88169e-05 
8150000 4.19544e-05 6.87325e-05 
8160000 4.1903e-05 6.86483e-05 
8170000 4.18517e-05 6.85643e-05 
8180000 4.18005e-05 6.84804e-05 
8190000 4.17495e-05 6.83968e-05 
8200000 4.16986e-05 6.83134e-05 
8210000 4.16478e-05 6.82302e-05 
8220000 4.15971e-05 6.81472e-05 
8230000 4.15466e-05 6.80644e-05 
8240000 4.14962e-05 6.79818e-05 
8250000 4.14459e-05 6.78994e-05 
8260000 4.13957e-05 6.78172e-05 
8270000 4.14212e-05 6.77352e-05 
8280000 4.13712e-05 6.76534e-05 
8290000 4.13213e-05 6.75718e-05 
8300000 4.13594e-05 6.75698e-05 
8310000 4.13845e-05 6.74885e-05 
8320000 4.13347e-05 6.74074e-05 
8330000 4.12851e-05 6.73265e-05 
8340000 4.12356e-05 6.72457e-05 
8350000 4.11862e-05 6.71652e-05 
8360000 4.1137e-05 6.70849e-05 
8370000 4.10878e-05 6.70047e-05 
8380000 4.10388e-05 6.69248e-05 
8390000 4.09899e-05 6.6845e-05 
8400000 4.09411e-05 6.67654e-05 
8410000 4.08924e-05 6.6686e-05 
8420000 4.08438e-05 6.66068e-05 
8430000 4.07954e-05 6.65278e-05 
8440000 4.0747e-05 6.6504e-05 
8450000 4.06988e-05 6.64205e-05 
8460000 4.06507e-05 6.66441e-05 
8470000 4.06027e-05 6.66423e-05 
8480000 4.05548e-05 6.66886e-05 
8490000 4.05071e-05 6.67691e-05 
8500000 4.04594e-05 6.65714e-05 
8510000 4.04119e-05 6.67983e-05 
8520000 4.03644e-05 6.67199e-05 
8530000 4.03171e-05 6.66517e-05 
8540000 4.02699e-05 6.66061e-05 
8550000 4.02228e-05 6.65406e-05 
8560000 4.01758e-05 6.64629e-05 
8570000 4.01289e-05 6.6407e-05 
8580000 4.00822e-05 6.64535e-05 
8590000 4.00355e-05 6.6377e-05 
8600000 3.9989e-05 6.62998e-05 
8610000 3.99425e-05 6.62469e-05 
8620000 3.98962e-05 6.617e-05 
8630000 3.98499e-05 6.60084e-05 
8640000 3.98038e-05 6.61789e-05 
8650000 3.97578e-05 6.61024e-05 
8660000 3.97119e-05 6.60635e-05 
8670000 3.96661e-05 6.60758e-05 
8680000 3.96204e-05 6.61472e-05 
8690000 3.95748e-05 6.61494e-05 
8700000 3.95293e-05 6.60733e-05 
8710000 3.94839e-05 6.59975e-05 
8720000 3.95731e-05 6.59218e-05 
8730000 3.95278e-05 6.58463e-05 
8740000 3.94825e-05 6.57709e-05 
8750000 3.95081e-05 6.56958e-05 
8760000 3.9463e-05 6.5685e-05 
8770000 3.9418e-05 6.57221e-05 
8780000 3.93731e-05 6.57108e-05 
8790000 3.93283e-05 6.57207e-05 
8800000 3.92836e-05 6.56126e-05 
8810000 3.9239e-05 6.50477e-05 
8820000 3.91945e-05 6.42596e-05 
8830000 3.91501e-05 6.32387e-05 
8840000 3.91058e-05 6.40787e-05 
8850000 3.90617e-05 6.47821e-05 
8860000 3.90176e-05 6.46188e-05 
8870000 3.89736e-05 6.44557e-05 
8880000 3.89297e-05 6.55651e-05 
8890000 3.88859e-05 6.56995e-05 
8900000 3.88422e-05 6.4899e-05 
8910000 3.87986e-05 6.52266e-05 
8920000 3.87551e-05 6.57703e-05 
8930000 3.87117e-05 6.6134e-05 
8940000 3.86684e-05 6.60602e-05 
8950000 3.86252e-05 6.59864e-05 
8960000 3.85821e-05 6.59127e-05 
8970000 3.85391e-05 6.58392e-05 
8980000 3.84962e-05 6.57679e-05 
8990000 3.84533e-05 6.56948e-05 
9000000 3.84106e-05 6.56218e-05 
9010000 3.84245e-05 6.55302e-05 
9020000 3.83819e-05 6.57091e-05 
9030000 3.83394e-05 6.56411e-05 
9040000 3.8297e-05 6.5812e-05 
9050000 3.82547e-05 6.58103e-05 
9060000 3.82125e-05 6.57377e-05 
9070000 3.81704e-05 6.56652e-05 
9080000 3.81283e-05 6.55929e-05 
9090000 3.80864e-05 6.55207e-05 
9100000 3.81097e-05 6.54624e-05 
9110000 3.80679e-05 6.53906e-05 
9120000 3.80262e-05 6.53189e-05 
9130000 3.79845e-05 6.52473e-05 
9140000 3.7943e-05 6.51759e-05 
9150000 3.79015e-05 6.51047e-05 
9160000 3.78601e-05 6.50336e-05 
9170000 3.78188e-05 6.49627e-05 
9180000 3.77776e-05 6.48919e-05 
9190000 3.77365e-05 6.48213e-05 
9200000 3.76955e-05 6.47509e-05 
9210000 3.76546e-05 6.46806e-05 
9220000 3.76137e-05 6.46104e-05 
9230000 3.7573e-05 6.45404e-05 
9240000 3.75323e-05 6.44706e-05 
9250000 3.74917e-05 6.44009e-05 
9260000 3.74513e-05 6.43313e-05 
9270000 3.74109e-05 6.42619e-05 
9280000 3.73705e-05 6.42001e-05 
9290000 3.73303e-05 6.41755e-05 
9300000 3.72902e-05 6.41207e-05 
9310000 3.72501e-05 6.42667e-05 
9320000 3.72102e-05 6.43096e-05 
9330000 3.71703e-05 6.42851e-05 
9340000 3.71305e-05 6.40382e-05 
9350000 3.70908e-05 6.45029e-05 
9360000 3.70511e-05 6.45073e-05 
9370000 3.70116e-05 6.44502e-05 
9380000 3.69721e-05 6.44667e-05 
9390000 3.69328e-05 6.44009e-05 
9400000 3.68935e-05 6.4238e-05 
9410000 3.68543e-05 6.43409e-05 
9420000 3.68151e-05 6.45137e-05 
9430000 3.67761e-05 6.44656e-05 
9440000 3.67371e-05 6.46267e-05 
9450000 3.66983e-05 6.4614e-05 
9460000 3.66595e-05 6.45457e-05 
9470000 3.66208e-05 6.4478e-05 
9480000 3.65821e-05 6.44316e-05 
9490000 3.65436e-05 6.43637e-05 
9500000 3.65051e-05 6.42959e-05 
9510000 3.64667e-05 6.42283e-05 
9520000 3.64284e-05 6.41608e-05 
9530000 3.63902e-05 6.40935e-05 
9540000 3.63521e-05 6.40263e-05 
9550000 3.6314e-05 6.39593e-05 
9560000 3.6276e-05 6.38924e-05 
9570000 3.62539e-05 6.38256e-05 
9580000 3.61382e-05 6.3759e-05 
9590000 3.61941e-05 6.36925e-05 
9600000 3.61564e-05 6.36262e-05 
9610000 3.61188e-05 6.35599e-05 
9620000 3.60812e-05 6.34939e-05 
9630000 3.60438e-05 6.34279e-05 
9640000 3.60064e-05 6.33621e-05 
9650000 3.59691e-05 6.32965e-05 
9660000 3.59318e-05 6.32609e-05 
9670000 3.58947e-05 6.32412e-05 
9680000 3.58576e-05 6.30125e-05 
9690000 3.58206e-05 6.28354e-05 
9700000 3.57837e-05 6.29275e-05 
9710000 3.57468e-05 6.29159e-05 
9720000 3.571e-05 6.26794e-05 
9730000 3.56733e-05 6.20654e-05 
9740000 3.56367e-05 6.21365e-05 
9750000 3.56002e-05 6.29344e-05 
9760000 3.55637e-05 6.31874e-05 
9770000 3.55273e-05 6.34019e-05 
9780000 3.5491e-05 6.36013e-05 
9790000 3.54547e-05 6.36552e-05 
9800000 3.54185e-05 6.3685e-05 
9810000 3.53824e-05 6.36934e-05 
9820000 3.53464e-05 6.37218e-05 
9830000 3.53104e-05 6.33035e-05 
9840000 3.52745e-05 6.34165e-05 
9850000 3.52387e-05 6.37618e-05 
9860000 3.5203e-05 6.35675e-05 
9870000 3.51673e-05 6.3298e-05 
9880000 3.51317e-05 6.31456e-05 
9890000 3.50962e-05 6.36252e-05 
9900000 3.50608e-05 6.37087e-05 
9910000 3.50254e-05 6.4e-05 
9920000 3.49901e-05 6.39366e-05 
9930000 3.49548e-05 6.38833e-05 
9940000 3.49751e-05 6.39404e-05 
9950000 3.49399e-05 6.39068e-05 
9960000 3.49048e-05 6.36575e-05 
9970000 3.48698e-05 6.39738e-05 
9980000 3.48349e-05 6.39097e-05 
9990000 3.48e-05 6.38457e-05 
10000000 3.47652e-05 6.37819e-05 
11000000 3.17797e-05 6.11445e-05 
12000000 2.90489e-05 6.36816e-05 
13000000 2.70527e-05 5.6118e-05 
14000000 2.56896e-05 8.45855e-05 
15000000 2.41882e-05 8.95967e-05 
16000000 2.27974e-05 8.83422e-05 
17000000 2.14563e-05 7.06154e-05 
18000000 2.03061e-05 6.4925e-05 
19000000 1.93738e-05 6.05688e-05 
