102
99 : 3 2048 4096 18752 1 17 0
98 : 3 4096 2048 2368 1 17 0
97 : 3 2304 4352 4160 1 8 0
96 : 3 4352 2304 20544 1 8 0
95 : 3 2304 4352 18496 1 16 0
94 : 3 0 4096 18496 1 17 0
93 : 3 4352 2304 2112 1 16 0
92 : 3 4096 0 2112 1 17 0
91 : 3 2048 20736 64 1 16 0
90 : 3 4352 2048 64 1 16 0
89 : 3 2048 18688 4160 1 0 81
88 : 3 4608 4176 20800 2 0 8 0
86 : 3 4096 20992 2112 1 0 81
85 : 3 4608 4096 2112 1 0 81
84 : 3 2304 2120 20800 2 0 16 0
83 : 3 2048 4096 4672 1 17 0
82 : 3 4096 2048 21056 1 17 0
79 : 3 0 2048 4416 1 16 0
35 : 2 4352 20480 1 8 0
13 : 1 4096 2 17 18 0
100 : 3 4096 0 20800 1 8 0
34 : 2 2048 4096 1 17 0
32 : 2 4352 2048 1 16 0
31 : 2 4096 2048 1 17 0
63 : 1 2048 2 0 9 0
20 : 0 2 8 18 0
30 : 1 4096 2 8 18 0
22 : 3 2048 18688 4160 1 17 0
33 : 1 2048 2 16 17 0
17 : 3 2304 2048 4160 1 17 0
16 : 1 2304 2 8 17 0
39 : 3 2304 2048 20800 1 16 0
4 : 1 4608 2 16 17 0
21 : 1 2048 2 9 17 0
6 : 0 2 9 17 0
19 : 2 4352 2048 1 9 80
18 : 1 4352 2 8 18 0
81 : 2 2048 4096 1 0 81
54 : 0 2 0 16 0
2 : 2 4352 20480 1 18 72
8 : 0 2 16 18 0
60 : 3 4352 20992 2112 1 9 80
0 : 0 2 17 18 0
40 : 3 4608 4096 20800 1 8 0
47 : 0 2 0 17 0
1 : 1 4352 2 16 9 0
53 : 1 4096 2 0 18 0
80 : 2 4096 2048 1 0 81
26 : 1 4352 2 8 16 0
14 : 3 4096 20992 2112 1 17 0
3 : 0 2 9 18 0
9 : 2 4096 20736 1 18 72
52 : 1 4096 2 0 17 0
62 : 0 2 0 8 0
10 : 0 2 16 17 0
11 : 1 4352 2 9 18 0
23 : 0 2 8 17 0
59 : 3 4608 4352 2112 1 9 80
29 : 3 4096 20736 18752 1 8 0
57 : 3 2304 4433 18496 2 16 18 0
25 : 2 2048 20736 1 9 80
48 : 3 4352 2304 20544 1 18 72
46 : 0 2 0 18 0
5 : 3 4608 4096 2112 1 17 0
15 : 1 4352 2 8 9 0
36 : 0 2 8 16 0
37 : 2 2048 20736 1 16 0
68 : 3 4096 20736 64 1 8 0
69 : 3 4608 4352 2112 1 16 0
38 : 2 4096 20736 1 8 0
24 : 0 2 8 9 0
42 : 1 2048 2 16 9 0
28 : 1 4096 2 8 17 0
43 : 3 2048 18688 20800 1 16 0
45 : 3 2048 20736 21056 1 16 0
50 : 3 0 4176 18496 2 17 18 0
51 : 3 2304 4352 4160 1 18 72
49 : 0 2 0 9 0
55 : 3 4096 0 20800 1 18 72
87 : 3 2304 2048 4160 1 0 81
78 : 1 0 2 8 16 0
56 : 3 0 4096 4416 1 18 72
75 : 1 4096 2 0 8 0
12 : 0 2 16 9 0
58 : 3 0 2120 20544 2 9 17 0
44 : 3 4352 2048 21056 1 16 0
77 : 3 2048 0 20800 1 16 0
61 : 1 2048 2 0 17 0
27 : 3 4352 20480 2368 1 8 0
64 : 3 2048 0 20800 1 9 80
7 : 1 4352 2 16 18 0
76 : 1 2048 2 0 16 0
41 : 3 4096 20992 20800 1 8 0
65 : 3 0 2048 4416 1 9 80
66 : 3 4608 4433 20544 2 8 9 0
67 : 3 4352 20480 16448 1 8 0
70 : 3 4352 20992 2112 1 16 0
101 : 3 0 4096 4416 1 8 0
71 : 3 2048 0 4160 1 17 0
72 : 3 0 2048 20544 1 17 0
73 : 3 4608 4352 20544 1 8 0
74 : 3 4352 20992 20544 1 8 0
