102
2 0.00001 0.99999 
2 1.00000 0.00000 
2 0.50000 0.50000 
2 0.00017 0.99983 
2 0.98471 0.01529 
2 0.50000 0.50000 
2 0.99999 0.00001 
2 0.50000 0.50000 
2 0.00000 1.00000 
2 0.50000 0.50000 
2 0.99975 0.00025 
2 0.00009 0.99991 
2 0.00001 0.99999 
2 0.00002 0.99998 
2 0.50000 0.50000 
2 0.00008 0.99992 
2 0.00078 0.99922 
2 0.50000 0.50000 
2 0.19232 0.80768 
2 0.50000 0.50000 
2 0.00000 1.00000 
2 0.00003 0.99997 
2 0.50000 0.50000 
2 1.00000 0.00000 
2 0.00000 1.00000 
2 0.50000 0.50000 
2 0.99998 0.00002 
2 0.50000 0.50000 
2 0.50000 0.50000 
2 0.50000 0.50000 
2 0.00000 1.00000 
2 0.50000 0.50000 
2 0.50000 0.50000 
2 0.99997 0.00003 
2 0.50000 0.50000 
2 0.50000 0.50000 
2 0.99997 0.00003 
2 0.50000 0.50000 
2 0.50000 0.50000 
2 0.50000 0.50000 
2 0.50000 0.50000 
2 0.50000 0.50000 
2 0.50000 0.50000 
2 0.50000 0.50000 
2 0.50000 0.50000 
2 0.50000 0.50000 
2 0.00012 0.99988 
2 1.00000 0.00000 
2 0.50000 0.50000 
2 0.00250 0.99750 
3 0.00000 1.00000 0.00000 
2 0.50000 0.50000 
2 0.00006 0.99994 
2 0.00002 0.99998 
2 1.00000 0.00000 
2 0.50000 0.50000 
2 0.50000 0.50000 
3 0.00012 0.99975 0.00012 
3 0.33333 0.33333 0.33333 
2 0.50000 0.50000 
2 0.50000 0.50000 
2 0.00005 0.99995 
2 0.99999 0.00001 
2 0.00002 0.99998 
2 0.50000 0.50000 
2 0.50000 0.50000 
3 0.00006 0.99988 0.00006 
2 0.50000 0.50000 
2 0.50000 0.50000 
2 0.50000 0.50000 
2 0.50000 0.50000 
2 0.50000 0.50000 
2 0.50000 0.50000 
2 0.50000 0.50000 
2 0.50000 0.50000 
2 0.00005 0.99995 
2 0.00002 0.99998 
2 0.50000 0.50000 
2 0.00008 0.99992 
2 0.50000 0.50000 
2 0.50000 0.50000 
2 0.00000 1.00000 
2 0.50000 0.50000 
2 0.50000 0.50000 
3 0.00000 0.00000 1.00000 
2 0.99982 0.00018 
2 0.50000 0.50000 
2 1.00000 0.00000 
3 0.00006 0.00006 0.99988 
2 0.50000 0.50000 
2 0.50000 0.50000 
2 0.50000 0.50000 
2 0.50000 0.50000 
2 0.50000 0.50000 
2 0.50000 0.50000 
2 0.50000 0.50000 
2 0.50000 0.50000 
2 0.50000 0.50000 
2 0.50000 0.50000 
2 0.50000 0.50000 
2 0.50000 0.50000 
2 0.50000 0.50000 
