200
198 : 0 49
197 : 2 0 1 48
195 : 2 0 1 47
194 : 0 47
193 : 2 0 1 46
192 : 0 46
191 : 2 0 1 45
189 : 2 0 1 44
187 : 2 0 1 43
186 : 0 43
185 : 2 0 1 42
196 : 0 48
184 : 0 42
183 : 2 0 1 41
180 : 0 40
176 : 0 38
174 : 0 37
173 : 2 0 1 36
171 : 2 0 1 35
170 : 0 35
166 : 0 33
95 : 1 1 47
67 : 1 1 33
151 : 2 0 1 25
64 : 1 0 32
61 : 1 1 30
53 : 1 1 26
83 : 1 1 41
57 : 1 1 28
54 : 1 0 27
20 : 1 0 10
146 : 0 23
50 : 1 0 25
45 : 1 1 22
27 : 1 1 13
68 : 1 0 34
65 : 1 1 32
58 : 1 0 29
125 : 2 0 1 12
51 : 1 1 25
44 : 1 0 22
114 : 0 7
60 : 1 0 30
6 : 1 0 3
155 : 2 0 1 27
43 : 1 1 21
160 : 0 30
118 : 0 9
39 : 1 1 19
38 : 1 0 19
138 : 0 19
37 : 1 1 18
100 : 0 1
2 : 2 0 1 0
122 : 0 11
164 : 0 32
12 : 1 0 6
80 : 1 0 40
42 : 1 0 21
126 : 0 13
158 : 0 29
18 : 1 0 9
69 : 1 1 34
121 : 2 0 1 10
143 : 2 0 1 21
25 : 1 1 12
52 : 1 0 26
87 : 1 1 43
41 : 1 1 20
9 : 1 1 4
75 : 1 1 37
129 : 2 0 1 14
66 : 1 0 33
13 : 1 1 6
62 : 1 0 31
128 : 0 14
19 : 1 1 9
72 : 1 0 36
110 : 0 5
40 : 1 0 20
14 : 1 0 7
0 : 0 0
175 : 2 0 1 37
167 : 2 0 1 33
71 : 1 1 35
145 : 2 0 1 22
7 : 1 1 3
48 : 1 0 24
102 : 2 0 1 1
1 : 1 0 1
115 : 2 0 1 7
199 : 2 0 1 49
23 : 1 1 11
168 : 0 34
109 : 2 0 1 4
3 : 1 1 1
139 : 2 0 1 19
56 : 1 0 28
91 : 1 1 45
63 : 1 1 31
152 : 0 26
124 : 0 12
21 : 1 1 10
49 : 1 1 24
11 : 1 1 5
4 : 1 0 2
35 : 1 1 17
5 : 1 1 2
190 : 0 45
113 : 2 0 1 6
55 : 1 1 27
16 : 1 0 8
17 : 1 1 8
30 : 1 0 15
31 : 1 1 15
77 : 1 1 38
97 : 1 1 48
137 : 2 0 1 18
28 : 1 0 14
33 : 1 1 16
70 : 1 0 35
26 : 1 0 13
179 : 2 0 1 39
34 : 1 0 17
76 : 1 0 38
8 : 1 0 4
29 : 1 1 14
163 : 2 0 1 31
46 : 1 0 23
90 : 1 0 45
169 : 2 0 1 34
81 : 1 1 40
32 : 1 0 16
79 : 1 1 39
78 : 1 0 39
131 : 2 0 1 15
82 : 1 0 41
85 : 1 1 42
88 : 1 0 44
177 : 2 0 1 38
89 : 1 1 44
178 : 0 39
104 : 0 2
93 : 1 1 46
153 : 2 0 1 26
24 : 1 0 12
99 : 1 1 49
94 : 1 0 47
188 : 0 44
98 : 1 0 49
92 : 1 0 46
101 : 1 0 0
105 : 2 0 1 2
15 : 1 1 7
106 : 0 3
107 : 2 0 1 3
147 : 2 0 1 23
10 : 1 0 5
108 : 0 4
149 : 2 0 1 24
156 : 0 28
86 : 1 0 43
111 : 2 0 1 5
22 : 1 0 11
112 : 0 6
116 : 0 8
117 : 2 0 1 8
119 : 2 0 1 9
181 : 2 0 1 40
120 : 0 10
47 : 1 1 23
123 : 2 0 1 11
84 : 1 0 42
127 : 2 0 1 13
130 : 0 15
132 : 0 16
182 : 0 41
133 : 2 0 1 16
134 : 0 17
73 : 1 1 36
135 : 2 0 1 17
136 : 0 18
140 : 0 20
172 : 0 36
103 : 1 1 0
141 : 2 0 1 20
142 : 0 21
144 : 0 22
96 : 1 0 48
148 : 0 24
150 : 0 25
59 : 1 1 29
154 : 0 27
157 : 2 0 1 28
36 : 1 0 18
159 : 2 0 1 29
74 : 1 0 37
161 : 2 0 1 30
162 : 0 31
165 : 2 0 1 32
