200
2 0.32997 0.67003 
2 0.00000 1.00000 
2 1.00000 0.00000 
2 1.00000 0.00000 
2 0.00000 1.00000 
2 1.00000 0.00000 
2 0.00000 1.00000 
2 1.00000 0.00000 
2 0.00002 0.99998 
2 1.00000 0.00000 
2 0.00000 1.00000 
2 1.00000 0.00000 
2 0.00018 0.99982 
2 1.00000 0.00000 
2 0.00073 0.99927 
2 1.00000 0.00000 
2 0.83694 0.16306 
2 1.00000 0.00000 
2 0.99636 0.00364 
2 0.56932 0.43068 
2 0.99999 0.00001 
2 0.74032 0.25968 
2 1.00000 0.00000 
2 0.99503 0.00497 
2 1.00000 0.00000 
2 0.36833 0.63167 
2 1.00000 0.00000 
2 0.45760 0.54240 
2 1.00000 0.00000 
2 0.90233 0.09767 
2 0.99984 0.00016 
2 0.80818 0.19182 
2 1.00000 0.00000 
2 0.22598 0.77402 
2 1.00000 0.00000 
2 0.41563 0.58437 
2 1.00000 0.00000 
2 0.47302 0.52698 
2 1.00000 0.00000 
2 0.42571 0.57429 
2 1.00000 0.00000 
2 0.83343 0.16657 
2 1.00000 0.00000 
2 0.14796 0.85204 
2 1.00000 0.00000 
2 0.43393 0.56607 
2 0.99961 0.00039 
2 0.05370 0.94630 
2 1.00000 0.00000 
2 0.04702 0.95298 
2 0.50585 0.49415 
2 0.43721 0.56279 
2 0.00000 1.00000 
2 0.00000 1.00000 
2 0.00000 1.00000 
2 0.00000 1.00000 
2 0.00000 1.00000 
2 0.00000 1.00000 
2 0.00000 1.00000 
2 0.00000 1.00000 
2 0.00000 1.00000 
2 0.00000 1.00000 
2 0.00000 1.00000 
2 0.00000 1.00000 
2 0.00000 1.00000 
2 0.00000 1.00000 
2 0.00000 1.00000 
2 0.00000 1.00000 
2 0.00000 1.00000 
2 0.00000 1.00000 
2 0.00000 1.00000 
2 0.00000 1.00000 
2 0.00000 1.00000 
2 0.00000 1.00000 
2 0.00000 1.00000 
2 0.00000 1.00000 
2 0.00000 1.00000 
2 0.00000 1.00000 
2 0.00000 1.00000 
2 0.00000 1.00000 
2 0.00000 1.00000 
2 0.00000 1.00000 
2 0.00000 1.00000 
2 0.00000 1.00000 
2 0.00000 1.00000 
2 0.00000 1.00000 
2 0.00000 1.00000 
2 0.00000 1.00000 
2 0.00000 1.00000 
2 0.00000 1.00000 
2 0.00000 1.00000 
2 0.00000 1.00000 
2 0.00000 1.00000 
2 0.00000 1.00000 
2 0.00000 1.00000 
2 0.00000 1.00000 
2 0.00000 1.00000 
2 0.00000 1.00000 
2 0.00000 1.00000 
2 0.00000 1.00000 
2 0.42632 0.57368 
2 0.00000 1.00000 
2 1.00000 0.00000 
2 1.00000 0.00000 
2 0.97640 0.02360 
2 1.00000 0.00000 
2 0.05726 0.94274 
2 1.00000 0.00000 
2 0.04486 0.95514 
2 1.00000 0.00000 
2 0.34180 0.65820 
2 1.00000 0.00000 
2 0.00179 0.99821 
2 0.99974 0.00026 
2 0.55936 0.44064 
2 1.00000 0.00000 
2 0.85744 0.14256 
2 1.00000 0.00000 
2 0.99839 0.00161 
2 0.83043 0.16957 
2 0.99999 0.00001 
2 0.99170 0.00830 
2 0.99999 0.00001 
2 0.68609 0.31391 
2 1.00000 0.00000 
2 0.01324 0.98676 
2 1.00000 0.00000 
2 0.77953 0.22047 
2 1.00000 0.00000 
2 0.58265 0.41735 
2 0.99988 0.00012 
2 0.91649 0.08351 
2 1.00000 0.00000 
2 0.95811 0.04189 
2 0.99690 0.00310 
2 0.08202 0.91798 
2 1.00000 0.00000 
2 0.21422 0.78578 
2 1.00000 0.00000 
2 0.46209 0.53791 
2 1.00000 0.00000 
2 0.32409 0.67591 
2 1.00000 0.00000 
2 0.49444 0.50556 
2 1.00000 0.00000 
2 0.15942 0.84058 
2 0.99999 0.00001 
2 0.36107 0.63893 
2 0.99994 0.00006 
2 0.37614 0.62386 
2 0.99995 0.00005 
2 0.00000 1.00000 
2 0.86223 0.13777 
2 0.00000 1.00000 
2 0.02586 0.97414 
2 0.00000 1.00000 
2 0.64868 0.35132 
2 0.00000 1.00000 
2 0.00667 0.99333 
2 0.00000 1.00000 
2 0.00793 0.99207 
2 0.00000 1.00000 
2 0.83604 0.16396 
2 0.00000 1.00000 
2 0.51089 0.48911 
2 0.00000 1.00000 
2 0.00895 0.99105 
2 0.00000 1.00000 
2 0.01781 0.98219 
2 0.00000 1.00000 
2 0.34867 0.65133 
2 0.00000 1.00000 
2 0.49939 0.50061 
2 0.00000 1.00000 
2 0.50984 0.49016 
2 0.00000 1.00000 
2 0.11714 0.88286 
2 0.00000 1.00000 
2 0.00822 0.99178 
2 0.00000 1.00000 
2 0.38386 0.61614 
2 0.00000 1.00000 
2 0.61819 0.38181 
2 0.00000 1.00000 
2 0.13411 0.86589 
2 0.00000 1.00000 
2 0.01995 0.98005 
2 0.00000 1.00000 
2 0.91047 0.08953 
2 0.00000 1.00000 
2 0.12680 0.87320 
2 0.00000 1.00000 
2 0.83739 0.16261 
2 0.00000 1.00000 
2 0.15239 0.84761 
2 0.00000 1.00000 
2 0.03286 0.96714 
2 0.00000 1.00000 
2 0.15480 0.84520 
2 0.00000 1.00000 
