40
2 0.76683 0.23317 
2 0.50510 0.49490 
2 0.99999 0.00001 
2 0.99997 0.00003 
2 0.99983 0.00017 
2 0.87541 0.12459 
2 0.99997 0.00003 
2 0.70230 0.29770 
2 0.99997 0.00003 
2 0.09996 0.90004 
2 0.50674 0.49326 
2 0.31913 0.68087 
2 0.00056 0.99944 
2 0.00003 0.99997 
2 0.00006 0.99994 
2 0.00001 0.99999 
2 0.00000 1.00000 
2 0.00000 1.00000 
2 0.00001 0.99999 
2 0.00001 0.99999 
2 0.31799 0.68201 
2 0.00062 0.99938 
2 0.99997 0.00003 
2 1.00000 0.00000 
2 0.99947 0.00053 
2 0.51486 0.48514 
2 0.99981 0.00019 
2 0.89671 0.10329 
2 0.99053 0.00947 
2 0.33411 0.66589 
2 0.99614 0.00386 
2 0.00066 0.99934 
2 0.31290 0.68710 
2 0.00000 1.00000 
2 0.06590 0.93410 
2 0.00004 0.99996 
2 0.37966 0.62034 
2 0.00001 0.99999 
2 0.48323 0.51677 
2 0.00000 1.00000 
