0 0 0 
1 0 0 
2 0 0 
3 0 0 
4 0 0 
5 0 0 
6 0 0 
7 0 0 
8 0 0 
9 0.25 0 
10 0.227273 0 
11 0.208333 0 
12 0.192308 0 
13 0.178571 0 
14 0.166667 0 
15 0.15625 0 
16 0.147059 0 
17 0.138889 0 
18 0.131579 0 
19 0.125 0 
20 0.119048 0 
21 0.113636 0 
22 0.108696 0 
23 0.104167 0 
24 0.1 0 
25 0.0961538 0 
26 0.0925926 0 
27 0.0892857 0 
28 0.0862069 0 
29 0.0833333 0 
30 0.0806452 0 
31 0.078125 0 
32 0.0757576 0 
33 0.0735294 0 
34 0.0714286 0 
35 0.0694444 0 
36 0.0675676 0 
37 0.0657895 0 
38 0.0641026 0 
39 0.0625 0 
40 0.0609756 0 
41 0.0595238 0 
42 0.0581395 0 
43 0.0568182 0 
44 0.0555556 0 
45 0.0543478 0 
46 0.0531915 0 
47 0.0520833 0 
48 0.0510204 0 
49 0.05 0 
50 0.0490196 0 
51 0.0480769 0 
52 0.0471698 0 
53 0.0462963 0 
54 0.0454545 0 
55 0.0446429 0 
56 0.0438596 0 
57 0.0431034 0 
58 0.0423729 0 
59 0.0416667 0 
60 0.0819672 0 
61 0.0806452 0 
62 0.0793651 0 
63 0.078125 0 
64 0.0769231 0 
65 0.0757576 0 
66 0.0746269 0 
67 0.0735294 0 
68 0.0724638 0 
69 0.0714286 0 
70 0.0704225 0 
71 0.0694444 0 
72 0.0684932 0 
73 0.0675676 0 
74 0.0666667 0 
75 0.0657895 0 
76 0.0649351 0 
77 0.0641026 0 
78 0.0632911 0 
79 0.0625 0.021875 
80 0.0617284 0.0216049 
81 0.0609756 0.0213415 
82 0.060241 0.0210843 
83 0.0595238 0.0208333 
84 0.0588235 0.0205882 
85 0.0581395 0.0203488 
86 0.0574713 0.0201149 
87 0.0568182 0.0198864 
88 0.0561798 0.0196629 
89 0.0555556 0.0194444 
90 0.0549451 0.0192308 
91 0.0543478 0.0190217 
92 0.0537634 0.0188172 
93 0.0531915 0.018617 
94 0.0526316 0.0184211 
95 0.0520833 0.0182292 
96 0.0515464 0.0180412 
97 0.0510204 0.0178571 
98 0.0505051 0.0176768 
99 0.05 0.0175 
100 0.049505 0.0173267 
101 0.0490196 0.0171569 
102 0.0485437 0.0169903 
103 0.0480769 0.0168269 
104 0.047619 0.0166667 
105 0.0471698 0.0165094 
106 0.046729 0.0163551 
107 0.0462963 0.0162037 
108 0.0458716 0.016055 
109 0.0454545 0.0159091 
110 0.045045 0.0157658 
111 0.0446429 0.015625 
112 0.0442478 0.0154867 
113 0.0438596 0.0153509 
114 0.0434783 0.0152174 
115 0.0431034 0.0150862 
116 0.042735 0.0149573 
117 0.0423729 0.0148305 
118 0.0420168 0.0147059 
119 0.0416667 0.0145833 
120 0.0413223 0.0144628 
121 0.0409836 0.0143443 
122 0.0406504 0.0142276 
123 0.0403226 0.0141129 
124 0.04 0.014 
125 0.0396825 0.0138889 
126 0.0393701 0.0137795 
127 0.0390625 0.0136719 
128 0.0387597 0.0135659 
129 0.0384615 0.0134615 
130 0.0381679 0.0133588 
131 0.0378788 0.0132576 
132 0.037594 0.0131579 
133 0.0373134 0.0130597 
134 0.037037 0.012963 
135 0.0367647 0.0128676 
136 0.0364964 0.0127737 
137 0.0362319 0.0126812 
138 0.0359712 0.0125899 
139 0.0357143 0.0125 
140 0.035461 0.0124113 
141 0.0352113 0.0123239 
142 0.034965 0.0122378 
143 0.0347222 0.0121528 
144 0.0344828 0.012069 
145 0.0342466 0.0119863 
146 0.0340136 0.0119048 
147 0.0337838 0.0118243 
148 0.033557 0.011745 
149 0.0333333 0.0116667 
150 0.0331126 0.0115894 
151 0.0328947 0.0115132 
152 0.0326797 0.0114379 
153 0.0324675 0.0113636 
154 0.0322581 0.0112903 
155 0.0320513 0.0112179 
156 0.0318471 0.0111465 
157 0.0316456 0.0110759 
158 0.0314465 0.0110063 
159 0.03125 0.0109375 
160 0.0310559 0.0108696 
161 0.0308642 0.0108025 
162 0.0306748 0.0107362 
163 0.0304878 0.0106707 
164 0.030303 0.0106061 
165 0.0301205 0.0105422 
166 0.0299401 0.010479 
167 0.0297619 0.0104167 
168 0.0295858 0.010355 
169 0.0294118 0.0102941 
170 0.0292398 0.0102339 
171 0.0290698 0.0101744 
172 0.0289017 0.0101156 
173 0.0287356 0.0100575 
174 0.0285714 0.01 
175 0.0284091 0.00994318 
176 0.0282486 0.00988701 
177 0.0280899 0.00983146 
178 0.027933 0.0209497 
179 0.0277778 0.0208333 
180 0.0276243 0.0207182 
181 0.0274725 0.0206044 
182 0.0273224 0.0204918 
183 0.0271739 0.0203804 
184 0.027027 0.0202703 
185 0.0268817 0.0201613 
186 0.026738 0.0200535 
187 0.0265957 0.0199468 
188 0.026455 0.0198413 
189 0.0263158 0.0197368 
190 0.026178 0.0196335 
191 0.0390625 0.0195312 
192 0.0388601 0.0194301 
193 0.0386598 0.0193299 
194 0.0384615 0.0192308 
195 0.0382653 0.0191327 
196 0.0380711 0.0190355 
197 0.0378788 0.0277778 
198 0.0376884 0.0276382 
199 0.0375 0.0275 
200 0.0373134 0.0273632 
201 0.0371287 0.0272277 
202 0.0369458 0.0270936 
203 0.0367647 0.0269608 
204 0.0365854 0.0268293 
205 0.0364078 0.026699 
206 0.0362319 0.02657 
207 0.0360577 0.0264423 
208 0.0358852 0.0263158 
209 0.0357143 0.0261905 
210 0.035545 0.0260664 
211 0.0353774 0.0259434 
212 0.0352113 0.0258216 
213 0.0350467 0.0257009 
214 0.0348837 0.0255814 
215 0.0347222 0.025463 
216 0.0345622 0.0253456 
217 0.0344037 0.0252294 
218 0.0456621 0.0251142 
219 0.0454545 0.025 
220 0.0452489 0.0248869 
221 0.045045 0.0247748 
222 0.044843 0.0246637 
223 0.0558036 0.0245536 
224 0.0555556 0.0244444 
225 0.0553097 0.0243363 
226 0.0550661 0.0242291 
227 0.0548246 0.0241228 
228 0.0545852 0.0240175 
229 0.0543478 0.023913 
230 0.0541126 0.0238095 
231 0.0538793 0.0237069 
232 0.0536481 0.0236052 
233 0.0534188 0.0235043 
234 0.0531915 0.0234043 
235 0.0529661 0.0233051 
236 0.0527426 0.0232068 
237 0.052521 0.0231092 
238 0.0523013 0.0230126 
239 0.0520833 0.0229167 
240 0.0518672 0.0228216 
241 0.0516529 0.0227273 
242 0.0514403 0.0226337 
243 0.0512295 0.022541 
244 0.0510204 0.022449 
245 0.050813 0.0223577 
246 0.0506073 0.0222672 
247 0.0504032 0.0221774 
248 0.0502008 0.0220884 
249 0.05 0.022 
250 0.0498008 0.0219124 
251 0.0496032 0.0218254 
252 0.0494071 0.0217391 
253 0.0492126 0.0216535 
254 0.0490196 0.0215686 
255 0.0488281 0.0214844 
256 0.0486381 0.0214008 
257 0.0581395 0.0213178 
258 0.0579151 0.0212355 
259 0.0576923 0.0211538 
260 0.0574713 0.0210728 
261 0.0572519 0.0209924 
262 0.0570342 0.0209125 
263 0.0568182 0.0208333 
264 0.0566038 0.0207547 
265 0.056391 0.0206767 
266 0.0561798 0.0205993 
267 0.0559701 0.0205224 
268 0.0557621 0.0204461 
269 0.0555556 0.0203704 
270 0.0553506 0.0202952 
271 0.0551471 0.0202206 
272 0.0549451 0.0201465 
273 0.0547445 0.020073 
274 0.0545455 0.02 
275 0.0543478 0.0199275 
276 0.0541516 0.0198556 
277 0.0539568 0.0197842 
278 0.0537634 0.0197133 
279 0.0535714 0.0196429 
280 0.0533808 0.019573 
281 0.0531915 0.0195035 
282 0.0530035 0.0194346 
283 0.0528169 0.0193662 
284 0.0526316 0.0192982 
285 0.0524476 0.0192308 
286 0.0522648 0.0191638 
287 0.0520833 0.0190972 
288 0.0519031 0.0190311 
289 0.0517241 0.0189655 
290 0.0515464 0.0189003 
291 0.0513699 0.0188356 
292 0.0511945 0.0187713 
293 0.0510204 0.0187075 
294 0.0508475 0.0186441 
295 0.0506757 0.0185811 
296 0.0505051 0.0185185 
297 0.0503356 0.0184564 
298 0.0501672 0.0183946 
299 0.05 0.0183333 
300 0.0498339 0.0182724 
301 0.0496689 0.0182119 
302 0.049505 0.0181518 
303 0.0493421 0.0180921 
304 0.0491803 0.0180328 
305 0.0490196 0.0179739 
306 0.0488599 0.0179153 
307 0.0487013 0.0178571 
308 0.0485437 0.0177994 
309 0.0483871 0.0177419 
310 0.0482315 0.0176849 
311 0.0480769 0.0176282 
312 0.0479233 0.0175719 
313 0.0477707 0.0175159 
314 0.047619 0.0174603 
315 0.0474684 0.0174051 
316 0.0473186 0.0173502 
317 0.0471698 0.0172956 
318 0.0470219 0.0172414 
319 0.046875 0.0171875 
320 0.046729 0.017134 
321 0.0465839 0.0170807 
322 0.0464396 0.0170279 
323 0.0462963 0.0169753 
324 0.0461538 0.0169231 
325 0.0460123 0.0168712 
326 0.0458716 0.0168196 
327 0.0457317 0.0167683 
328 0.0455927 0.0167173 
329 0.0454545 0.0166667 
330 0.0453172 0.0166163 
331 0.0451807 0.0165663 
332 0.045045 0.0165165 
333 0.0449102 0.0164671 
334 0.0447761 0.0164179 
335 0.0446429 0.016369 
336 0.0445104 0.0163205 
337 0.0443787 0.0162722 
338 0.0442478 0.0162242 
339 0.0441176 0.0161765 
340 0.0439883 0.016129 
341 0.0438596 0.0160819 
342 0.0437318 0.016035 
343 0.0436047 0.0159884 
344 0.0434783 0.015942 
345 0.0433526 0.015896 
346 0.0432277 0.0158501 
347 0.0431034 0.0158046 
348 0.0429799 0.0157593 
349 0.0428571 0.0157143 
350 0.042735 0.0156695 
351 0.0426136 0.015625 
352 0.0424929 0.0155807 
353 0.0423729 0.0155367 
354 0.0422535 0.015493 
355 0.0421348 0.0154494 
356 0.0420168 0.0154062 
357 0.0418994 0.0153631 
358 0.0417827 0.0153203 
359 0.0416667 0.0152778 
360 0.0415512 0.0152355 
361 0.0414365 0.0151934 
362 0.0413223 0.0151515 
363 0.0412088 0.0151099 
364 0.0410959 0.0150685 
365 0.0409836 0.0150273 
366 0.0408719 0.0149864 
367 0.0407609 0.0149457 
368 0.0406504 0.0149051 
369 0.0405405 0.0148649 
370 0.0404313 0.0148248 
371 0.0403226 0.0147849 
372 0.0402145 0.0147453 
373 0.040107 0.0147059 
374 0.04 0.0146667 
375 0.0398936 0.0146277 
376 0.0397878 0.0145889 
377 0.0396825 0.0145503 
378 0.0395778 0.0145119 
379 0.0394737 0.0144737 
380 0.0393701 0.0144357 
381 0.039267 0.0143979 
382 0.0391645 0.0143603 
383 0.0390625 0.0143229 
384 0.038961 0.0142857 
385 0.0388601 0.0142487 
386 0.0387597 0.0142119 
387 0.0386598 0.0141753 
388 0.0385604 0.0141388 
389 0.0384615 0.0141026 
390 0.0383632 0.0140665 
391 0.0382653 0.0140306 
392 0.0381679 0.0139949 
393 0.0380711 0.0139594 
394 0.0379747 0.0139241 
395 0.0378788 0.0138889 
396 0.0377834 0.018262 
397 0.0376884 0.0182161 
398 0.037594 0.0181704 
399 0.0375 0.018125 
400 0.0374065 0.0224439 
401 0.0373134 0.0223881 
402 0.0372208 0.0223325 
403 0.0371287 0.0222772 
404 0.037037 0.0222222 
405 0.0369458 0.0221675 
406 0.036855 0.022113 
407 0.0367647 0.0220588 
408 0.0366748 0.0220049 
409 0.0365854 0.0219512 
410 0.0364964 0.0218978 
411 0.0364078 0.0218447 
412 0.0363196 0.0217918 
413 0.0362319 0.0217391 
414 0.0361446 0.0216867 
415 0.0360577 0.0216346 
416 0.0359712 0.0215827 
417 0.0358852 0.0215311 
418 0.0357995 0.0214797 
419 0.0357143 0.0214286 
420 0.0356295 0.0213777 
421 0.035545 0.021327 
422 0.035461 0.0212766 
423 0.0353774 0.0212264 
424 0.0352941 0.0211765 
425 0.0352113 0.0211268 
426 0.0351288 0.0210773 
427 0.0350467 0.021028 
428 0.034965 0.020979 
429 0.0348837 0.0209302 
430 0.0348028 0.0208817 
431 0.0347222 0.0208333 
432 0.034642 0.0207852 
433 0.0345622 0.0207373 
434 0.037069 0.0206897 
435 0.0369839 0.0206422 
436 0.0368993 0.020595 
437 0.0368151 0.0205479 
438 0.0367312 0.0205011 
439 0.0366477 0.0204545 
440 0.0365646 0.0204082 
441 0.0364819 0.020362 
442 0.0363995 0.020316 
443 0.0363176 0.0202703 
444 0.036236 0.0202247 
445 0.0361547 0.0201794 
446 0.0360738 0.0201342 
447 0.0359933 0.0200893 
448 0.0359131 0.0200445 
449 0.0358333 0.02 
450 0.0357539 0.0199557 
451 0.0356748 0.0199115 
452 0.035596 0.0198675 
453 0.0355176 0.0198238 
454 0.0354396 0.0197802 
455 0.0353618 0.0197368 
456 0.0352845 0.0196937 
457 0.0352074 0.0196507 
458 0.0351307 0.0196078 
459 0.0350543 0.0195652 
460 0.0349783 0.0195228 
461 0.0349026 0.0194805 
462 0.0348272 0.0194384 
463 0.0347522 0.0193966 
464 0.0346774 0.0193548 
465 0.034603 0.0193133 
466 0.0345289 0.0192719 
467 0.0344551 0.0192308 
468 0.0343817 0.0191898 
469 0.0343085 0.0191489 
470 0.0342357 0.0191083 
471 0.0341631 0.0190678 
472 0.0340909 0.0190275 
473 0.034019 0.0189873 
474 0.0339474 0.0189474 
475 0.0338761 0.0189076 
476 0.033805 0.0188679 
477 0.0389644 0.0188285 
478 0.0388831 0.0187891 
479 0.0388021 0.01875 
480 0.0387214 0.018711 
481 0.0386411 0.0186722 
482 0.0385611 0.0186335 
483 0.0384814 0.018595 
484 0.0384021 0.0185567 
485 0.038323 0.0185185 
486 0.0382444 0.0184805 
487 0.038166 0.0184426 
488 0.0380879 0.0184049 
489 0.0380102 0.0183673 
490 0.0379328 0.0183299 
491 0.0378557 0.0182927 
492 0.0377789 0.0182556 
493 0.0377024 0.0182186 
494 0.0376263 0.0181818 
495 0.0375504 0.0181452 
496 0.0374748 0.0181087 
497 0.0373996 0.0180723 
498 0.0373246 0.0180361 
499 0.03725 0.018 
500 0.0371756 0.0179641 
501 0.0371016 0.0179283 
502 0.0370278 0.0178926 
503 0.0369544 0.0178571 
504 0.0418317 0.0178218 
505 0.041749 0.0177866 
506 0.0416667 0.0177515 
507 0.0415846 0.0177165 
508 0.0415029 0.0176817 
509 0.0414216 0.0193627 
510 0.0413405 0.0227495 
511 0.0412598 0.0227051 
512 0.0411793 0.0226608 
513 0.0410992 0.0226167 
514 0.0410194 0.0225728 
515 0.0409399 0.0225291 
516 0.0408607 0.0224855 
517 0.0407819 0.0224421 
518 0.0407033 0.0223988 
519 0.040625 0.0223558 
520 0.040547 0.0223129 
521 0.0404693 0.0222701 
522 0.040392 0.0222275 
523 0.0403149 0.0221851 
524 0.0402381 0.0221429 
525 0.0401616 0.0221008 
526 0.0400854 0.0220588 
527 0.0400095 0.022017 
528 0.0399338 0.0219754 
529 0.0398585 0.021934 
530 0.0397834 0.0218927 
531 0.0397086 0.0218515 
532 0.0396341 0.0218105 
533 0.0395599 0.0217697 
534 0.039486 0.025 
535 0.0394123 0.0249534 
536 0.0439944 0.0281657 
537 0.0439126 0.0281134 
538 0.0438312 0.028757 
539 0.04375 0.0287037 
540 0.0436691 0.0286506 
541 0.0435886 0.0285978 
542 0.0435083 0.0285451 
543 0.0434283 0.0284926 
544 0.0433486 0.0284404 
545 0.0432692 0.0283883 
546 0.0431901 0.0315356 
547 0.0431113 0.0314781 
548 0.0430328 0.0314208 
549 0.0429545 0.0313636 
550 0.0428766 0.0313067 
551 0.0427989 0.03125 
552 0.0427215 0.0311935 
553 0.0426444 0.0311372 
554 0.0425676 0.0310811 
555 0.0469874 0.0310252 
556 0.0469031 0.0309695 
557 0.046819 0.030914 
558 0.0467352 0.0308587 
559 0.0466518 0.0308036 
560 0.0465686 0.0307487 
561 0.0464858 0.030694 
562 0.0464032 0.0306394 
563 0.0507535 0.0305851 
564 0.0506637 0.030531 
565 0.0505742 0.030477 
566 0.050485 0.0304233 
567 0.0503961 0.0303697 
568 0.0503076 0.0303163 
569 0.0502193 0.0302632 
570 0.0521016 0.0302102 
571 0.0520105 0.0301573 
572 0.0519197 0.0301047 
573 0.0518293 0.0300523 
574 0.0517391 0.03 
575 0.0516493 0.0299479 
576 0.0515598 0.029896 
577 0.0525519 0.0298443 
578 0.0524611 0.0297927 
579 0.0523707 0.0297414 
580 0.0522806 0.0296902 
581 0.0521907 0.0296392 
582 0.0521012 0.0295883 
583 0.052012 0.0295377 
584 0.0519231 0.0294872 
585 0.0518345 0.0294369 
586 0.0517462 0.0293867 
587 0.0516582 0.0293367 
588 0.0515705 0.0292869 
589 0.0514831 0.0292373 
590 0.0513959 0.0291878 
591 0.0513091 0.0291385 
592 0.0512226 0.0290894 
593 0.0511364 0.0290404 
594 0.0510504 0.0289916 
595 0.0509648 0.028943 
596 0.0508794 0.0288945 
597 0.0507943 0.0288462 
598 0.0507095 0.028798 
599 0.050625 0.02875 
600 0.0505408 0.0287022 
601 0.0523256 0.0315615 
602 0.0522388 0.0315091 
603 0.0521523 0.031457 
604 0.0520661 0.031405 
605 0.0519802 0.0313531 
606 0.0518946 0.0313015 
607 0.0518092 0.03125 
608 0.0517241 0.0311987 
609 0.0516393 0.0311475 
610 0.0515548 0.0310966 
611 0.0514706 0.0310458 
612 0.0513866 0.0309951 
613 0.0513029 0.0309446 
614 0.0512195 0.0308943 
615 0.0511364 0.0308442 
616 0.0510535 0.0307942 
617 0.0509709 0.0307443 
618 0.0508885 0.0313005 
619 0.0508065 0.03125 
620 0.0507246 0.0311997 
621 0.0506431 0.0311495 
622 0.0505618 0.0310995 
623 0.0544872 0.0310497 
624 0.0544 0.031 
625 0.0543131 0.0309505 
626 0.0542265 0.0309011 
627 0.0541401 0.0308519 
628 0.0540541 0.0308029 
629 0.0579365 0.030754 
630 0.0578447 0.0307052 
631 0.0577532 0.0306566 
632 0.0616114 0.0306082 
633 0.0615142 0.0305599 
634 0.0614173 0.0305118 
635 0.0613208 0.0304638 
636 0.0612245 0.030416 
637 0.0611285 0.0303683 
638 0.062011 0.0303208 
639 0.0619141 0.0302734 
640 0.0618175 0.0302262 
641 0.0617212 0.0301791 
642 0.0616252 0.0301322 
643 0.0615295 0.0300854 
644 0.0614341 0.0300388 
645 0.061339 0.0299923 
646 0.0612442 0.0299459 
647 0.0611497 0.0298997 
648 0.0649076 0.0298536 
649 0.0648077 0.0298077 
650 0.0647081 0.0297619 
651 0.0646089 0.0297163 
652 0.06451 0.0296708 
653 0.0644113 0.0296254 
654 0.064313 0.0295802 
655 0.0642149 0.0295351 
656 0.0679224 0.0294901 
657 0.0678191 0.0294453 
658 0.0677162 0.0294006 
659 0.0714015 0.0293561 
660 0.0712935 0.0293116 
661 0.0711858 0.0292674 
662 0.0710784 0.0292232 
663 0.0709714 0.0291792 
664 0.0708647 0.0291353 
665 0.0707583 0.0290916 
666 0.0706522 0.029048 
667 0.0742889 0.0290045 
668 0.0779148 0.0289611 
669 0.0777985 0.0289179 
670 0.0776826 0.0288748 
671 0.077567 0.0288318 
672 0.0774517 0.028789 
673 0.0773368 0.0287463 
674 0.0772222 0.0287037 
675 0.077108 0.0286612 
676 0.0769941 0.0286189 
677 0.0768805 0.0285767 
678 0.0784242 0.0285346 
679 0.0783088 0.0284926 
680 0.0781938 0.0284508 
681 0.0780792 0.0313416 
682 0.0779649 0.0312958 
683 0.0778509 0.03125 
684 0.0777372 0.0337591 
685 0.0776239 0.0337099 
686 0.0775109 0.0336608 
687 0.0773983 0.0336119 
688 0.0809144 0.0335631 
689 0.0807971 0.0335145 
690 0.0806802 0.033466 
691 0.0805636 0.0334176 
692 0.0804473 0.0333694 
693 0.0803314 0.0333213 
694 0.0802158 0.0332734 
695 0.0801006 0.0332256 
696 0.0799857 0.0331779 
697 0.0798711 0.0331304 
698 0.0797568 0.033083 
699 0.0796429 0.0355357 
700 0.0795292 0.035485 
701 0.0829772 0.0354345 
702 0.0864154 0.0353841 
703 0.0862926 0.0353338 
704 0.0861702 0.0352837 
705 0.0860482 0.0352337 
706 0.0859264 0.0351839 
707 0.0858051 0.0351342 
708 0.0856841 0.0350846 
709 0.0855634 0.0350352 
710 0.085443 0.0349859 
711 0.085323 0.0349368 
712 0.0852034 0.0348878 
713 0.085084 0.0348389 
714 0.0884615 0.0347902 
715 0.088338 0.0347416 
716 0.0882148 0.0346932 
717 0.0880919 0.0346448 
718 0.0879694 0.0345967 
719 0.0878472 0.0345486 
720 0.0877254 0.0345007 
721 0.0876039 0.0344529 
722 0.0909405 0.0344053 
723 0.0908149 0.0343577 
724 0.0906897 0.0343103 
725 0.0905647 0.0342631 
726 0.0904402 0.034216 
727 0.0903159 0.034169 
728 0.090192 0.0341221 
729 0.0900685 0.0340753 
730 0.0899453 0.0340287 
731 0.0898224 0.0339822 
732 0.0896999 0.0339359 
733 0.0895777 0.0338896 
734 0.0894558 0.0362245 
735 0.0893342 0.038553 
736 0.089213 0.0385007 
737 0.0890921 0.0384485 
738 0.0889716 0.0383965 
739 0.0888514 0.0383446 
740 0.0887314 0.0382928 
741 0.0886119 0.0382412 
742 0.0884926 0.0381898 
743 0.0883737 0.0381384 
744 0.088255 0.0380872 
745 0.0914879 0.0380362 
746 0.0913655 0.0379853 
747 0.0912433 0.0379345 
748 0.0911215 0.0378838 
749 0.091 0.0378333 
750 0.0908788 0.037783 
751 0.090758 0.0377327 
752 0.0906375 0.0376826 
753 0.0905172 0.0376326 
754 0.0903974 0.0375828 
755 0.0902778 0.0375331 
756 0.0901585 0.0374835 
757 0.0900396 0.037434 
758 0.0899209 0.0373847 
759 0.0930921 0.0373355 
760 0.0929698 0.0372865 
761 0.0928478 0.0372375 
762 0.0927261 0.0371887 
763 0.0926047 0.0371401 
764 0.0924837 0.0370915 
765 0.0923629 0.0370431 
766 0.0922425 0.0369948 
767 0.0921224 0.0369466 
768 0.0920026 0.0368986 
769 0.0918831 0.0368506 
770 0.0917639 0.0368029 
771 0.0948834 0.0367552 
772 0.0947607 0.0389715 
773 0.0946382 0.0389212 
774 0.0945161 0.038871 
775 0.0943943 0.0388209 
776 0.0942728 0.0387709 
777 0.0941517 0.0387211 
778 0.0940308 0.0386714 
779 0.0939103 0.0386218 
780 0.09379 0.0385723 
781 0.096867 0.038523 
782 0.0967433 0.0384738 
783 0.0966199 0.0384247 
784 0.0964968 0.0383758 
785 0.096374 0.038327 
786 0.0962516 0.0382783 
787 0.0961294 0.0382297 
788 0.0960076 0.0381812 
789 0.0958861 0.0381329 
790 0.0957649 0.0380847 
791 0.0956439 0.0380366 
792 0.0955233 0.0379887 
793 0.095403 0.0379408 
794 0.095283 0.0378931 
795 0.0951633 0.0378455 
796 0.0950439 0.037798 
797 0.0980576 0.0377506 
798 0.0979349 0.0398936 
799 0.0978125 0.0398437 
800 0.0976904 0.039794 
801 0.0975686 0.0397444 
802 0.0974471 0.0396949 
803 0.0973259 0.0418221 
804 0.097205 0.0439441 
805 0.0970844 0.0438896 
806 0.0969641 0.0460037 
807 0.0968441 0.0459468 
808 0.0967244 0.04589 
809 0.0966049 0.0458333 
810 0.0964858 0.0457768 
811 0.096367 0.0457204 
812 0.0962485 0.0456642 
813 0.0961302 0.0456081 
814 0.0960123 0.0476994 
815 0.0958946 0.0476409 
816 0.0957772 0.0475826 
817 0.0956601 0.0475244 
818 0.0955433 0.0474664 
819 0.0954268 0.0474085 
820 0.0953106 0.0473508 
821 0.0951946 0.0472932 
822 0.095079 0.0472357 
823 0.0949636 0.0471784 
824 0.0948485 0.0471212 
825 0.0947337 0.0470642 
826 0.0946191 0.0470073 
827 0.0945048 0.0469505 
828 0.0943908 0.0468938 
829 0.0942771 0.0478916 
830 0.0941637 0.0478339 
831 0.0940505 0.0477764 
832 0.0939376 0.0498199 
833 0.0968225 0.0497602 
834 0.0967066 0.0497006 
835 0.0965909 0.0517344 
836 0.0964755 0.0537634 
837 0.0963604 0.0536993 
838 0.0962455 0.0536353 
839 0.096131 0.0535714 
840 0.0960166 0.0535077 
841 0.0959026 0.0534442 
842 0.0987544 0.0533808 
843 0.0986374 0.0533175 
844 0.0985207 0.0532544 
845 0.0984043 0.0531915 
846 0.0982881 0.0531287 
847 0.0981722 0.053066 
848 0.0980565 0.0530035 
849 0.0979412 0.0529412 
850 0.0978261 0.052879 
851 0.0977113 0.0528169 
852 0.0975967 0.052755 
853 0.0974824 0.0526932 
854 0.0973684 0.0526316 
855 0.0972547 0.0525701 
856 0.0971412 0.0525088 
857 0.097028 0.0524476 
858 0.096915 0.0544237 
859 0.0968023 0.0563953 
860 0.0966899 0.0563298 
861 0.0965777 0.0562645 
862 0.0964658 0.0561993 
863 0.0963542 0.0561343 
864 0.0962428 0.0560694 
865 0.0961316 0.0560046 
866 0.0960208 0.05594 
867 0.0959101 0.0558756 
868 0.0957998 0.0558113 
869 0.0956897 0.0557471 
870 0.0955798 0.0576923 
871 0.0954702 0.0576261 
872 0.0953608 0.0575601 
873 0.0952517 0.0574943 
874 0.0951429 0.0574286 
875 0.0950342 0.057363 
876 0.0949259 0.0572976 
877 0.0948178 0.0572323 
878 0.097554 0.0571672 
879 0.0974432 0.0571023 
880 0.0973326 0.0570375 
881 0.0972222 0.0569728 
882 0.0971121 0.0569083 
883 0.0977093 0.0568439 
884 0.0975989 0.0567797 
885 0.0974887 0.0567156 
886 0.0973788 0.0566516 
887 0.0972691 0.0565878 
888 0.0971597 0.0565242 
889 0.0970506 0.0564607 
890 0.0969416 0.0563973 
891 0.096833 0.0563341 
892 0.0967245 0.0582307 
893 0.0966163 0.0581655 
894 0.0965084 0.0581006 
895 0.0964007 0.0580357 
896 0.0962932 0.057971 
897 0.096186 0.0579065 
898 0.0988598 0.057842 
899 0.09875 0.0577778 
900 0.0986404 0.0577137 
901 0.098531 0.0576497 
902 0.0984219 0.0595238 
903 0.101079 0.059458 
904 0.100967 0.0593923 
905 0.100855 0.0593267 
906 0.100744 0.0592613 
907 0.100633 0.059196 
908 0.100523 0.0591309 
909 0.100412 0.0590659 
910 0.100302 0.0609221 
911 0.100192 0.0608553 
912 0.100082 0.0627054 
913 0.0999726 0.0645514 
914 0.0998634 0.0644809 
915 0.102484 0.0644105 
916 0.102372 0.0643402 
917 0.10226 0.0642702 
918 0.102149 0.0642002 
919 0.102038 0.0641304 
920 0.101927 0.0640608 
921 0.101817 0.0639913 
922 0.104415 0.063922 
923 0.104302 0.0638528 
924 0.104189 0.0637838 
925 0.104077 0.0637149 
926 0.103964 0.0636462 
927 0.103852 0.0635776 
928 0.103741 0.0635091 
929 0.103629 0.0634409 
930 0.103518 0.0633727 
931 0.103407 0.0633047 
932 0.103296 0.0632369 
933 0.103185 0.0653105 
934 0.103075 0.0671123 
935 0.102965 0.0670406 
936 0.102855 0.0669691 
937 0.102745 0.0668977 
938 0.105298 0.0668264 
939 0.105186 0.0667553 
940 0.105074 0.0666844 
941 0.104963 0.0666136 
942 0.104852 0.0665429 
943 0.10474 0.0664725 
944 0.10463 0.0664021 
945 0.104519 0.0663319 
946 0.104409 0.0662619 
947 0.104299 0.066192 
948 0.104189 0.0661222 
949 0.104079 0.0660526 
950 0.106598 0.0659832 
951 0.106486 0.0663078 
952 0.106375 0.0680745 
953 0.106263 0.0680031 
954 0.106152 0.0679319 
955 0.106041 0.0678609 
956 0.107106 0.0696186 
957 0.106994 0.0695459 
958 0.106882 0.0712982 
959 0.106771 0.071224 
960 0.10666 0.0711498 
961 0.106549 0.0710759 
962 0.106438 0.0710021 
963 0.106328 0.0709284 
964 0.106218 0.0708549 
965 0.106108 0.0707816 
966 0.105998 0.0707084 
967 0.105888 0.0706353 
968 0.108359 0.0705624 
969 0.108247 0.0704897 
970 0.108136 0.0704171 
971 0.108025 0.0703447 
972 0.107914 0.0702724 
973 0.107803 0.0702002 
974 0.107692 0.0701282 
975 0.107582 0.0700564 
976 0.107472 0.0699846 
977 0.107362 0.0699131 
978 0.107252 0.0698417 
979 0.107143 0.0697704 
980 0.107034 0.0696993 
981 0.107561 0.0696283 
982 0.107452 0.0695575 
983 0.107342 0.0694868 
984 0.107234 0.0694162 
985 0.107125 0.0693458 
986 0.107016 0.0692756 
987 0.106908 0.0692055 
988 0.1068 0.0691355 
989 0.107828 0.0690657 
990 0.107719 0.068996 
991 0.108241 0.0689264 
992 0.108132 0.068857 
993 0.108023 0.0705483 
994 0.107915 0.0722362 
995 0.107806 0.0721637 
996 0.107698 0.0720913 
997 0.10759 0.072019 
998 0.108108 0.0719469 
999 0.108 0.071875 
1000 0.107892 0.0718032 
24832 0.348611 0.24643 
50006 0.231109 0.170697 
75307 0.178787 0.13264 
100190 0.148307 0.110936 
124607 0.128922 0.0956439 
148793 0.115217 0.0850275 
171861 0.105073 0.0769409 
194927 0.0966243 0.0705989 
217954 0.0900021 0.0652146 
241418 0.0843638 0.0604898 
264901 0.0796316 0.0566551 
288623 0.0753448 0.0533506 
311665 0.0719333 0.0504798 
334503 0.0687582 0.0479616 
357721 0.0658167 0.0456915 
381380 0.0633115 0.0436297 
405688 0.060863 0.041753 
430839 0.0586799 0.0400021 
455740 0.0565734 0.0385431 
480785 0.0547167 0.0371311 
506263 0.0529987 0.0357504 
531235 0.0514256 0.034581 
554867 0.0500964 0.0335749 
578180 0.0487978 0.0326122 
601090 0.0476975 0.0317372 
624695 0.0466367 0.0309198 
649386 0.0454806 0.0301057 
674105 0.0444655 0.0293768 
699056 0.0435297 0.0286944 
723546 0.0426537 0.0280206 
747731 0.041809 0.027363 
772847 0.0409989 0.0267444 
798225 0.0401862 0.0261782 
823624 0.0394397 0.0256233 
848588 0.038749 0.0251584 
873404 0.0381301 0.0246513 
898378 0.0374438 0.0241431 
923177 0.0368757 0.0237152 
947950 0.0362594 0.0232938 
973238 0.0356961 0.0228483 
998869 0.0352146 0.02249 
1024560 0.0346345 0.0221214 
1050081 0.0340982 0.0217195 
1075248 0.0336851 0.0213611 
1100545 0.033255 0.0210127 
1125492 0.0328498 0.0206836 
1151170 0.0323982 0.020351 
1176930 0.0319601 0.020018 
1202480 0.0316071 0.0197366 
1227734 0.0311924 0.0194373 
1253028 0.0308299 0.0191692 
1278668 0.0304585 0.0189096 
1304134 0.0301218 0.0186216 
1329140 0.0297886 0.0183862 
1354162 0.0294615 0.0181457 
1378471 0.0291846 0.0179197 
1402744 0.0288669 0.0177128 
1427880 0.0285585 0.0175038 
1453148 0.0282559 0.0172815 
1477959 0.0280095 0.0170939 
1503385 0.0277142 0.0168833 
1528867 0.0274386 0.0166673 
1554045 0.0271969 0.016477 
1578903 0.0269294 0.0162882 
1603644 0.0267004 0.0161015 
1628687 0.0264546 0.0159195 
1653986 0.0262183 0.0157718 
1678892 0.0259774 0.015619 
1703696 0.0257662 0.0154573 
1728761 0.0255288 0.0152958 
1754023 0.0253417 0.0151387 
1779216 0.025151 0.0149939 
1803802 0.0249692 0.0148644 
1828498 0.0247701 0.0147324 
1853050 0.0245724 0.0146032 
1877966 0.0244124 0.0144562 
1902883 0.0242321 0.0143015 
1927680 0.0240519 0.0141691 
1953123 0.0238694 0.0140342 
1977933 0.0237013 0.0139083 
2001773 0.0235258 0.0137879 
2026853 0.0233543 0.0136671 
2051554 0.0231885 0.0135575 
2076072 0.0230427 0.0134533 
2101021 0.0228483 0.0133415 
2125837 0.0227055 0.0132235 
2150422 0.0225616 0.0131147 
2174918 0.0224049 0.0130228 
2199293 0.0222554 0.0129299 
2223886 0.022116 0.012835 
2248207 0.0219788 0.0127497 
2272727 0.0218373 0.0126522 
2298091 0.0216817 0.0125566 
2323813 0.0215433 0.0124474 
2349512 0.0214053 0.0123545 
2374476 0.021289 0.0122621 
2398997 0.0211822 0.0121921 
2423600 0.0210399 0.0121079 
2448136 0.0209201 0.0120142 
2472559 0.0208224 0.011926 
2497169 0.0207108 0.0118459 
2522233 0.0205936 0.0117623 
2547105 0.0204734 0.0116995 
2571584 0.0203682 0.0116262 
2596275 0.0202623 0.0115622 
2621190 0.0201614 0.0114921 
2646179 0.020057 0.0113997 
2670664 0.0199506 0.0113277 
2695618 0.0198421 0.011255 
2720080 0.019719 0.0111927 
2744398 0.0196167 0.0111213 
2769567 0.0195163 0.0110523 
2794636 0.0194144 0.0109873 
2819383 0.0193204 0.0109286 
2843617 0.0192112 0.0108615 
2868272 0.0191306 0.0108062 
2893199 0.0190473 0.0107492 
2918265 0.0189461 0.0106826 
2942677 0.0188314 0.0106148 
2966171 0.0187593 0.0105637 
2989387 0.0186852 0.0105113 
3013782 0.0185907 0.010462 
3038221 0.0185092 0.0104099 
3062712 0.0184364 0.0103578 
3087530 0.0183414 0.0102929 
3111603 0.0182618 0.010231 
3136088 0.018173 0.0101791 
3159714 0.0180806 0.0101278 
3183869 0.0179946 0.0100735 
3207485 0.017909 0.0100277 
3232537 0.0178384 0.00997624 
3257907 0.0177614 0.00993593 
3282703 0.0177059 0.00988009 
3307095 0.0176293 0.00983162 
3331345 0.0175661 0.00978356 
3356783 0.0174791 0.00972717 
3382296 0.0173938 0.00968 
3407437 0.0173158 0.00962877 
3432715 0.0172443 0.00957581 
3457944 0.0171622 0.00952276 
3483555 0.0170997 0.00946836 
3509143 0.0170425 0.00941682 
3534035 0.01697 0.0093677 
3558986 0.0168951 0.00931755 
3584144 0.0168178 0.00927207 
3608939 0.0167416 0.00922787 
3631935 0.0166749 0.00918848 
3655466 0.0166122 0.00915119 
3679411 0.0165567 0.00910726 
3704445 0.0164914 0.00906743 
3729221 0.0164301 0.00902735 
3753523 0.0163648 0.00899321 
3777794 0.0163095 0.0089671 
3801799 0.0162564 0.0089301 
3825591 0.0161901 0.00889408 
3850761 0.016123 0.00886202 
3875911 0.0160617 0.00882115 
3900822 0.0160117 0.00878126 
3925200 0.0159511 0.00874766 
3950221 0.0158881 0.00871935 
3975429 0.0158154 0.00867042 
3999171 0.0157661 0.00863076 
4023328 0.0157016 0.00859284 
4047388 0.0156389 0.00856233 
4071335 0.0155856 0.00852217 
4095459 0.0155273 0.00849051 
4120505 0.0154767 0.00845279 
4146006 0.0154213 0.00841978 
4171773 0.0153704 0.00838713 
4197401 0.0153162 0.00835526 
4222731 0.0152708 0.00832801 
4248349 0.0152189 0.00828691 
4273237 0.0151678 0.0082566 
4297987 0.0151143 0.0082253 
4322421 0.0150608 0.0081956 
4347094 0.015017 0.008169 
4371470 0.0149667 0.00814207 
4396282 0.0149178 0.00811417 
4421900 0.0148598 0.00808344 
4446842 0.0148126 0.00804686 
4471884 0.0147591 0.00801385 
4496949 0.0147147 0.00798288 
4522264 0.014673 0.00795532 
4547254 0.0146138 0.00792549 
4571512 0.0145565 0.00789874 
4595995 0.0145275 0.00787151 
4620548 0.0144935 0.00783962 
4645493 0.0144473 0.00781491 
4670931 0.0144027 0.00779258 
4696494 0.0143543 0.00776768 
4721978 0.0143014 0.00773715 
4746913 0.0142732 0.00770943 
4771212 0.0142301 0.00767629 
4795989 0.0141843 0.00765508 
4821088 0.0141458 0.00763238 
4846135 0.0140946 0.00760365 
4870696 0.0140638 0.00758213 
4895291 0.0140224 0.00756815 
4920325 0.0139738 0.0075406 
4945597 0.0139493 0.00752045 
4971033 0.0139065 0.00749393 
4996299 0.0138691 0.00746782 
5021044 0.0138329 0.0074471 
5045809 0.013796 0.00742148 
5069565 0.0137538 0.00740509 
5093391 0.01371 0.00738406 
5117981 0.0136724 0.00736142 
5142867 0.0136441 0.00734009 
5167367 0.0136073 0.00731991 
5192233 0.0135718 0.00729154 
5217285 0.0135371 0.0072716 
5242152 0.0134981 0.00725043 
5267301 0.0134602 0.00723507 
5292721 0.01343 0.00721322 
5318210 0.0133868 0.00719343 
5343284 0.0133512 0.00717082 
5367514 0.0133239 0.00715028 
5391584 0.0132953 0.00713167 
5416419 0.0132562 0.00710823 
5441159 0.0132173 0.00709112 
5466490 0.0131869 0.00707337 
5491382 0.0131483 0.00705165 
5515201 0.0131143 0.00702936 
5539817 0.0130717 0.00701496 
5564291 0.0130321 0.00699874 
5589051 0.0129995 0.00698508 
5613624 0.0129682 0.0069666 
5638679 0.0129406 0.00694435 
5663722 0.0129045 0.00692667 
5688267 0.0128793 0.00690675 
5713302 0.0128381 0.00688577 
5738465 0.0128144 0.00686956 
5763330 0.0127904 0.00685247 
5788300 0.0127582 0.00683397 
5813430 0.0127328 0.00681444 
5838740 0.0127096 0.00679616 
5863874 0.012678 0.00678054 
5888819 0.0126484 0.00675975 
5914162 0.0126229 0.00673578 
5939319 0.0125839 0.00671892 
5964378 0.0125576 0.00669912 
5989381 0.0125191 0.00668325 
6014110 0.0124935 0.00665706 
6039108 0.0124722 0.0066419 
6064165 0.012448 0.006623 
6089050 0.0124211 0.006602 
6113472 0.012394 0.00658479 
6138094 0.0123602 0.00656792 
6162236 0.0123379 0.00655023 
6186385 0.0123099 0.00653161 
6211407 0.0122854 0.00651513 
6236855 0.0122575 0.00650316 
6261885 0.0122253 0.00648863 
6286924 0.0121972 0.00647523 
6312136 0.0121638 0.00646138 
6337473 0.0121423 0.00644399 
6362618 0.0121114 0.00642442 
6387970 0.0120889 0.00640999 
6413044 0.0120751 0.00639756 
6438239 0.0120525 0.00638537 
6463900 0.0120303 0.00636761 
6489220 0.012005 0.0063495 
6513479 0.0119759 0.00633359 
6538344 0.0119472 0.00631811 
6563474 0.0119246 0.00630067 
6588197 0.0119022 0.00628171 
6613711 0.0118736 0.00626667 
6638375 0.01185 0.00625179 
6663408 0.0118231 0.00623355 
6688555 0.0117955 0.00621891 
6712774 0.0117753 0.0062066 
6737354 0.0117548 0.00618926 
6762585 0.0117338 0.00617493 
6787537 0.0117132 0.00615961 
6812739 0.0116951 0.00614352 
6837962 0.0116713 0.0061263 
6862852 0.0116533 0.00611111 
6886879 0.0116328 0.00609826 
6911058 0.011611 0.00608681 
6935876 0.0115892 0.00607438 
6960136 0.01157 0.00606346 
6984124 0.0115419 0.00604526 
7008582 0.0115198 0.00603558 
7033214 0.0114944 0.00602102 
7057848 0.0114757 0.00600369 
7082764 0.0114538 0.00599355 
7107050 0.0114355 0.00597774 
7132170 0.0114132 0.00596473 
7157153 0.0114053 0.00595739 
7181721 0.0113836 0.0059417 
7206254 0.0113605 0.00593112 
7231432 0.0113363 0.00591565 
7256283 0.0113071 0.00590041 
7281452 0.0112816 0.00589239 
7306543 0.0112599 0.00588042 
7331493 0.0112384 0.00586739 
7356655 0.0112194 0.00585635 
7381835 0.0112032 0.00584262 
7406461 0.0111849 0.00582532 
7431062 0.0111601 0.00581881 
7455221 0.0111412 0.00580409 
7480181 0.0111165 0.00579347 
7505347 0.0110971 0.00577579 
7529547 0.0110772 0.00576587 
7554578 0.0110631 0.00575209 
7579644 0.0110416 0.00574328 
7604122 0.0110261 0.00573256 
7628485 0.0110016 0.00572131 
7652706 0.0109796 0.00571043 
7677982 0.0109558 0.00569505 
7703579 0.0109381 0.00568066 
7729029 0.0109195 0.00566771 
7753304 0.0108975 0.00565303 
7777305 0.0108737 0.00564349 
7801744 0.0108491 0.0056307 
7826775 0.0108264 0.00561829 
7852082 0.0108037 0.00560747 
7877515 0.0107818 0.00559459 
7902931 0.0107533 0.00558241 
7928473 0.0107409 0.00557039 
7954111 0.0107212 0.00555788 
7979743 0.0106958 0.00554882 
8004497 0.0106766 0.00553599 
8029133 0.0106609 0.00552594 
8054051 0.0106414 0.00551295 
8079340 0.0106247 0.00549852 
8103303 0.0106095 0.00548904 
8124812 0.0105968 0.00548122 
8148536 0.0105807 0.0054711 
8172914 0.0105647 0.00545719 
8197434 0.0105489 0.00544674 
8222132 0.0105302 0.00543717 
8246735 0.0105091 0.00542678 
8271712 0.0104936 0.00541497 
8296667 0.0104717 0.00540086 
8321998 0.0104522 0.00539285 
8346985 0.0104278 0.00538249 
8372168 0.010405 0.00537208 
8397214 0.0103904 0.00536427 
8422372 0.0103762 0.00535491 
8446887 0.0103588 0.00534425 
8470486 0.0103456 0.00533402 
8493593 0.0103318 0.0053191 
8516592 0.0103155 0.0053139 
8539115 0.0103062 0.00530416 
8561599 0.0102957 0.00530087 
8584323 0.0102782 0.00529138 
8607707 0.0102615 0.00528133 
8631259 0.0102461 0.00527544 
8654743 0.010228 0.0052652 
8677728 0.0102123 0.00525646 
8701470 0.0101972 0.00524814 
8724670 0.0101884 0.00524163 
8748181 0.0101648 0.00523025 
8771880 0.010153 0.00522054 
8795435 0.0101334 0.00521491 
8818763 0.0101167 0.00520367 
8842223 0.0101076 0.00519342 
8866027 0.0100966 0.00518539 
8889884 0.0100852 0.00517554 
8913715 0.0100711 0.00516792 
8936415 0.0100491 0.00516108 
8959719 0.0100369 0.00515229 
8983610 0.0100281 0.0051454 
9006517 0.0100115 0.0051367 
9029967 0.00999728 0.00512662 
9053314 0.00998727 0.00512017 
9076563 0.0099668 0.00511466 
9098825 0.00995352 0.00510647 
9120354 0.00993729 0.00509891 
9142462 0.00992709 0.00509288 
9165249 0.00991487 0.00508568 
9188514 0.00990297 0.00507418 
9211605 0.00989047 0.00506865 
9234888 0.0098782 0.00505881 
9259245 0.00986531 0.00505125 
9283423 0.00984713 0.00504128 
9307126 0.00983803 0.00503149 
9330835 0.00982076 0.00502481 
9354050 0.00980621 0.0050177 
9377852 0.00979049 0.00500945 
9401160 0.00977858 0.00500043 
9424491 0.00976595 0.00499498 
9447962 0.00975097 0.00498682 
9471210 0.00974356 0.00498336 
9493947 0.00972789 0.00497427 
9516626 0.00971556 0.00496879 
9539633 0.00970339 0.0049603 
9562848 0.00968853 0.00495472 
9585993 0.00966977 0.00494436 
9609167 0.00965687 0.00493473 
9632211 0.00964335 0.00492978 
9655309 0.00963105 0.00492137 
9678099 0.00961676 0.00491393 
9701237 0.00960634 0.00490555 
9724519 0.00959588 0.00490071 
9747342 0.00958242 0.00489454 
9770246 0.0095724 0.00488957 
9793176 0.00956314 0.00488153 
9815946 0.00954983 0.00487727 
9839160 0.00953699 0.00487074 
9862250 0.00952282 0.00486392 
9884788 0.00951134 0.00485731 
9907437 0.00949648 0.0048506 
9929912 0.00948643 0.00484549 
9952527 0.00947695 0.00483853 
9975235 0.00946245 0.00482898 
9998416 0.0094539 0.00482096 
10020856 0.00944542 0.00481302 
10043546 0.00943261 0.00480524 
10065918 0.00942637 0.0048004 
10088997 0.00941406 0.00479152 
10111798 0.00940585 0.00478302 
10134890 0.00939669 0.00477399 
10157864 0.00938484 0.00476669 
10181064 0.00936821 0.00476193 
10204726 0.00935378 0.00475468 
10227923 0.00933565 0.00474894 
10250945 0.00932893 0.00474339 
10274538 0.00931846 0.00473545 
10298259 0.00931015 0.00472753 
10321880 0.00929682 0.00472194 
10345103 0.00928706 0.0047179 
10368619 0.00927765 0.00471061 
10392170 0.00926798 0.00470118 
10415311 0.00926575 0.00469261 
10438443 0.00925289 0.00468586 
10461220 0.00924463 0.00467874 
10484602 0.00923645 0.00467369 
10508001 0.00922617 0.00466818 
10531108 0.00921334 0.00466169 
10554445 0.00920034 0.00465311 
10577881 0.00918917 0.004648 
10601119 0.00917864 0.00463957 
10624154 0.00916946 0.00463124 
10647295 0.00915878 0.00462655 
10670685 0.00914547 0.00461826 
10693973 0.00913267 0.00461201 
10717154 0.00912494 0.00460543 
10740726 0.00911236 0.00459968 
10764543 0.00909935 0.00459215 
10787760 0.00908825 0.00458518 
10810294 0.009077 0.00457658 
10832810 0.00905823 0.00456896 
10855885 0.00905319 0.00456338 
10878932 0.00904056 0.00455603 
10902124 0.00903363 0.00455063 
10925462 0.0090217 0.00454291 
10949084 0.00901243 0.00453793 
10972778 0.00900224 0.0045317 
10995960 0.00899168 0.00452606 
11019496 0.00897926 0.00452137 
11043039 0.00897212 0.00451187 
11066648 0.00896215 0.00450786 
11090575 0.00895174 0.00450173 
11114638 0.0089428 0.00449475 
11137964 0.00892927 0.00448823 
11161086 0.00892225 0.00448297 
11184093 0.00890967 0.00447973 
11206194 0.0089021 0.00447192 
11229753 0.0088929 0.00446544 
11253426 0.00888821 0.00445941 
11276690 0.0088761 0.00445453 
11300216 0.00887142 0.00444645 
11323810 0.00886383 0.00443704 
11347502 0.00885127 0.00443343 
11370896 0.00884194 0.00443004 
11394416 0.00883032 0.004425 
11418157 0.00882058 0.00441909 
11441661 0.00881497 0.00441228 
11465192 0.00880146 0.00440792 
11488809 0.0087919 0.00439998 
11512538 0.0087791 0.00439535 
11535996 0.00876698 0.00439083 
11558701 0.00875811 0.00438448 
11581852 0.00874876 0.00438097 
11605692 0.00874393 0.0043746 
11629601 0.00873386 0.00436896 
11653220 0.00872173 0.00436429 
11677093 0.00871249 0.0043626 
11700880 0.00869984 0.0043589 
11723892 0.0086878 0.00435287 
11747231 0.0086821 0.00434569 
11771110 0.00867316 0.00434024 
11794553 0.00866192 0.00433341 
11817592 0.00865312 0.00432776 
11840971 0.00864303 0.00432349 
11863895 0.008634 0.00431649 
11886811 0.00862333 0.00430962 
11909519 0.00861272 0.00430487 
11932335 0.00860559 0.00429787 
11955643 0.00859959 0.00429277 
11979117 0.00859315 0.00428786 
12002161 0.00858063 0.00428199 
12025126 0.00857631 0.00427716 
12047831 0.00856387 0.00427518 
12071120 0.00855567 0.00426683 
12094788 0.00855105 0.00426051 
12118312 0.00854153 0.00425584 
12141929 0.00852949 0.00425165 
12165581 0.00852187 0.0042471 
12189431 0.00850983 0.00424113 
12212886 0.00850475 0.00423446 
12235966 0.00850076 0.00422945 
12259167 0.00849299 0.00422522 
12282459 0.00848629 0.00422052 
12304698 0.00847519 0.00421458 
12326535 0.00847163 0.00421107 
12348122 0.00846307 0.00420615 
12370295 0.00845191 0.00419919 
12392911 0.00844815 0.00419379 
12415373 0.00843805 0.00418821 
12437977 0.00842576 0.00417924 
12460682 0.00842036 0.00417367 
12483075 0.00841815 0.00416708 
12505639 0.00840621 0.0041635 
12528349 0.00839939 0.00415407 
12550821 0.00838866 0.00414994 
12572860 0.00838153 0.00414684 
12596528 0.00837194 0.00414136 
12621054 0.00836015 0.00413759 
12645567 0.00835038 0.00413263 
12669292 0.00834488 0.00412691 
12692295 0.0083361 0.00412142 
12714386 0.00832598 0.00411984 
12737448 0.00831751 0.00411287 
12761073 0.0083092 0.00410973 
12784355 0.00829872 0.00410487 
12807664 0.00828848 0.00410259 
12830604 0.00828034 0.00409853 
12852915 0.00827363 0.00409415 
12875955 0.00826476 0.00409097 
12899076 0.00825933 0.00408435 
12922027 0.008249 0.00408118 
12945494 0.00824336 0.00407723 
12969167 0.00823479 0.00407297 
12992311 0.00822655 0.00406802 
13015935 0.00821607 0.00406166 
13038998 0.00820725 0.00405988 
13062132 0.00820117 0.00405541 
13085439 0.00819601 0.00405177 
13109143 0.00818658 0.00404535 
13132624 0.00817996 0.00404028 
13156085 0.00816854 0.00403548 
13179956 0.00815897 0.00403294 
13203890 0.00814876 0.00402784 
13226882 0.00813826 0.00402253 
13249676 0.00813063 0.00401854 
13272511 0.00812794 0.0040151 
13295603 0.00811709 0.00401123 
13318207 0.00810967 0.00400781 
13341010 0.00810065 0.00400394 
13364474 0.00809032 0.00399862 
13387459 0.00807972 0.0039957 
13410919 0.00807829 0.00398962 
13434203 0.00807083 0.00398496 
13457948 0.00806264 0.00398038 
13481792 0.00805601 0.00397386 
13505396 0.00804482 0.00396986 
13528975 0.00803559 0.00396418 
13552577 0.00802776 0.00395834 
13576326 0.0080197 0.00395344 
13599834 0.00801324 0.0039498 
13623041 0.00800508 0.0039447 
13646539 0.00800003 0.00394148 
13670122 0.00799362 0.00393503 
13693534 0.00798637 0.00393131 
13716433 0.00798133 0.0039288 
13739705 0.00796913 0.00392318 
13763127 0.00796126 0.00391725 
13786623 0.00795511 0.00391307 
13809050 0.00795023 0.0039099 
13831874 0.00794085 0.00390357 
13855321 0.0079294 0.00390058 
13878655 0.00792311 0.00389314 
13901944 0.00791149 0.00388779 
13925330 0.00790366 0.00388212 
13948621 0.00789516 0.00388059 
13971688 0.0078875 0.00387412 
13994858 0.00787882 0.00387088 
14018440 0.00787456 0.00386764 
14042260 0.007866 0.00386417 
14065851 0.00785336 0.00385914 
14088891 0.00784381 0.00385474 
14111692 0.00783631 0.00385007 
14135122 0.00782993 0.00384616 
14158793 0.00782161 0.00384218 
14182267 0.00781589 0.00383824 
14205555 0.00780854 0.00383332 
14229020 0.00780078 0.00383007 
14252371 0.0077961 0.00382635 
14275641 0.0077913 0.00382303 
14299034 0.00778335 0.00381893 
14322674 0.00777561 0.00381376 
14345871 0.00777013 0.00381031 
14369419 0.00775981 0.00380536 
14393017 0.00775642 0.00379942 
14415690 0.00775039 0.00379545 
14437929 0.00774401 0.00379214 
14460582 0.00773578 0.00378826 
14483344 0.00772825 0.00378393 
14506079 0.0077283 0.00378132 
14529439 0.00771943 0.00377672 
14552007 0.00771101 0.00377226 
14574491 0.00770258 0.00376966 
14597728 0.00769713 0.00376434 
14620656 0.00769198 0.00375964 
14644015 0.00768588 0.00375628 
14666567 0.00767526 0.00375472 
14689376 0.0076702 0.00375266 
14711802 0.00766535 0.00375055 
14734397 0.00766005 0.00374693 
14757281 0.00765233 0.00374357 
14780032 0.00764481 0.00374014 
14802508 0.00763627 0.0037365 
14825065 0.00763101 0.00373348 
14847445 0.00762563 0.00372904 
14870446 0.00761668 0.00372215 
14892929 0.00761173 0.00371835 
14915626 0.00760326 0.00371451 
14938430 0.00759493 0.00370884 
14961068 0.00758897 0.00370474 
14983404 0.00758561 0.00370167 
15005499 0.00758062 0.00369905 
15027768 0.00757578 0.00369223 
15050681 0.00757005 0.00369136 
15073337 0.00756415 0.00368804 
15095652 0.00755553 0.00368347 
15117588 0.00755005 0.00368163 
15139495 0.00754451 0.00367912 
15162151 0.00753629 0.00367558 
15185012 0.00753063 0.00367188 
15208058 0.00752454 0.00366934 
15231243 0.00751667 0.00366755 
15254406 0.00751099 0.00366466 
15277564 0.00750448 0.00366163 
15300272 0.00750087 0.00365542 
15323115 0.00749261 0.00365058 
15346255 0.00748923 0.0036476 
15369355 0.00748475 0.00364289 
15392336 0.00747816 0.00363993 
15415405 0.00747303 0.00363738 
15438771 0.00747058 0.00363415 
15461807 0.00746451 0.00363087 
15484754 0.00745903 0.00362603 
15507619 0.00745266 0.00362179 
15530473 0.00744974 0.00361807 
15553340 0.00744398 0.00361395 
15575940 0.00743299 0.00361048 
15598779 0.0074284 0.00360821 
15621954 0.00742159 0.00360587 
15644910 0.00741338 0.00360132 
15668128 0.00740689 0.00359749 
15691370 0.00740438 0.00359435 
15714034 0.00739943 0.00359073 
15736087 0.00739432 0.00358829 
15758489 0.00738846 0.00358533 
15781629 0.00738199 0.00358167 
15804025 0.00737698 0.00357853 
15826503 0.00737126 0.00357506 
15849041 0.00736622 0.00357238 
15871488 0.00736113 0.00357035 
15893955 0.00735678 0.0035685 
15917962 0.00735035 0.00356547 
15942358 0.00734282 0.00356197 
15966509 0.00733421 0.00355986 
15989100 0.00732854 0.00355635 
16010913 0.00732081 0.00355575 
16032714 0.00731416 0.00355204 
16054608 0.00731119 0.00354916 
16077052 0.00730725 0.00354433 
16100174 0.00730229 0.00354057 
16123599 0.0072946 0.00353781 
16146985 0.0072883 0.00353387 
16170329 0.00728288 0.00353122 
16193669 0.00727656 0.00352893 
16217093 0.00726901 0.00352493 
16240878 0.00726393 0.00352335 
16264617 0.00725908 0.00351768 
16288169 0.00725191 0.00351296 
16312174 0.00724285 0.00351076 
16335773 0.0072365 0.00350703 
16359700 0.00723155 0.00350416 
16383325 0.00722745 0.00350164 
16406948 0.00721873 0.00349907 
16430245 0.00721354 0.00349522 
16453308 0.00720647 0.0034911 
16475199 0.00720119 0.00348609 
16497930 0.00719579 0.00348367 
16521196 0.00719443 0.00348268 
16544679 0.00719163 0.00348062 
16568324 0.00718545 0.00347718 
16592094 0.00718093 0.00347425 
16615760 0.007176 0.00347192 
16638992 0.00716999 0.00347109 
16662831 0.00716225 0.00346751 
16686527 0.00715651 0.00346041 
16710318 0.00715033 0.00345582 
16733583 0.00714694 0.00345362 
16757091 0.0071386 0.00345075 
16780153 0.00713034 0.00344796 
16803243 0.00712666 0.00344642 
16826783 0.00712173 0.00344523 
16850726 0.0071127 0.00344224 
16874568 0.00710582 0.00344004 
16898121 0.00710264 0.00343731 
16921723 0.00709596 0.00343674 
16944999 0.00709203 0.00343429 
16967783 0.0070899 0.00343127 
16991479 0.00708538 0.0034306 
17014797 0.00708281 0.00342922 
17038313 0.00707998 0.00342469 
17061970 0.00707467 0.00342321 
17086052 0.00706817 0.0034175 
17109407 0.00706154 0.00341653 
17133016 0.00705286 0.00341459 
17156691 0.00704457 0.00341178 
17180301 0.00703553 0.00340886 
17203778 0.00703275 0.003407 
17227114 0.00702877 0.00340418 
17250997 0.00702631 0.00340233 
17275017 0.00702169 0.00339979 
17298686 0.00701568 0.00339679 
17322124 0.00701053 0.00339434 
17345008 0.00700473 0.00339224 
17368858 0.00699878 0.00338973 
17393023 0.0069985 0.00338606 
17417153 0.00699438 0.00338346 
17440871 0.0069889 0.0033828 
17463983 0.00698326 0.00338202 
17487344 0.00697572 0.00337788 
17510768 0.00696968 0.00337679 
17534303 0.00696758 0.00337455 
17557977 0.00696293 0.00337278 
17581723 0.00695918 0.00337058 
17605697 0.00695448 0.00336844 
17630023 0.00694855 0.00336689 
17654410 0.00694402 0.00336215 
17679010 0.00693724 0.00336075 
17702599 0.0069321 0.00335698 
17726154 0.006928 0.00335349 
17750411 0.00692265 0.00334942 
17774162 0.00691634 0.00334702 
17798546 0.00691299 0.0033424 
17823051 0.00691011 0.00334112 
17847428 0.00690645 0.00333781 
17872407 0.00690041 0.00333473 
17896641 0.00689693 0.00333302 
17921172 0.00689125 0.0033305 
17944982 0.00688656 0.00332787 
17968720 0.00688323 0.00332786 
17992563 0.00687709 0.00332562 
18017235 0.00687131 0.00332261 
18041796 0.00686704 0.00331969 
18066476 0.00686171 0.0033174 
18091030 0.0068541 0.00331492 
18115552 0.00685217 0.00331218 
18139641 0.00684649 0.00331247 
18163780 0.00684463 0.00330781 
18188173 0.00683771 0.00330487 
18212965 0.00683323 0.00330243 
18237047 0.00682428 0.00329968 
18261067 0.00681768 0.00329733 
18285034 0.0068102 0.00329257 
18309176 0.0068066 0.00329005 
18332707 0.00679848 0.00328744 
18356042 0.00679437 0.00328371 
18379967 0.00679106 0.00328279 
18403826 0.00678884 0.00327942 
18427896 0.00678227 0.00327674 
18452417 0.00677656 0.00327332 
18476719 0.0067699 0.00327049 
18501846 0.00676751 0.00326605 
18526542 0.00676384 0.00326524 
18550614 0.00675964 0.00326223 
18574830 0.00675681 0.00326056 
18599077 0.00675256 0.00325996 
18623305 0.00674689 0.00325635 
18647186 0.00674188 0.00325497 
18671597 0.00673882 0.00325241 
18695940 0.00673254 0.00325007 
18720541 0.00672557 0.00324803 
18744664 0.00672115 0.00324427 
18768687 0.00671469 0.00324055 
18792659 0.0067107 0.00323725 
18816820 0.00670758 0.00323388 
18841164 0.00670218 0.00323141 
18865719 0.00669731 0.00322805 
18890327 0.00669252 0.00322602 
18914325 0.00668838 0.00322429 
18938550 0.00668159 0.00322138 
18962934 0.00667726 0.00322062 
18987516 0.00667392 0.00322023 
19012171 0.00666816 0.00321792 
19036610 0.00666453 0.00321348 
19060841 0.00666125 0.00321167 
19085100 0.00665442 0.00320957 
19108614 0.00664959 0.00320786 
19132343 0.00664828 0.00320474 
19156603 0.00664585 0.003202 
19180906 0.00664331 0.00319923 
19205180 0.00663508 0.00319593 
19229916 0.00662936 0.00319428 
19255273 0.00662286 0.00319238 
19280495 0.00661943 0.00319157 
19305856 0.00661349 0.00318965 
19330714 0.00660858 0.00318676 
19355086 0.00660448 0.00318307 
19380185 0.0065986 0.00318047 
19405094 0.00659286 0.00318014 
19429577 0.00658976 0.00317715 
19454232 0.00658594 0.00317446 
19479127 0.00658076 0.00317215 
19503666 0.00657859 0.00316929 
19528204 0.00657166 0.00316749 
19552567 0.00656409 0.00316474 
19576897 0.00656091 0.0031623 
19601357 0.00655696 0.00315943 
19625408 0.00655035 0.00315692 
19649648 0.00654621 0.00315182 
19674266 0.00654051 0.00314862 
19698686 0.00653673 0.00314547 
19722793 0.00653104 0.00314257 
19746773 0.00652897 0.00314058 
19770685 0.00652351 0.00313897 
19795391 0.00651977 0.0031358 
19820314 0.00651645 0.0031342 
19844795 0.00651391 0.00313208 
19869084 0.00651119 0.00312955 
19893495 0.00650551 0.00312719 
19917502 0.0064999 0.003124 
19941681 0.00649358 0.00312069 
19966176 0.00649067 0.00311847 
19989896 0.00648748 0.00311567 
20014359 0.00648377 0.00311586 
20039049 0.00647912 0.00311363 
20062840 0.00647367 0.0031113 
20087244 0.00647125 0.0031094 
20111948 0.00646842 0.00310607 
20137230 0.00646109 0.00310315 
20161977 0.00645952 0.00310111 
20186274 0.00645329 0.00309921 
20210504 0.00645039 0.00309575 
20234789 0.00645044 0.00309274 
20258915 0.00644445 0.00309305 
20282613 0.00644057 0.00309199 
20307312 0.0064369 0.00309066 
20332487 0.00643329 0.00308844 
20356883 0.00642988 0.00308806 
20381738 0.00642371 0.00308624 
20405767 0.00641684 0.00308454 
20429727 0.00641276 0.00308223 
20454163 0.0064062 0.00307944 
20478678 0.00640208 0.00307766 
20503635 0.0063963 0.00307459 
20528399 0.00639596 0.00307263 
20553450 0.00639132 0.00307214 
20578264 0.00638492 0.00306935 
20602225 0.0063813 0.0030669 
20626646 0.00637767 0.00306427 
20651868 0.00637726 0.00306091 
20676503 0.00637369 0.00305851 
20700897 0.00636835 0.00305661 
20725493 0.00636387 0.003055 
20750321 0.00635807 0.00305327 
20775291 0.00635055 0.00305098 
20799956 0.00634923 0.00304744 
20824353 0.00634175 0.00304588 
20847563 0.00633632 0.00304458 
20870854 0.006334 0.00304261 
20895057 0.00633205 0.00304129 
20920072 0.00632656 0.00303958 
20944925 0.00632193 0.00303738 
20969756 0.00632064 0.00303467 
20994876 0.00631828 0.00303114 
21020073 0.00631306 0.00302846 
21045363 0.00631071 0.0030269 
21070815 0.00630678 0.00302334 
21096142 0.00630068 0.00302163 
21120061 0.00629423 0.00301927 
21143575 0.00629145 0.00301664 
21168236 0.00628915 0.00301283 
21191957 0.00628381 0.00301056 
21216763 0.00627751 0.0030079 
21241981 0.00627254 0.00300558 
21266967 0.00626852 0.00300276 
21291750 0.00626102 0.00300079 
21316762 0.00625629 0.00299897 
21342027 0.00625475 0.00299506 
21367755 0.00625025 0.00299263 
21393279 0.00624563 0.00298974 
21418195 0.00624146 0.00298727 
21442519 0.00623931 0.00298561 
21466941 0.00623624 0.00298356 
21491460 0.00623318 0.00298167 
21516022 0.00623016 0.00298015 
21541437 0.00622551 0.00297645 
21566498 0.00622031 0.00297464 
21591924 0.00621844 0.002972 
21617329 0.00621606 0.00297055 
21642573 0.00621329 0.00296779 
21667823 0.00620971 0.00296546 
21692502 0.00620672 0.00296409 
21716704 0.00620414 0.00295986 
21741285 0.00619935 0.00295902 
21766700 0.00619525 0.00295664 
21792241 0.00619235 0.00295502 
21817997 0.00619006 0.00295327 
21843083 0.00618628 0.00295259 
21868064 0.00618244 0.00294975 
21893465 0.00617855 0.00294903 
21919270 0.00617439 0.00294777 
21944716 0.00616976 0.00294616 
21970229 0.00616682 0.00294332 
21995716 0.00616359 0.00294173 
22020901 0.0061622 0.00294062 
22046019 0.00615815 0.00293782 
22071472 0.00615328 0.00293608 
22096840 0.00614786 0.00293361 
22122181 0.00614587 0.0029319 
22147543 0.00614109 0.0029301 
22172272 0.0061367 0.00292704 
22197983 0.00613197 0.00292611 
22223788 0.00612842 0.00292392 
22249141 0.00612524 0.00292103 
22274473 0.00612233 0.00291973 
22299157 0.00612104 0.00291833 
22322867 0.00611976 0.00291566 
22348290 0.00611509 0.00291381 
22373831 0.00611255 0.00291143 
22397809 0.00611055 0.00290964 
22422633 0.00610733 0.00290835 
22447527 0.00610408 0.00290657 
22472777 0.00610079 0.00290325 
22498173 0.00609572 0.0029009 
22523633 0.00609349 0.00289883 
22549070 0.00608869 0.00289459 
22574483 0.00608464 0.00289235 
22599565 0.00608219 0.00288968 
22624504 0.00607771 0.00288743 
22649381 0.00607135 0.00288481 
22674534 0.0060699 0.00288309 
22699720 0.00606672 0.00287932 
22724762 0.00606386 0.00287729 
22748778 0.00606122 0.00287382 
22772810 0.00605756 0.00287284 
22796984 0.00605438 0.00287139 
22821766 0.00605134 0.00286769 
22846974 0.00604541 0.00286451 
22872397 0.00603942 0.00286248 
22897881 0.0060364 0.00286125 
22922427 0.00603384 0.00285963 
22947939 0.00602947 0.00285846 
22973802 0.00602667 0.00285712 
22999185 0.00602357 0.00285404 
23024391 0.00601947 0.00285217 
23050182 0.00601299 0.00285117 
23075534 0.00600811 0.00284924 
23100226 0.00600199 0.00284697 
23124737 0.00599826 0.00284562 
23149726 0.00599305 0.00284152 
23175069 0.00598932 0.00283991 
23200838 0.00598313 0.0028382 
23226221 0.00598128 0.00283522 
23251661 0.00597815 0.00283489 
23277540 0.00597495 0.00283237 
23303453 0.00597113 0.00283124 
23329172 0.00596645 0.00283029 
23354826 0.00596075 0.00282899 
23379507 0.00595849 0.00282593 
23405061 0.00595723 0.0028222 
23430914 0.00595644 0.00282038 
23456723 0.00595138 0.00281809 
23482162 0.00594936 0.00281642 
23507796 0.00594731 0.00281406 
23532882 0.0059429 0.00281478 
23557913 0.00593884 0.00281263 
23583383 0.00593278 0.00281085 
23608827 0.00593197 0.00281004 
23634432 0.00592946 0.00280666 
23660034 0.00592508 0.00280469 
23685088 0.00592085 0.00280284 
23710264 0.00591803 0.00280022 
23735512 0.00591381 0.00279841 
23760571 0.00591228 0.00279588 
23785941 0.00590787 0.00279537 
23811104 0.00590596 0.00279423 
23835640 0.00590388 0.00279294 
23861014 0.00590193 0.00278984 
23886651 0.00589955 0.00278712 
23911394 0.00589622 0.00278497 
23935758 0.00589399 0.00278297 
23961060 0.00589031 0.00278232 
23986240 0.00588887 0.00278027 
24011536 0.00588296 0.00277973 
24036808 0.00588062 0.00278036 
24062418 0.00587584 0.00277972 
24087756 0.00587157 0.00277688 
24112787 0.00587011 0.00277528 
24138167 0.00586231 0.00277303 
