0 0 0 
1 0 0 
2 0 1.36031 
3 0.0208333 1.02024 
4 0.0333333 0.896595 
5 0.0277778 1.48915 
6 0.785259 1.86002 
7 1.66496 1.88087 
8 1.90899 1.71331 
9 1.71809 1.76661 
10 1.5619 1.61176 
11 1.98739 1.54429 
12 1.98086 1.55265 
13 1.96645 1.72738 
14 1.87109 1.6463 
15 1.78497 1.59644 
16 1.98618 1.53447 
17 1.88105 1.45166 
18 1.787 1.39992 
19 1.70685 1.35957 
20 1.68056 1.37702 
21 1.60417 1.33923 
22 1.59993 1.34892 
23 1.55979 1.3358 
24 1.49157 1.28598 
25 1.44814 1.23782 
26 1.43141 1.22334 
27 1.39924 1.1917 
28 1.35611 1.16472 
29 1.3595 1.16859 
30 1.31565 1.13315 
31 1.28444 1.15017 
32 1.2499 1.20493 
33 1.23915 1.20514 
34 1.21906 1.19521 
35 1.19097 1.23293 
36 1.17657 1.20455 
37 1.15898 1.17819 
38 1.1312 1.19681 
39 1.16074 1.18475 
40 1.20043 1.15984 
41 1.18207 1.14277 
42 1.20524 1.13444 
43 1.19255 1.12684 
44 1.17468 1.11468 
45 1.1668 1.11048 
46 1.14151 1.1001 
47 1.13656 1.11058 
48 1.1134 1.09221 
49 1.10862 1.07312 
50 1.09492 1.05322 
51 1.09624 1.03382 
52 1.07482 1.04421 
53 1.10589 1.03588 
54 1.10322 1.0182 
55 1.08259 0.999579 
56 1.05935 1.00274 
57 1.04636 0.98804 
58 1.0364 0.97711 
59 1.04809 0.989786 
60 1.04909 0.979189 
61 1.08424 0.967831 
62 1.06696 0.958053 
63 1.0564 0.957434 
64 1.0398 0.954871 
65 1.03601 0.943302 
66 1.03133 0.930279 
67 1.0162 0.926599 
68 1.00896 0.919938 
69 0.994122 0.932657 
70 0.98606 0.925663 
71 0.972817 0.915341 
72 0.96483 0.906113 
73 0.950471 0.902766 
74 0.953543 0.899548 
75 0.963271 0.894048 
76 0.955407 0.886534 
77 0.953304 0.882612 
78 0.95273 0.878354 
79 0.9778 0.871899 
80 0.97192 0.860485 
81 0.979903 0.850175 
82 0.976579 0.843397 
83 0.97208 0.835961 
84 0.970435 0.828637 
85 0.968299 0.821721 
86 0.959473 0.814543 
87 0.948734 0.816283 
88 0.944235 0.812564 
89 0.939558 0.806086 
90 0.93939 0.803999 
91 0.933422 0.799476 
92 0.935362 0.791429 
93 0.927628 0.792308 
94 0.932072 0.788442 
95 0.928863 0.779794 
96 0.926211 0.7731 
97 0.921958 0.765848 
98 0.917366 0.761405 
99 0.908879 0.761034 
100 0.905453 0.756076 
101 0.898833 0.752215 
102 0.891101 0.746845 
103 0.884664 0.739404 
104 0.877776 0.737771 
105 0.873241 0.734121 
106 0.866881 0.729872 
107 0.861299 0.72993 
108 0.853109 0.735973 
109 0.84886 0.737426 
110 0.847626 0.731939 
111 0.848129 0.726275 
112 0.843009 0.722351 
113 0.838007 0.715897 
114 0.831869 0.709494 
115 0.828283 0.703435 
116 0.823997 0.697478 
117 0.815043 0.692306 
118 0.810597 0.691283 
119 0.805468 0.690827 
120 0.805305 0.685706 
121 0.799612 0.682569 
122 0.798248 0.679649 
123 0.793126 0.681429 
124 0.790038 0.678395 
125 0.783897 0.673908 
126 0.782678 0.671051 
127 0.777947 0.666345 
128 0.772748 0.664793 
129 0.767135 0.660967 
130 0.765183 0.658673 
131 0.760889 0.654619 
132 0.756844 0.649748 
133 0.752574 0.646267 
134 0.747425 0.642942 
135 0.742809 0.641206 
136 0.738593 0.637019 
137 0.732784 0.633758 
138 0.728552 0.630903 
139 0.722728 0.628702 
140 0.718553 0.623994 
141 0.711603 0.634374 
142 0.707912 0.630317 
143 0.703665 0.634914 
144 0.700266 0.631622 
145 0.698152 0.627637 
146 0.694188 0.623196 
147 0.690364 0.619998 
148 0.687761 0.616114 
149 0.686122 0.612875 
150 0.685455 0.611579 
151 0.685038 0.61325 
152 0.682932 0.613478 
153 0.678239 0.625106 
154 0.676292 0.621159 
155 0.673537 0.627311 
156 0.66657 0.623925 
157 0.664576 0.620351 
158 0.660468 0.620483 
159 0.658677 0.622015 
160 0.657832 0.619912 
161 0.653771 0.61723 
162 0.651013 0.613453 
163 0.651427 0.610062 
164 0.646469 0.606264 
165 0.642353 0.604729 
166 0.643681 0.602462 
167 0.640644 0.599304 
168 0.639015 0.599693 
169 0.638371 0.596941 
170 0.635 0.5949 
171 0.629658 0.591543 
172 0.628444 0.594802 
173 0.627347 0.593384 
174 0.622722 0.590258 
175 0.625398 0.588735 
176 0.621926 0.584735 
177 0.619691 0.58287 
178 0.62004 0.582047 
179 0.618173 0.57903 
180 0.619291 0.576663 
181 0.618501 0.574688 
182 0.616061 0.573192 
183 0.612151 0.571055 
184 0.611211 0.569384 
185 0.615822 0.569295 
186 0.616753 0.567067 
187 0.616579 0.564972 
188 0.613386 0.562017 
189 0.610325 0.560246 
190 0.607709 0.557047 
191 0.604673 0.554706 
192 0.603486 0.552754 
193 0.602508 0.550308 
194 0.602672 0.547678 
195 0.604362 0.545756 
196 0.605319 0.543825 
197 0.605796 0.540919 
198 0.603318 0.538906 
199 0.600715 0.53791 
200 0.597164 0.537807 
201 0.595976 0.536825 
202 0.593267 0.535995 
203 0.58926 0.533761 
204 0.587257 0.533325 
205 0.585198 0.532283 
206 0.583253 0.53081 
207 0.581326 0.528679 
208 0.577983 0.526174 
209 0.577074 0.525935 
210 0.573892 0.523445 
211 0.577812 0.521264 
212 0.578198 0.521722 
213 0.576304 0.519401 
214 0.574305 0.517479 
215 0.578357 0.517756 
216 0.575573 0.515754 
217 0.573584 0.514244 
218 0.571208 0.514274 
219 0.570153 0.512044 
220 0.567657 0.511301 
221 0.567797 0.509394 
222 0.574779 0.507821 
223 0.573599 0.505628 
224 0.571114 0.506804 
225 0.569102 0.504561 
226 0.570145 0.502922 
227 0.566449 0.500768 
228 0.565394 0.501029 
229 0.563892 0.499847 
230 0.56191 0.498285 
231 0.56381 0.496229 
232 0.561939 0.494145 
233 0.558941 0.49336 
234 0.55779 0.49254 
235 0.557535 0.491089 
236 0.554778 0.489045 
237 0.552246 0.488168 
238 0.549627 0.485946 
239 0.546461 0.484608 
240 0.545707 0.483224 
241 0.54556 0.481347 
242 0.543311 0.480441 
243 0.541812 0.47943 
244 0.542031 0.477678 
245 0.539742 0.475736 
246 0.537553 0.475942 
247 0.535658 0.474299 
248 0.536471 0.472998 
249 0.535831 0.472381 
250 0.533339 0.470469 
251 0.531427 0.470308 
252 0.529116 0.468716 
253 0.530247 0.467382 
254 0.528007 0.464999 
255 0.528347 0.463531 
256 0.526857 0.463025 
257 0.526709 0.461616 
258 0.525868 0.459816 
259 0.523702 0.45806 
260 0.521791 0.457532 
261 0.519923 0.458014 
262 0.520455 0.45679 
263 0.521282 0.456156 
264 0.52228 0.454277 
265 0.52016 0.452462 
266 0.521315 0.453483 
267 0.519796 0.45244 
268 0.52049 0.451213 
269 0.518439 0.450227 
270 0.51658 0.448958 
271 0.514415 0.447712 
272 0.511507 0.446154 
273 0.511277 0.447759 
274 0.510388 0.446102 
275 0.510947 0.445572 
276 0.510892 0.446155 
277 0.509578 0.445762 
278 0.505547 0.444837 
279 0.504476 0.44385 
280 0.503623 0.442251 
281 0.503494 0.440216 
282 0.50179 0.439178 
283 0.502488 0.438385 
284 0.501072 0.437813 
285 0.498359 0.436863 
286 0.498522 0.440332 
287 0.49726 0.439296 
288 0.498304 0.438171 
289 0.495598 0.437292 
290 0.494107 0.436161 
291 0.497567 0.434667 
292 0.496376 0.433227 
293 0.494697 0.432092 
294 0.493939 0.431246 
295 0.494332 0.430941 
296 0.493741 0.429673 
297 0.491755 0.428251 
298 0.493271 0.427011 
299 0.491598 0.426033 
300 0.492807 0.424204 
301 0.492214 0.423153 
302 0.491017 0.420882 
303 0.488409 0.419491 
304 0.487274 0.41856 
305 0.486953 0.417441 
306 0.484493 0.416294 
307 0.486625 0.414731 
308 0.484337 0.412845 
309 0.484227 0.412899 
310 0.482341 0.411584 
311 0.483546 0.410694 
312 0.481979 0.40951 
313 0.479413 0.408105 
314 0.477316 0.40701 
315 0.475805 0.406197 
316 0.476774 0.404925 
317 0.476998 0.404333 
318 0.476488 0.403087 
319 0.477478 0.401803 
320 0.479283 0.400749 
321 0.478095 0.400004 
322 0.478305 0.398831 
323 0.478237 0.397764 
324 0.476503 0.396635 
325 0.475815 0.396218 
326 0.478676 0.394924 
327 0.475427 0.394444 
328 0.474146 0.394854 
329 0.476183 0.394336 
330 0.476085 0.393278 
331 0.475016 0.393841 
332 0.473816 0.39277 
333 0.474654 0.393284 
334 0.473941 0.39211 
335 0.472617 0.390939 
336 0.471779 0.389813 
337 0.468992 0.388986 
338 0.46764 0.387874 
339 0.468645 0.387814 
340 0.467121 0.3872 
341 0.465736 0.386377 
342 0.465227 0.385543 
343 0.463689 0.384657 
344 0.462372 0.384448 
345 0.463484 0.384331 
346 0.462105 0.383258 
347 0.460256 0.382156 
348 0.45951 0.382251 
349 0.459937 0.382097 
350 0.461566 0.381019 
351 0.459823 0.379994 
352 0.458596 0.379154 
353 0.456822 0.378231 
354 0.455398 0.377166 
355 0.454345 0.376245 
356 0.453535 0.37638 
357 0.452834 0.375207 
358 0.449361 0.374705 
359 0.44994 0.374379 
360 0.450723 0.373426 
361 0.448744 0.372457 
362 0.448373 0.371566 
363 0.446842 0.370802 
364 0.446438 0.370817 
365 0.445987 0.369946 
366 0.446132 0.370187 
367 0.443875 0.369048 
368 0.441793 0.368476 
369 0.439541 0.367517 
370 0.44019 0.367395 
371 0.43936 0.366634 
372 0.439178 0.365473 
373 0.439369 0.36417 
374 0.439281 0.363875 
375 0.439767 0.362982 
376 0.440862 0.362629 
377 0.439775 0.362945 
378 0.439016 0.362079 
379 0.436501 0.362131 
380 0.4362 0.361653 
381 0.437149 0.361533 
382 0.437824 0.360678 
383 0.438088 0.360737 
384 0.438216 0.359602 
385 0.437332 0.359446 
386 0.437626 0.358827 
387 0.435958 0.357668 
388 0.433612 0.356749 
389 0.434086 0.356242 
390 0.436902 0.355479 
391 0.436966 0.354691 
392 0.435892 0.354162 
393 0.435192 0.353484 
394 0.435018 0.352611 
395 0.433786 0.352109 
396 0.432752 0.351689 
397 0.432196 0.350605 
398 0.433377 0.349762 
399 0.432523 0.348987 
400 0.431472 0.348488 
401 0.431158 0.347744 
402 0.430304 0.346881 
403 0.429575 0.346122 
404 0.429493 0.345861 
405 0.428389 0.345401 
406 0.426042 0.345113 
407 0.424352 0.34454 
408 0.423894 0.343941 
409 0.423481 0.34337 
410 0.422205 0.342655 
411 0.4219 0.341823 
412 0.419929 0.341062 
413 0.418658 0.340399 
414 0.41862 0.339124 
415 0.420575 0.338587 
416 0.419377 0.337775 
417 0.417351 0.337567 
418 0.416772 0.337647 
419 0.415642 0.336843 
420 0.416821 0.336043 
421 0.416324 0.335247 
422 0.416751 0.334417 
423 0.416601 0.333814 
424 0.416018 0.33335 
425 0.416243 0.332546 
426 0.415578 0.331459 
427 0.415092 0.330767 
428 0.414982 0.329971 
429 0.414139 0.329549 
430 0.413994 0.328796 
431 0.414004 0.328066 
432 0.412867 0.327278 
433 0.412296 0.326484 
434 0.412048 0.325899 
435 0.410774 0.325161 
436 0.410976 0.32448 
437 0.41034 0.323715 
438 0.409762 0.323635 
439 0.4087 0.322919 
440 0.408408 0.322351 
441 0.407957 0.321537 
442 0.406448 0.321333 
443 0.405274 0.320763 
444 0.404364 0.320161 
445 0.403432 0.319422 
446 0.402993 0.318603 
447 0.403025 0.317801 
448 0.403806 0.317238 
449 0.402482 0.316533 
450 0.401104 0.31611 
451 0.401554 0.315698 
452 0.400787 0.31547 
453 0.399786 0.314803 
454 0.398247 0.31479 
455 0.396668 0.313918 
456 0.395938 0.313778 
457 0.395355 0.313301 
458 0.393718 0.312719 
459 0.391949 0.312245 
460 0.391264 0.31154 
461 0.390162 0.31083 
462 0.389495 0.31025 
463 0.387828 0.310524 
464 0.387164 0.310335 
465 0.387044 0.310007 
466 0.386238 0.309772 
467 0.386394 0.30911 
468 0.384803 0.308383 
469 0.384439 0.308063 
470 0.383375 0.307731 
471 0.382206 0.307529 
472 0.382108 0.307017 
473 0.3806 0.307168 
474 0.379927 0.306212 
475 0.380015 0.305554 
476 0.378241 0.305851 
477 0.377356 0.307635 
478 0.375525 0.307028 
479 0.374197 0.306336 
480 0.373419 0.306103 
481 0.372448 0.304987 
482 0.372495 0.304815 
483 0.372404 0.304226 
484 0.371772 0.30329 
485 0.371545 0.302868 
486 0.370707 0.302297 
487 0.370268 0.3016 
488 0.369142 0.301216 
489 0.368177 0.300774 
490 0.367427 0.301119 
491 0.366182 0.300655 
492 0.366806 0.300286 
493 0.366944 0.30015 
494 0.366614 0.30014 
495 0.365894 0.299859 
496 0.365758 0.299574 
497 0.364595 0.299082 
498 0.364121 0.298959 
499 0.363253 0.298708 
500 0.362461 0.298229 
501 0.361547 0.297844 
502 0.361116 0.297868 
503 0.360474 0.297277 
504 0.359462 0.296733 
505 0.359012 0.296424 
506 0.358064 0.297635 
507 0.35688 0.297313 
508 0.355704 0.296898 
509 0.355032 0.296823 
510 0.353988 0.296922 
511 0.353324 0.296651 
512 0.353621 0.296335 
513 0.352643 0.296632 
514 0.351388 0.296185 
515 0.350775 0.295616 
516 0.35094 0.295093 
517 0.351098 0.294749 
518 0.349657 0.294441 
519 0.348996 0.294198 
520 0.348326 0.293982 
521 0.347659 0.294296 
522 0.347322 0.293908 
523 0.347559 0.293645 
524 0.346927 0.293277 
525 0.345901 0.292833 
526 0.346045 0.292586 
527 0.345519 0.291925 
528 0.345454 0.291577 
529 0.346571 0.291379 
530 0.346325 0.290769 
531 0.346447 0.290669 
532 0.346826 0.290463 
533 0.346204 0.290253 
534 0.347193 0.289887 
535 0.346731 0.289264 
536 0.345835 0.288706 
537 0.345938 0.288184 
538 0.346524 0.28741 
539 0.346494 0.287082 
540 0.34617 0.286582 
541 0.34529 0.286085 
542 0.345158 0.285388 
543 0.345149 0.285421 
544 0.344122 0.284869 
545 0.342702 0.285397 
546 0.343194 0.284874 
547 0.342436 0.284399 
548 0.341812 0.284324 
549 0.340902 0.283956 
550 0.339797 0.284005 
551 0.339383 0.283647 
552 0.338923 0.283344 
553 0.339259 0.2833 
554 0.339542 0.282796 
555 0.33995 0.282854 
556 0.339359 0.282776 
557 0.339602 0.282573 
558 0.338319 0.282071 
559 0.337375 0.281567 
560 0.337034 0.281174 
561 0.336431 0.281135 
562 0.336688 0.280553 
563 0.335845 0.280228 
564 0.335249 0.279744 
565 0.335407 0.279009 
566 0.335902 0.278943 
567 0.336265 0.278633 
568 0.336529 0.279026 
569 0.336705 0.278297 
570 0.336417 0.277826 
571 0.336247 0.277483 
572 0.335386 0.277085 
573 0.335356 0.276384 
574 0.336127 0.27664 
575 0.335643 0.276443 
576 0.336327 0.276761 
577 0.336676 0.276557 
578 0.336006 0.275628 
579 0.334667 0.275475 
580 0.334455 0.275508 
581 0.335196 0.274961 
582 0.336289 0.274745 
583 0.336472 0.274278 
584 0.335905 0.2742 
585 0.336258 0.273918 
586 0.336973 0.273249 
587 0.336328 0.272785 
588 0.336416 0.272132 
589 0.336619 0.271717 
590 0.336821 0.270983 
591 0.336733 0.270242 
592 0.336061 0.269899 
593 0.335253 0.269294 
594 0.335293 0.268912 
595 0.334722 0.268461 
596 0.334921 0.268218 
597 0.334223 0.268325 
598 0.333483 0.267858 
599 0.333248 0.267594 
600 0.332747 0.267148 
601 0.333061 0.266769 
602 0.331973 0.266225 
603 0.331874 0.26549 
604 0.331111 0.265121 
605 0.330982 0.265226 
606 0.330392 0.26485 
607 0.329769 0.264496 
608 0.329592 0.264065 
609 0.329647 0.26367 
610 0.32989 0.263524 
611 0.330102 0.263093 
612 0.330268 0.262701 
613 0.330596 0.262274 
614 0.330257 0.26244 
615 0.329835 0.262114 
616 0.329344 0.261725 
617 0.328769 0.261233 
618 0.328016 0.260895 
619 0.328 0.260995 
620 0.327293 0.260635 
621 0.326621 0.260107 
622 0.325651 0.259682 
623 0.325121 0.259334 
624 0.324601 0.258946 
625 0.324099 0.258827 
626 0.324151 0.258499 
627 0.323712 0.258112 
628 0.322733 0.257767 
629 0.321731 0.257362 
630 0.321065 0.257463 
631 0.32156 0.257054 
632 0.32072 0.256939 
633 0.320889 0.256326 
634 0.320773 0.25641 
635 0.321112 0.255603 
636 0.320167 0.255212 
637 0.319735 0.255459 
638 0.31961 0.254744 
639 0.318903 0.25442 
640 0.319301 0.254112 
641 0.318821 0.253934 
642 0.319159 0.253449 
643 0.318755 0.253102 
644 0.318818 0.252891 
645 0.318596 0.252782 
646 0.318237 0.252394 
647 0.317793 0.251979 
648 0.317959 0.252053 
649 0.317601 0.252251 
650 0.317281 0.25203 
651 0.316575 0.251199 
652 0.317649 0.250964 
653 0.317152 0.251337 
654 0.316068 0.251305 
655 0.315285 0.251083 
656 0.315284 0.251028 
657 0.315034 0.250661 
658 0.314436 0.250293 
659 0.314613 0.250007 
660 0.313888 0.249698 
661 0.313242 0.249579 
662 0.312889 0.249435 
663 0.3126 0.249521 
664 0.31219 0.249122 
665 0.311908 0.248748 
666 0.311286 0.248465 
667 0.310832 0.248142 
668 0.310971 0.24746 
669 0.30963 0.247168 
670 0.309276 0.246831 
671 0.309107 0.246324 
672 0.308985 0.245909 
673 0.30823 0.245801 
674 0.307773 0.245419 
675 0.306998 0.245473 
676 0.306877 0.245245 
677 0.306425 0.244883 
678 0.305719 0.244491 
679 0.304786 0.243944 
680 0.304404 0.24379 
681 0.304324 0.243389 
682 0.303875 0.243032 
683 0.303439 0.242799 
684 0.303071 0.242455 
685 0.303093 0.242221 
686 0.30185 0.241862 
687 0.30117 0.241766 
688 0.299901 0.24167 
689 0.299508 0.241187 
690 0.298958 0.24151 
691 0.298028 0.241272 
692 0.297562 0.240904 
693 0.296522 0.240535 
694 0.296117 0.240189 
695 0.295156 0.239712 
696 0.295426 0.239554 
697 0.295305 0.23934 
698 0.295362 0.238998 
699 0.295014 0.238683 
700 0.294555 0.238669 
701 0.294838 0.238367 
702 0.295438 0.238308 
703 0.295617 0.238651 
704 0.295162 0.238135 
705 0.295393 0.237742 
706 0.29496 0.237388 
707 0.29464 0.237405 
708 0.29507 0.237187 
709 0.294275 0.237061 
710 0.293585 0.236735 
711 0.293419 0.236296 
712 0.293186 0.235698 
713 0.292766 0.235102 
714 0.293081 0.234764 
715 0.293022 0.235694 
716 0.292519 0.235365 
717 0.293025 0.235345 
718 0.293418 0.23513 
719 0.293451 0.234932 
720 0.292824 0.234857 
721 0.2931 0.235114 
722 0.292694 0.234789 
723 0.292233 0.234418 
724 0.292257 0.234095 
725 0.292084 0.233993 
726 0.291672 0.233774 
727 0.291849 0.233852 
728 0.291632 0.234147 
729 0.291465 0.233826 
730 0.292034 0.23373 
731 0.292203 0.233836 
732 0.291906 0.233517 
733 0.29169 0.23312 
734 0.291449 0.232845 
735 0.292077 0.232922 
736 0.292177 0.233012 
737 0.292103 0.232844 
738 0.292042 0.232529 
739 0.291312 0.232212 
740 0.291051 0.231976 
741 0.290759 0.231685 
742 0.290116 0.231475 
743 0.28968 0.231333 
744 0.289324 0.231231 
745 0.289014 0.230779 
746 0.288431 0.230415 
747 0.288138 0.230261 
748 0.287572 0.229974 
749 0.286589 0.229634 
750 0.286077 0.229804 
751 0.286698 0.229498 
752 0.287034 0.229254 
753 0.286544 0.229014 
754 0.286106 0.228905 
755 0.28543 0.22869 
756 0.285375 0.228688 
757 0.285617 0.22871 
758 0.286025 0.228864 
759 0.285846 0.228707 
760 0.284797 0.228406 
761 0.28493 0.228214 
762 0.284643 0.227773 
763 0.28418 0.227498 
764 0.28311 0.227207 
765 0.282783 0.227026 
766 0.283174 0.226794 
767 0.28259 0.226513 
768 0.281499 0.226262 
769 0.28155 0.226155 
770 0.28118 0.225885 
771 0.28145 0.22563 
772 0.282071 0.225338 
773 0.281241 0.224924 
774 0.280562 0.225131 
775 0.2802 0.225114 
776 0.279894 0.22515 
777 0.280535 0.224798 
778 0.27994 0.22451 
779 0.279293 0.224222 
780 0.279304 0.223935 
781 0.278947 0.223687 
782 0.278143 0.223914 
783 0.278092 0.224444 
784 0.278177 0.224106 
785 0.277823 0.2239 
786 0.277165 0.223658 
787 0.276804 0.223403 
788 0.27637 0.222881 
789 0.275656 0.222608 
790 0.275636 0.22227 
791 0.275049 0.222589 
792 0.274546 0.222319 
793 0.273894 0.222309 
794 0.273129 0.221955 
795 0.272583 0.221702 
796 0.27271 0.221382 
797 0.272372 0.221502 
798 0.272438 0.221225 
799 0.272088 0.221197 
800 0.272572 0.220928 
801 0.272232 0.220606 
802 0.272267 0.220456 
803 0.271881 0.220596 
804 0.271869 0.220406 
805 0.271461 0.220199 
806 0.271673 0.219932 
807 0.270604 0.219784 
808 0.270044 0.219447 
809 0.270293 0.219156 
810 0.270832 0.218919 
811 0.271447 0.218747 
812 0.270946 0.218578 
813 0.27038 0.218306 
814 0.270178 0.218154 
815 0.270527 0.217987 
816 0.2699 0.217703 
817 0.269925 0.217437 
818 0.269951 0.217176 
819 0.270799 0.217002 
820 0.270037 0.21671 
821 0.270451 0.216433 
822 0.27005 0.216103 
823 0.269046 0.216212 
824 0.269185 0.215968 
825 0.268665 0.215973 
826 0.269185 0.215712 
827 0.26799 0.215485 
828 0.267654 0.215278 
829 0.267972 0.215123 
830 0.267679 0.21494 
831 0.266675 0.214868 
832 0.266676 0.214525 
833 0.266151 0.214235 
834 0.266424 0.214137 
835 0.266582 0.213881 
836 0.266878 0.213578 
837 0.267354 0.213518 
838 0.267016 0.213264 
839 0.266467 0.212911 
840 0.266547 0.212623 
841 0.266911 0.212214 
842 0.266522 0.212039 
843 0.266548 0.21198 
844 0.26568 0.211732 
845 0.26507 0.211485 
846 0.2643 0.211295 
847 0.26408 0.211358 
848 0.26414 0.211151 
849 0.263871 0.211 
850 0.263778 0.210763 
851 0.262974 0.210515 
852 0.26294 0.210269 
853 0.262417 0.209948 
854 0.26155 0.209716 
855 0.261902 0.209482 
856 0.261906 0.209402 
857 0.261338 0.209167 
858 0.260937 0.20901 
859 0.260221 0.208767 
860 0.260382 0.20853 
861 0.260549 0.208288 
862 0.260115 0.20799 
863 0.260014 0.207836 
864 0.260443 0.207596 
865 0.260096 0.207476 
866 0.25954 0.207311 
867 0.259524 0.207075 
868 0.259496 0.207006 
869 0.259258 0.206826 
870 0.259007 0.206631 
871 0.258452 0.206332 
872 0.258425 0.206096 
873 0.258293 0.20582 
874 0.258159 0.205619 
875 0.258559 0.205334 
876 0.2584 0.205034 
877 0.25827 0.204711 
878 0.258065 0.204478 
879 0.257772 0.204253 
880 0.257427 0.203936 
881 0.257 0.203705 
882 0.256267 0.203392 
883 0.256315 0.203119 
884 0.256033 0.202889 
885 0.255289 0.203021 
886 0.255037 0.202793 
887 0.254886 0.202564 
888 0.254717 0.202249 
889 0.254232 0.202243 
890 0.253441 0.201785 
891 0.25404 0.201974 
892 0.254473 0.201725 
893 0.25477 0.201496 
894 0.254837 0.201494 
895 0.254672 0.201269 
896 0.253778 0.201021 
897 0.25341 0.200711 
898 0.252851 0.200487 
899 0.252292 0.20051 
900 0.252744 0.200299 
901 0.253115 0.200101 
902 0.252708 0.200132 
903 0.252364 0.200077 
904 0.251708 0.199997 
905 0.251955 0.199776 
906 0.252242 0.199623 
907 0.252651 0.199292 
908 0.252993 0.199148 
909 0.252813 0.199106 
910 0.252451 0.198817 
911 0.252344 0.198601 
912 0.251402 0.198248 
913 0.25138 0.19808 
914 0.251105 0.197844 
915 0.250509 0.197661 
916 0.250557 0.197634 
917 0.250738 0.19746 
918 0.250938 0.197255 
919 0.251286 0.197162 
920 0.251166 0.197192 
921 0.251428 0.196981 
922 0.251 0.196883 
923 0.25054 0.196707 
924 0.250134 0.196512 
925 0.250167 0.196286 
926 0.249894 0.196159 
927 0.250027 0.195947 
928 0.250188 0.195709 
929 0.250088 0.195266 
930 0.25036 0.194758 
931 0.249608 0.194549 
932 0.24985 0.194272 
933 0.250055 0.194225 
934 0.249481 0.194174 
935 0.249504 0.194083 
936 0.249143 0.193979 
937 0.248294 0.193751 
938 0.248244 0.193584 
939 0.248113 0.19352 
940 0.248136 0.193269 
941 0.248078 0.193084 
942 0.248001 0.192879 
943 0.247585 0.192769 
944 0.247574 0.192524 
945 0.247628 0.192399 
946 0.247478 0.192196 
947 0.247042 0.191946 
948 0.247361 0.192012 
949 0.24727 0.191769 
950 0.246943 0.191623 
951 0.246436 0.191372 
952 0.245889 0.191153 
953 0.245807 0.191369 
954 0.245344 0.191229 
955 0.245286 0.191029 
956 0.245708 0.190829 
957 0.245204 0.190664 
958 0.245161 0.190451 
959 0.245344 0.19047 
960 0.244894 0.190249 
961 0.244161 0.190033 
962 0.24408 0.189812 
963 0.244091 0.189587 
964 0.244225 0.189497 
965 0.244499 0.189345 
966 0.244246 0.189102 
967 0.243489 0.188907 
968 0.243238 0.188712 
969 0.242635 0.188518 
970 0.242654 0.18821 
971 0.242501 0.188089 
972 0.243126 0.187886 
973 0.243247 0.187709 
974 0.242757 0.187803 
975 0.241982 0.187681 
976 0.241348 0.187793 
977 0.241328 0.187666 
978 0.241092 0.187482 
979 0.240729 0.187299 
980 0.240503 0.187108 
981 0.239765 0.187148 
982 0.239696 0.186958 
983 0.239484 0.186768 
984 0.239051 0.186579 
985 0.238559 0.186392 
986 0.238022 0.186262 
987 0.23802 0.186055 
988 0.238377 0.185869 
989 0.238884 0.185841 
990 0.239236 0.185625 
991 0.238884 0.185438 
992 0.238622 0.185277 
993 0.238799 0.18513 
994 0.238181 0.184939 
995 0.238161 0.184761 
996 0.237852 0.1846 
997 0.238025 0.184384 
998 0.237674 0.184231 
999 0.237054 0.184049 
1000 0.237034 0.183865 
1100 0.220606 0.167862 
1200 0.204847 0.156632 
1300 0.191181 0.148243 
1400 0.182178 0.139787 
1500 0.171925 0.133393 
1600 0.163386 0.126632 
1700 0.154388 0.120379 
1800 0.1491 0.114485 
1900 0.14427 0.10952 
2000 0.139211 0.104461 
2100 0.133492 0.100419 
2200 0.129008 0.0972141 
2300 0.125143 0.092913 
2400 0.118799 0.0892809 
2500 0.115571 0.0858797 
2600 0.111555 0.0828205 
2700 0.109168 0.0799321 
2800 0.106542 0.0770299 
2900 0.104987 0.0750282 
3000 0.103524 0.0738611 
3100 0.100379 0.0719788 
3200 0.0973916 0.0702702 
3300 0.0972486 0.0684279 
3400 0.0924545 0.0666212 
3500 0.0914822 0.0650575 
3600 0.0901987 0.0631011 
3700 0.0885234 0.0613404 
3800 0.0882903 0.0594861 
3900 0.0861688 0.0580344 
4000 0.0851185 0.0565936 
4100 0.0840934 0.0553847 
4200 0.0820359 0.0546455 
4300 0.0786191 0.05347 
4400 0.0769409 0.0527193 
4500 0.0756205 0.0523344 
4600 0.075527 0.0521965 
4700 0.0753413 0.0513642 
4800 0.0747579 0.0504099 
4900 0.073692 0.0495057 
5000 0.0727121 0.0487877 
5100 0.0714003 0.0478113 
5200 0.0692421 0.0469458 
5300 0.0695148 0.0464516 
5400 0.0682449 0.0458793 
5500 0.0678074 0.0451323 
5600 0.0670788 0.0442102 
5700 0.06648 0.0434728 
5800 0.0658888 0.0429675 
5900 0.0649395 0.0424058 
6000 0.0646199 0.0417801 
6100 0.0638738 0.0411215 
6200 0.0626682 0.0402707 
6300 0.0619426 0.0396105 
6400 0.0614563 0.0391159 
6500 0.0608307 0.0384537 
6600 0.0598235 0.0377742 
6700 0.0589376 0.037782 
6800 0.0586382 0.0373359 
6900 0.0580487 0.0368014 
7000 0.0574089 0.0363077 
7100 0.0568458 0.0358729 
7200 0.0559842 0.0352932 
7300 0.054716 0.0348811 
7400 0.0543399 0.0343739 
7500 0.0539183 0.0339595 
7600 0.0535495 0.0336773 
7700 0.0527979 0.0330695 
7800 0.0522755 0.032634 
7900 0.0518336 0.0321902 
8000 0.0513134 0.0313838 
8100 0.0509978 0.0312838 
8200 0.050566 0.0309395 
8300 0.0498406 0.030454 
8400 0.0491761 0.0301731 
8500 0.0486329 0.0301413 
8600 0.0480756 0.0301855 
8700 0.0475937 0.0300705 
8800 0.0473326 0.0297304 
8900 0.0468216 0.0296596 
9000 0.0464315 0.0293179 
9100 0.0457308 0.029017 
9200 0.0455514 0.0286342 
9300 0.0452169 0.0284982 
9400 0.044735 0.0282716 
9500 0.0444324 0.0277845 
9600 0.0438856 0.0277153 
9700 0.0433175 0.0276122 
9800 0.042777 0.0272902 
9900 0.0427059 0.0272282 
10000 0.042517 0.0270159 
10100 0.0423727 0.0268523 
10200 0.041926 0.026584 
10300 0.0415371 0.0262032 
10400 0.0412819 0.0258872 
10500 0.0409824 0.0256102 
10600 0.040641 0.0254186 
10700 0.0403797 0.0253434 
10800 0.0401689 0.0249333 
10900 0.039967 0.0245848 
11000 0.0397085 0.0243338 
11100 0.0393231 0.0241802 
11200 0.0389713 0.0239929 
11300 0.0386883 0.0238191 
11400 0.0384324 0.0237895 
11500 0.0382391 0.0236629 
11600 0.0379654 0.0233727 
11700 0.0376927 0.0232139 
11800 0.037477 0.0230511 
11900 0.0372712 0.0230678 
12000 0.0370645 0.0230768 
12100 0.0367838 0.022938 
12200 0.0365058 0.0226186 
12300 0.0361369 0.0222709 
12400 0.0358494 0.0223606 
12500 0.0356739 0.0222491 
12600 0.0354239 0.022163 
12700 0.0351964 0.0221784 
12800 0.0349113 0.0221119 
12900 0.0347393 0.0219834 
13000 0.0344467 0.0217914 
13100 0.0341601 0.0217736 
13200 0.0339358 0.0215478 
13300 0.0336392 0.0214875 
13400 0.0333352 0.0214181 
13500 0.0330608 0.0212715 
13600 0.03277 0.0210951 
13700 0.0325354 0.0209824 
13800 0.0324098 0.0209311 
13900 0.0323089 0.0206945 
14000 0.0321782 0.0206301 
14100 0.0320554 0.0205571 
14200 0.0318942 0.0205076 
14300 0.031764 0.0203224 
14400 0.0315776 0.0201501 
14500 0.0312732 0.0198627 
14600 0.0310448 0.019799 
14700 0.0308267 0.0197952 
14800 0.0306404 0.019672 
14900 0.030522 0.0194698 
15000 0.0302987 0.0194224 
15100 0.030152 0.0193726 
15200 0.029898 0.0194583 
15300 0.0297324 0.0192726 
15400 0.0296235 0.0192348 
15500 0.0294411 0.0190609 
15600 0.0291434 0.0188745 
15700 0.0290068 0.0187816 
15800 0.0288281 0.0186582 
15900 0.0286871 0.0186411 
16000 0.0284555 0.0186677 
16100 0.0282623 0.0186162 
16200 0.028078 0.0186033 
16300 0.0279095 0.0184685 
16400 0.0276484 0.018387 
16500 0.027527 0.0182804 
16600 0.0273438 0.0180976 
16700 0.0273364 0.0180113 
16800 0.0272669 0.0180055 
16900 0.0270969 0.0178948 
17000 0.0268791 0.0177926 
17100 0.0266861 0.0176731 
17200 0.026674 0.0175324 
17300 0.0266769 0.017344 
17400 0.0266658 0.0172628 
17500 0.0265664 0.0171369 
17600 0.0264728 0.0169393 
17700 0.026325 0.0167873 
17800 0.0261021 0.0167867 
17900 0.0259508 0.0166956 
18000 0.0258062 0.0165223 
18100 0.0257022 0.0165892 
18200 0.0255515 0.0165234 
18300 0.025445 0.0163349 
18400 0.0253004 0.0162328 
18500 0.0250972 0.0161494 
18600 0.0250527 0.0162875 
18700 0.0250043 0.0162232 
18800 0.0249319 0.0161518 
18900 0.024765 0.01604 
19000 0.0246187 0.0160459 
19100 0.0244601 0.016029 
19200 0.0243328 0.0159181 
19300 0.0242157 0.0158501 
19400 0.0241178 0.0157116 
19500 0.0239744 0.015558 
19600 0.0239216 0.0154576 
19700 0.0238426 0.0154493 
19800 0.0237107 0.015425 
19900 0.0235604 0.0153162 
20000 0.0234657 0.0152143 
20100 0.0233723 0.0151445 
20200 0.0232197 0.0151672 
20300 0.0230751 0.015046 
20400 0.0229735 0.0150582 
20500 0.0229153 0.0150738 
20600 0.0228386 0.0149779 
20700 0.0227187 0.014981 
20800 0.0226354 0.0149063 
20900 0.0225626 0.0148443 
21000 0.0224543 0.0147522 
21100 0.0223695 0.014775 
21200 0.0222778 0.0147732 
21300 0.0221876 0.0146889 
21400 0.0220876 0.0147385 
21500 0.0219129 0.0146892 
21600 0.0218177 0.0146527 
21700 0.0217439 0.0145576 
21800 0.0216462 0.0144605 
21900 0.0215411 0.0144728 
22000 0.0214384 0.01442 
22100 0.0212684 0.0143203 
22200 0.0210948 0.0142035 
22300 0.0210396 0.0141219 
22400 0.0209686 0.0139959 
22500 0.020897 0.0139969 
22600 0.0207864 0.0139584 
22700 0.0207745 0.013876 
22800 0.020668 0.0137811 
22900 0.0205717 0.0137562 
23000 0.020434 0.0136432 
23100 0.0203905 0.0136402 
23200 0.0203893 0.0135527 
23300 0.0203223 0.0135777 
23400 0.0201976 0.0135594 
23500 0.0201396 0.0135065 
23600 0.0200947 0.0134255 
23700 0.0199588 0.0133605 
23800 0.0199187 0.0133505 
23900 0.0198806 0.0132943 
24000 0.0198557 0.0133224 
24100 0.0198228 0.0132961 
24200 0.0197052 0.0132059 
24300 0.0196927 0.0131962 
24400 0.0195883 0.0131879 
24500 0.0195638 0.0131357 
24600 0.0195459 0.0131049 
24700 0.0195154 0.0130507 
24800 0.0194143 0.0130009 
24900 0.0193372 0.0129911 
25000 0.0192304 0.0129424 
25100 0.0191283 0.012926 
25200 0.0191447 0.0128855 
25300 0.0191065 0.0128233 
25400 0.0191188 0.0127641 
25500 0.0189891 0.012698 
25600 0.018857 0.0126693 
25700 0.0187982 0.0125872 
25800 0.0187547 0.0125978 
25900 0.0187209 0.0125839 
26000 0.0186808 0.0125369 
26100 0.0186193 0.0125373 
26200 0.0185067 0.0124936 
26300 0.0184267 0.0124647 
26400 0.0183757 0.0124426 
26500 0.0182606 0.0124161 
26600 0.018171 0.0123446 
26700 0.018167 0.0123001 
26800 0.0180754 0.0122032 
26900 0.0180006 0.0122048 
27000 0.0179516 0.0122274 
27100 0.0178885 0.0122219 
27200 0.0178425 0.0121829 
27300 0.0178421 0.0121218 
27400 0.017833 0.012072 
27500 0.0178399 0.0120394 
27600 0.0177667 0.0119918 
27700 0.0177056 0.0119896 
27800 0.0176858 0.0119374 
27900 0.0176602 0.011893 
28000 0.0175568 0.0118706 
28100 0.0174644 0.011877 
28200 0.0173712 0.0118183 
28300 0.017283 0.0117225 
28400 0.0170502 0.0116791 
28500 0.0169151 0.0116393 
28600 0.0169682 0.011579 
28700 0.0169642 0.0115531 
28800 0.0170077 0.0114525 
28900 0.0170314 0.011386 
29000 0.0169992 0.0113224 
29100 0.0169141 0.0113533 
29200 0.0169059 0.0113202 
29300 0.01682 0.0112836 
29400 0.0167829 0.01125 
29500 0.0167347 0.0111835 
29600 0.0167553 0.0110909 
29700 0.0167367 0.0110583 
29800 0.0167025 0.0110468 
29900 0.0166722 0.0110468 
30000 0.0165856 0.0110648 
30100 0.016533 0.0111293 
30200 0.0164637 0.0111002 
30300 0.0163859 0.0111473 
30400 0.0163596 0.0111252 
30500 0.016224 0.0110976 
30600 0.0161933 0.0110832 
30700 0.016105 0.0110758 
30800 0.016063 0.0110724 
30900 0.0160058 0.0110593 
31000 0.0159725 0.011027 
31100 0.0159627 0.0109834 
31200 0.0158789 0.0109398 
31300 0.0158834 0.0108507 
31400 0.0159254 0.0107869 
31500 0.0159453 0.0107914 
31600 0.0159706 0.0107517 
31700 0.0158945 0.0107132 
31800 0.0158007 0.0106519 
31900 0.015788 0.0106259 
32000 0.0156953 0.0105976 
32100 0.0156504 0.0104765 
32200 0.0155687 0.0104278 
32300 0.0155286 0.0104285 
32400 0.0155635 0.0104578 
32500 0.0155258 0.0103869 
32600 0.0154671 0.01041 
32700 0.0154579 0.0104585 
32800 0.0154482 0.0103883 
32900 0.0154049 0.0103762 
33000 0.0154028 0.0102929 
33100 0.0153028 0.0102917 
33200 0.0152625 0.0102542 
33300 0.0151824 0.0102542 
33400 0.0151163 0.0102355 
33500 0.0150332 0.0102358 
33600 0.0149606 0.0102212 
33700 0.0148356 0.010196 
33800 0.0148136 0.0101383 
33900 0.0148189 0.0100567 
34000 0.0148504 0.0100394 
34100 0.014889 0.0100436 
34200 0.0148416 0.0100113 
34300 0.0148399 0.00999844 
34400 0.0148057 0.00999317 
34500 0.0147538 0.00992426 
34600 0.0147126 0.00989288 
34700 0.014685 0.00991972 
34800 0.0146884 0.00993017 
34900 0.0146224 0.00991951 
35000 0.0145685 0.00992858 
35100 0.0145421 0.00985174 
35200 0.0145245 0.00982486 
35300 0.0144913 0.0098382 
35400 0.0144533 0.00980897 
35500 0.0144308 0.00977091 
35600 0.0144059 0.00971951 
35700 0.0143661 0.00967975 
35800 0.0143196 0.00960958 
35900 0.014263 0.00957134 
36000 0.014212 0.009484 
36100 0.0141742 0.0095031 
36200 0.0141344 0.0094917 
36300 0.0140381 0.00945359 
36400 0.0140439 0.00938805 
36500 0.0140087 0.00937946 
36600 0.0139641 0.00930133 
36700 0.0139225 0.00926907 
36800 0.0139054 0.00930938 
36900 0.0138987 0.00934088 
37000 0.0138789 0.00921646 
37100 0.0138347 0.00913122 
37200 0.0137973 0.00914274 
37300 0.0137532 0.00916723 
37400 0.0137074 0.00917206 
37500 0.01366 0.00918533 
37600 0.013659 0.00915302 
37700 0.0136014 0.00920183 
37800 0.0135654 0.00920603 
37900 0.0135746 0.00923855 
38000 0.0135365 0.00922654 
38100 0.01343 0.00922988 
38200 0.0133255 0.00917219 
38300 0.0133085 0.00911995 
38400 0.0132502 0.00908779 
38500 0.0132266 0.00907796 
38600 0.0131529 0.009063 
38700 0.013166 0.00910499 
38800 0.0132079 0.00908346 
38900 0.0132253 0.0090874 
39000 0.0132269 0.00907606 
39100 0.01323 0.00905089 
39200 0.0132256 0.00896346 
39300 0.0132128 0.00899018 
39400 0.0131811 0.00892688 
39500 0.013144 0.0089182 
39600 0.0131174 0.00891252 
39700 0.0130802 0.00892828 
39800 0.0130383 0.00891912 
39900 0.0130076 0.00892387 
40000 0.0129839 0.00892092 
40100 0.0129644 0.00890605 
40200 0.0129213 0.00889495 
40300 0.0129031 0.00885786 
40400 0.012861 0.00886705 
40500 0.0128291 0.00886605 
40600 0.0127916 0.00885529 
40700 0.0127589 0.00883248 
40800 0.0127155 0.00879187 
40900 0.0126893 0.00875331 
41000 0.0126958 0.00872403 
41100 0.0126495 0.00872415 
41200 0.0126814 0.00871453 
41300 0.0126638 0.00870021 
41400 0.0126599 0.00870306 
41500 0.0126313 0.00869322 
41600 0.0126034 0.00863129 
41700 0.0125584 0.00857295 
41800 0.0124403 0.00862711 
41900 0.0124299 0.00862535 
42000 0.012404 0.008658 
42100 0.0124475 0.00862231 
42200 0.0124421 0.00861862 
42300 0.0124127 0.00860891 
42400 0.0123834 0.00862168 
42500 0.0123491 0.00859086 
42600 0.0122756 0.00854948 
42700 0.0122456 0.0085083 
42800 0.0121825 0.00851524 
42900 0.0121622 0.00846881 
43000 0.0121598 0.00842864 
43100 0.0121486 0.00840268 
43200 0.0121542 0.00835982 
43300 0.0121502 0.0083061 
43400 0.0121228 0.00833409 
43500 0.0120867 0.00835254 
43600 0.0120555 0.00822551 
43700 0.0120227 0.00826841 
43800 0.0119979 0.0082622 
43900 0.0119665 0.00824397 
44000 0.0119368 0.00820209 
44100 0.0119042 0.0081722 
44200 0.0118684 0.0081611 
44300 0.0118313 0.0081125 
44400 0.0118153 0.00810598 
44500 0.0117784 0.00808315 
44600 0.0117581 0.00810845 
44700 0.0117279 0.00809886 
44800 0.0116913 0.008115 
44900 0.0116607 0.00807283 
45000 0.0116528 0.00807115 
45100 0.0116356 0.00799882 
45200 0.0116113 0.00792572 
45300 0.011593 0.00792221 
45400 0.0115751 0.00787384 
45500 0.0115475 0.00790678 
45600 0.0115283 0.00788161 
45700 0.0115127 0.00788546 
45800 0.0114886 0.0078581 
45900 0.0114612 0.00788415 
46000 0.011434 0.0078533 
46100 0.0114097 0.00788951 
46200 0.0113859 0.00791548 
46300 0.0113626 0.00787794 
46400 0.01135 0.00792601 
46500 0.0113346 0.00790056 
46600 0.0113165 0.00780666 
46700 0.0112929 0.00776623 
46800 0.0112662 0.00777409 
46900 0.0112324 0.00777174 
47000 0.0112017 0.00774067 
47100 0.0111727 0.00777592 
47200 0.0111699 0.00775542 
47300 0.0111299 0.00775907 
47400 0.0110926 0.00780187 
47500 0.0110893 0.00775692 
47600 0.0110691 0.00767347 
47700 0.0110508 0.00762274 
47800 0.0110547 0.00755826 
47900 0.011022 0.00766153 
48000 0.0110254 0.00761986 
48100 0.0110069 0.00760919 
48200 0.01099 0.00758885 
48300 0.0109702 0.00758422 
48400 0.0109493 0.00758719 
48500 0.0109281 0.00762005 
48600 0.0109056 0.00761354 
48700 0.0108832 0.00760029 
48800 0.0108609 0.00760774 
48900 0.0108387 0.00763007 
49000 0.0108166 0.00759009 
49100 0.0107946 0.00758254 
49200 0.0107725 0.00761464 
49300 0.0107496 0.00759501 
49400 0.010731 0.00755004 
49500 0.0107098 0.00757463 
49600 0.0106883 0.00762228 
49700 0.0106668 0.00760393 
49800 0.0106454 0.00756061 
49900 0.010624 0.00751094 
50000 0.0105874 0.00755276 
50100 0.0105203 0.0075533 
50200 0.010525 0.00758697 
50300 0.010548 0.00757588 
50400 0.0105389 0.00754508 
50500 0.010518 0.00757517 
50600 0.0104972 0.00753988 
50700 0.0104758 0.00756502 
50800 0.0104572 0.00753738 
50900 0.0104267 0.00752854 
51000 0.0103751 0.0074767 
51100 0.0103295 0.00745782 
51200 0.0103277 0.00746032 
51300 0.0103253 0.00754183 
51400 0.0103371 0.00756352 
51500 0.0103284 0.0075483 
51600 0.0103145 0.00752097 
51700 0.0103016 0.00749653 
51800 0.0102753 0.00749062 
51900 0.0102722 0.00745944 
52000 0.0102525 0.00742365 
52100 0.0102328 0.00744803 
52200 0.0102132 0.00741614 
52300 0.0101937 0.00737124 
52400 0.0101742 0.00735259 
52500 0.0101548 0.0073096 
52600 0.0101355 0.00726023 
52700 0.0101163 0.00731377 
52800 0.0100971 0.00734726 
52900 0.0100781 0.0073626 
53000 0.010059 0.00740286 
53100 0.0100401 0.00740502 
53200 0.0100212 0.00737652 
53300 0.0100024 0.00737606 
53400 0.00998369 0.00733923 
53500 0.00996503 0.00736563 
53600 0.00994644 0.00734692 
53700 0.00992792 0.00729379 
53800 0.00990947 0.00727797 
53900 0.00989108 0.00723572 
54000 0.00987277 0.00723065 
54100 0.00985452 0.00723461 
54200 0.00983634 0.00722558 
54300 0.00981822 0.00714262 
54400 0.00980017 0.00715088 
54500 0.00977587 0.00714981 
54600 0.00973035 0.00711873 
54700 0.00970195 0.00710771 
54800 0.00971313 0.00709974 
54900 0.00968758 0.00711753 
55000 0.00964498 0.00712691 
55100 0.00963052 0.00709048 
55200 0.00963556 0.00710208 
55300 0.00963394 0.00708762 
55400 0.00961359 0.00713083 
55500 0.0095775 0.00709683 
55600 0.00958407 0.00709406 
55700 0.00955623 0.00707828 
55800 0.009538 0.00703886 
55900 0.00953157 0.00706983 
56000 0.00950177 0.00699141 
56100 0.00947394 0.00703944 
56200 0.0094541 0.00708334 
56300 0.00944636 0.00699146 
56400 0.00941807 0.00698344 
56500 0.00940834 0.00698866 
56600 0.0093839 0.00697302 
56700 0.00938802 0.00693985 
56800 0.0093993 0.00694626 
56900 0.00940657 0.00703729 
57000 0.00940705 0.00702849 
57100 0.00939481 0.00706161 
57200 0.00938011 0.00706818 
57300 0.00936373 0.00709706 
57400 0.0093473 0.00706333 
57500 0.00933115 0.0070561 
57600 0.00931612 0.00707084 
57700 0.00930162 0.00706742 
57800 0.00927557 0.00705041 
57900 0.00925999 0.00704906 
58000 0.00923156 0.00702148 
58100 0.00921506 0.00704936 
58200 0.00918292 0.00700596 
58300 0.009135 0.00701197 
58400 0.00913606 0.00697475 
58500 0.00907806 0.00692375 
58600 0.00908549 0.00693615 
58700 0.00909902 0.00690399 
58800 0.00907511 0.00693638 
58900 0.00906665 0.00692725 
59000 0.00904736 0.00690545 
59100 0.00904231 0.0068878 
59200 0.00902773 0.00688749 
59300 0.00904521 0.00688063 
59400 0.00909827 0.00687671 
59500 0.00908843 0.0068491 
59600 0.00904273 0.0068269 
59700 0.00903267 0.00680995 
59800 0.00900954 0.00680497 
59900 0.00904358 0.00676375 
60000 0.00904027 0.00675352 
60100 0.00902241 0.00674678 
60200 0.00899186 0.00670113 
60300 0.00898144 0.00670736 
60400 0.00897772 0.00663223 
60500 0.00896927 0.00659957 
60600 0.00896376 0.00663427 
60700 0.00895015 0.00660354 
60800 0.00894299 0.00660377 
60900 0.00892871 0.00660748 
61000 0.00891805 0.00656072 
61100 0.0089174 0.00657586 
61200 0.00890686 0.00657473 
61300 0.00887915 0.00655698 
61400 0.00883979 0.00652692 
61500 0.00884388 0.0064577 
61600 0.00880157 0.00649874 
61700 0.00877288 0.00649445 
61800 0.00879909 0.00653478 
61900 0.00879096 0.00656609 
62000 0.00880463 0.00659374 
62100 0.00881958 0.00661114 
62200 0.00882305 0.00662696 
62300 0.00880231 0.00657239 
62400 0.0087727 0.00652461 
62500 0.00876222 0.00653263 
62600 0.00874143 0.00658598 
62700 0.00869581 0.00659296 
62800 0.00872889 0.00656815 
62900 0.00873943 0.00655945 
63000 0.00872876 0.00659175 
63100 0.00871516 0.00656831 
63200 0.008705 0.00654705 
63300 0.00869641 0.00652743 
63400 0.00866017 0.0065084 
63500 0.0086215 0.00652972 
63600 0.00857108 0.00651222 
63700 0.00852896 0.00648248 
63800 0.00850544 0.00648556 
63900 0.00851081 0.00646553 
64000 0.00859211 0.00646388 
64100 0.00860618 0.00653184 
64200 0.0086281 0.00645812 
64300 0.00860451 0.00644664 
64400 0.00859782 0.00641281 
64500 0.00859087 0.00642035 
64600 0.00858014 0.0064282 
64700 0.00856989 0.00643196 
64800 0.00856594 0.00641962 
64900 0.00855107 0.00640458 
65000 0.00852525 0.00640168 
65100 0.00849254 0.00645479 
65200 0.00849786 0.00639578 
65300 0.00849265 0.00642045 
65400 0.00844021 0.00642139 
65500 0.00842412 0.00641205 
65600 0.00842621 0.00640032 
65700 0.00844206 0.0063816 
65800 0.00844666 0.00635806 
65900 0.00845707 0.00632891 
66000 0.00843541 0.00630493 
66100 0.00838514 0.00631264 
66200 0.00837937 0.00629185 
66300 0.00834886 0.00631672 
66400 0.00834152 0.00639433 
66500 0.0082964 0.00643047 
66600 0.00830652 0.00639747 
66700 0.00827318 0.00641889 
66800 0.00826051 0.0064168 
66900 0.00825737 0.00640106 
67000 0.00825249 0.00637388 
67100 0.00823015 0.0063719 
67200 0.00823272 0.00638391 
67300 0.00822747 0.00634346 
67400 0.00823022 0.00634448 
67500 0.00823213 0.00631008 
67600 0.00822682 0.0062489 
67700 0.00821483 0.0062041 
67800 0.00821166 0.00617343 
67900 0.00818848 0.00621198 
68000 0.00816578 0.00622297 
68100 0.00815784 0.00620757 
68200 0.00815846 0.00621647 
68300 0.00813496 0.00623927 
68400 0.00817025 0.00623922 
68500 0.00817978 0.00622409 
68600 0.00818101 0.00622584 
68700 0.00817042 0.00619955 
68800 0.0081587 0.00620814 
68900 0.00814591 0.0062038 
69000 0.00813378 0.00620671 
69100 0.00812627 0.00623493 
69200 0.00812352 0.00623028 
69300 0.00811401 0.00619696 
69400 0.00810677 0.00617278 
69500 0.00809931 0.0061335 
69600 0.00808419 0.00609966 
69700 0.00807688 0.00612048 
69800 0.00806737 0.00609288 
69900 0.00806251 0.00606162 
70000 0.00804963 0.00608171 
70100 0.00803913 0.00609192 
70200 0.00802953 0.00607436 
70300 0.00801759 0.00607303 
70400 0.00800721 0.00606422 
70500 0.00799526 0.00609097 
70600 0.00798048 0.00610097 
70700 0.00796682 0.00607337 
70800 0.00795866 0.00605744 
70900 0.00794652 0.00604183 
71000 0.0079371 0.00604263 
71100 0.00792911 0.00605616 
71200 0.00792003 0.0060186 
71300 0.00791082 0.00601603 
71400 0.00789774 0.00596351 
71500 0.00788472 0.00593947 
71600 0.00787503 0.005972 
71700 0.00786241 0.00600034 
71800 0.00785283 0.00597413 
71900 0.00784068 0.00595691 
72000 0.00783116 0.00594526 
72100 0.00781764 0.0059328 
72200 0.00780635 0.0059461 
72300 0.00779348 0.00594779 
72400 0.00778387 0.00594244 
72500 0.0077715 0.00594378 
72600 0.00776261 0.00595359 
72700 0.00774516 0.00594562 
72800 0.00773526 0.00592029 
72900 0.00772666 0.00587369 
73000 0.00771416 0.00586382 
73100 0.00770627 0.00584907 
73200 0.00769453 0.00585368 
73300 0.00768208 0.00584528 
73400 0.00767099 0.00583644 
73500 0.00765988 0.00581087 
73600 0.0076509 0.00580779 
73700 0.00764125 0.00577567 
73800 0.00763295 0.00579764 
73900 0.00762002 0.00580977 
74000 0.00760976 0.00581583 
74100 0.00759445 0.00582044 
74200 0.00758653 0.00580887 
74300 0.0075792 0.00583046 
74400 0.00757039 0.00580797 
74500 0.00755894 0.00583367 
74600 0.00754885 0.00582635 
74700 0.00752982 0.00583855 
74800 0.00752145 0.00586188 
74900 0.00750984 0.00587446 
75000 0.00749651 0.00589234 
75100 0.00748823 0.00587693 
75200 0.00748157 0.00587681 
75300 0.00747004 0.00588097 
75400 0.00745768 0.00587304 
75500 0.00745193 0.00587098 
75600 0.00744743 0.00586058 
75700 0.00744086 0.00586964 
75800 0.00742639 0.00585277 
75900 0.00740382 0.00584308 
76000 0.0073507 0.00579118 
76100 0.00732664 0.00576075 
76200 0.00730736 0.00576259 
76300 0.00730643 0.00571483 
76400 0.00735693 0.00568693 
76500 0.00735949 0.00570299 
76600 0.00736639 0.00568333 
76700 0.00733895 0.00566858 
76800 0.00732735 0.00567433 
76900 0.00730503 0.00568289 
77000 0.00729927 0.00566458 
77100 0.00731127 0.00566101 
77200 0.0072938 0.00565704 
77300 0.00727461 0.00567686 
77400 0.00725874 0.0056584 
77500 0.00725275 0.00566863 
77600 0.00723782 0.00565154 
77700 0.00723343 0.0056467 
77800 0.00722377 0.00564884 
77900 0.00721402 0.00564199 
78000 0.00722531 0.00561483 
78100 0.0071984 0.00560231 
78200 0.00717429 0.00562097 
78300 0.00715276 0.00559853 
78400 0.00713168 0.00559534 
78500 0.00714984 0.00559294 
78600 0.00716231 0.0055544 
78700 0.00716016 0.00555297 
78800 0.00714605 0.00557761 
78900 0.00714097 0.00558178 
79000 0.00714213 0.00555753 
79100 0.00713669 0.00555169 
79200 0.00713004 0.0055823 
79300 0.00711722 0.00557276 
79400 0.0071097 0.0055806 
79500 0.00710713 0.00559659 
79600 0.00709202 0.00560626 
79700 0.00708321 0.00560693 
79800 0.00707308 0.00561587 
79900 0.00706557 0.00561404 
80000 0.0070594 0.00557464 
80100 0.00705068 0.00555747 
80200 0.0070432 0.00554306 
80300 0.00703074 0.00553292 
80400 0.00701959 0.00555271 
80500 0.0070097 0.00551949 
80600 0.00700493 0.00550705 
80700 0.00699634 0.0055276 
80800 0.00698777 0.00553857 
80900 0.00698537 0.00549138 
81000 0.00697684 0.0055335 
81100 0.00696832 0.00553289 
81200 0.00695983 0.00552296 
81300 0.00695747 0.00551014 
81400 0.00694553 0.00549174 
81500 0.00694302 0.00549228 
81600 0.00693109 0.00548279 
81700 0.00692498 0.00548109 
81800 0.00691997 0.0054844 
81900 0.00690928 0.00548597 
82000 0.00690438 0.00548313 
82100 0.00689036 0.00544552 
82200 0.00688553 0.00545143 
82300 0.00687613 0.0054315 
82400 0.00686899 0.00541281 
82500 0.00686074 0.00537743 
82600 0.00685363 0.00538005 
82700 0.00684761 0.00536887 
82800 0.00684484 0.00536304 
82900 0.00684596 0.00539466 
83000 0.00683582 0.00539587 
83100 0.00683562 0.00539272 
83200 0.00682749 0.00537449 
83300 0.0068203 0.00538483 
83400 0.00681026 0.005371 
83500 0.00679935 0.00537807 
83600 0.00679233 0.00538597 
83700 0.00678532 0.0053853 
83800 0.00678107 0.00536368 
83900 0.00677845 0.00533639 
84000 0.00677046 0.0053398 
84100 0.00676249 0.00533749 
84200 0.00675623 0.0053312 
84300 0.00674737 0.00532818 
84400 0.00674375 0.00536418 
84500 0.00673248 0.00534803 
84600 0.00672876 0.00533289 
84700 0.0067201 0.00532884 
84800 0.0067208 0.00532531 
84900 0.00670998 0.00532634 
85000 0.00670798 0.00532392 
85100 0.00669592 0.00531156 
85200 0.00668741 0.00525187 
85300 0.00667658 0.00524593 
85400 0.0066696 0.00524478 
85500 0.00666112 0.00521287 
85600 0.00665719 0.00521409 
85700 0.00665245 0.00522165 
85800 0.0066462 0.00522422 
85900 0.0066412 0.00521463 
86000 0.00663555 0.00524237 
86100 0.00663032 0.00521619 
86200 0.00662494 0.00520497 
86300 0.00662035 0.0051706 
86400 0.00661028 0.0051796 
86500 0.0066033 0.0051839 
86600 0.0065968 0.00519959 
86700 0.0065888 0.00517687 
86800 0.00658237 0.00520106 
86900 0.00656374 0.00520241 
87000 0.00654221 0.00518977 
87100 0.00653649 0.00518129 
87200 0.00651747 0.00516002 
87300 0.00651291 0.00517031 
87400 0.00650105 0.00515483 
87500 0.00650948 0.00512429 
87600 0.00650843 0.00513299 
87700 0.00650668 0.00513548 
87800 0.00649864 0.00512787 
87900 0.00649504 0.00513392 
88000 0.00650425 0.00511965 
88100 0.00650711 0.0051052 
88200 0.00650269 0.00508449 
88300 0.00649615 0.00507278 
88400 0.00649131 0.00507216 
88500 0.0064839 0.00509394 
88600 0.00647759 0.0050756 
88700 0.00647051 0.00505842 
88800 0.00646322 0.0050478 
88900 0.00645595 0.0050325 
89000 0.0064487 0.00499345 
89100 0.00644146 0.0049997 
89200 0.00643424 0.00499199 
89300 0.00642703 0.00499293 
89400 0.00641984 0.0049793 
89500 0.00641267 0.00498286 
89600 0.00640551 0.0049656 
89700 0.00639837 0.00498898 
89800 0.00639125 0.00498561 
89900 0.00638414 0.00500635 
90000 0.00637705 0.00503313 
90100 0.00637006 0.00505448 
90200 0.00636325 0.00503753 
90300 0.00635894 0.00504975 
90400 0.00635191 0.0050374 
90500 0.00634489 0.00501072 
90600 0.00633789 0.00500149 
90700 0.0063309 0.00498629 
90800 0.00632393 0.00500782 
90900 0.00631697 0.00499347 
91000 0.00631003 0.00498993 
91100 0.0063031 0.00499289 
91200 0.00629619 0.00498573 
91300 0.0062893 0.00497168 
91400 0.00628242 0.00498184 
91500 0.00627555 0.00496156 
91600 0.0062687 0.00494834 
91700 0.00626186 0.00495123 
91800 0.00625504 0.00495462 
91900 0.00624823 0.00497286 
92000 0.00624144 0.00498278 
92100 0.00623467 0.00498519 
92200 0.0062279 0.00498924 
92300 0.00622116 0.00499347 
92400 0.00621442 0.00496192 
92500 0.00620771 0.00495977 
92600 0.006201 0.00495917 
92700 0.00619431 0.00495482 
92800 0.00618764 0.00495923 
92900 0.00618098 0.00494295 
93000 0.00617433 0.00495225 
93100 0.0061677 0.00496263 
93200 0.00615911 0.00496564 
93300 0.00615619 0.00496965 
93400 0.00614912 0.00497649 
93500 0.00614162 0.00498136 
93600 0.00613283 0.00500284 
93700 0.00613171 0.00498363 
93800 0.00612909 0.00498936 
93900 0.00612461 0.00499907 
94000 0.00612163 0.00499648 
94100 0.00611564 0.00496023 
94200 0.00610915 0.00495692 
94300 0.00610181 0.00496582 
94400 0.00609007 0.00494568 
94500 0.00607913 0.0049373 
94600 0.00605922 0.00493482 
94700 0.00604187 0.00490539 
94800 0.00602735 0.00490073 
94900 0.00598399 0.00487506 
95000 0.00597811 0.00483963 
95100 0.00597343 0.00484374 
95200 0.00595103 0.00481932 
95300 0.00595274 0.00479145 
95400 0.00594606 0.00477667 
95500 0.00594354 0.00476515 
95600 0.00595058 0.00476861 
95700 0.00596699 0.00477437 
95800 0.00596868 0.00476774 
95900 0.0059677 0.00474541 
96000 0.00596895 0.00475658 
96100 0.00596647 0.0047588 
96200 0.00596433 0.0047508 
96300 0.00596693 0.0047602 
96400 0.00596759 0.00477594 
96500 0.0059593 0.00475384 
96600 0.00595531 0.00474503 
96700 0.00595534 0.00473844 
96800 0.00596126 0.00472636 
96900 0.00596172 0.00471508 
97000 0.00596627 0.00472676 
97100 0.00595484 0.00472511 
97200 0.00594762 0.00473015 
97300 0.00593847 0.00473876 
97400 0.00593959 0.0047658 
97500 0.00592967 0.00473643 
97600 0.00592775 0.00473339 
97700 0.0059176 0.00473787 
97800 0.00591006 0.00474577 
97900 0.00590895 0.00473235 
98000 0.00590842 0.00470567 
98100 0.00590338 0.00470661 
98200 0.00590904 0.00470938 
98300 0.00591272 0.00470891 
98400 0.00590888 0.00470462 
98500 0.00590043 0.0047261 
98600 0.00589923 0.00472778 
98700 0.00589313 0.00473647 
98800 0.00588964 0.00473795 
98900 0.00588483 0.00472665 
99000 0.00587992 0.00473853 
99100 0.00587497 0.00473717 
99200 0.00586904 0.00473188 
99300 0.00586313 0.0047299 
99400 0.00585723 0.00472163 
99500 0.00585135 0.00471696 
99600 0.00584547 0.00471261 
99700 0.00583961 0.00471503 
99800 0.00583376 0.00472682 
99900 0.00582792 0.00472543 
100000 0.00582209 0.00471083 
110000 0.00528852 0.00432419 
120000 0.00491381 0.00400862 
130000 0.00464811 0.00372405 
140000 0.0043417 0.00353356 
150000 0.00403054 0.00342933 
160000 0.00382422 0.00316904 
170000 0.00361568 0.00316856 
180000 0.00344838 0.00312072 
190000 0.00329219 0.00298346 
200000 0.00315708 0.00291578 
210000 0.00301445 0.00287583 
220000 0.0028787 0.00295059 
230000 0.00277769 0.00284718 
240000 0.00266946 0.00269489 
250000 0.00257078 0.00270545 
260000 0.00248416 0.00269549 
270000 0.00239498 0.002627 
280000 0.00232538 0.0025882 
290000 0.00225271 0.00256137 
300000 0.00218057 0.00250762 
310000 0.00211023 0.00241654 
320000 0.00204428 0.00240459 
330000 0.00199566 0.00232013 
340000 0.00193974 0.00227684 
350000 0.00188432 0.00224935 
360000 0.0018353 0.00219809 
370000 0.0017827 0.00215409 
380000 0.00174631 0.00204673 
390000 0.00169776 0.00197836 
400000 0.00167367 0.00202032 
410000 0.00166349 0.00195 
420000 0.00163159 0.00192687 
430000 0.00159364 0.00188951 
440000 0.00156311 0.0018574 
450000 0.00152837 0.00184073 
460000 0.00149515 0.00178717 
470000 0.00146371 0.00176839 
480000 0.00144331 0.00174387 
490000 0.00141663 0.00170845 
500000 0.00139358 0.00169823 
510000 0.00136625 0.00168248 
520000 0.00134242 0.0016375 
530000 0.00131825 0.00160635 
540000 0.00130027 0.00157071 
550000 0.00127662 0.00152482 
560000 0.00125475 0.00150057 
570000 0.00123901 0.00152249 
580000 0.00122212 0.00148195 
590000 0.00120141 0.00146877 
600000 0.00118428 0.00144098 
610000 0.00116486 0.00140602 
620000 0.00114608 0.0013982 
630000 0.00112942 0.00137114 
640000 0.00111255 0.0013836 
650000 0.00109787 0.0013704 
660000 0.00108248 0.00131197 
670000 0.00106632 0.001301 
680000 0.00104638 0.00128675 
690000 0.00104001 0.00120013 
700000 0.00102668 0.00119657 
710000 0.00101361 0.00118999 
720000 0.000996693 0.00121577 
730000 0.000987689 0.00119161 
740000 0.000977899 0.00119386 
750000 0.000964861 0.00120675 
760000 0.000952165 0.0011862 
770000 0.000940294 0.00120412 
780000 0.000928239 0.00117242 
790000 0.000921125 0.00119493 
800000 0.000909611 0.00117083 
810000 0.000898382 0.00115445 
820000 0.000887426 0.00113846 
830000 0.000876734 0.00115006 
840000 0.000867103 0.00114179 
850000 0.000856902 0.00113072 
860000 0.000852887 0.00104567 
870000 0.000843084 0.00110413 
880000 0.000835752 0.00110723 
890000 0.000835541 0.0010674 
900000 0.000827054 0.00107091 
910000 0.000820143 0.00104198 
920000 0.000811689 0.00105693 
930000 0.000803942 0.00105549 
940000 0.000799008 0.00101739 
950000 0.000793123 0.00101312 
960000 0.000784861 0.000991025 
970000 0.00077677 0.000991823 
980000 0.000768906 0.000978338 
990000 0.000762253 0.000979356 
1000000 0.000754631 0.000975344 
1010000 0.000747159 0.000965552 
1020000 0.000739834 0.000963368 
1030000 0.000732651 0.000965543 
1040000 0.000725033 0.000957019 
1050000 0.000718442 0.000986039 
1060000 0.00071465 0.000966447 
1070000 0.000708867 0.000946093 
1080000 0.000702303 0.000943545 
1090000 0.00069586 0.000945303 
1100000 0.000689534 0.000960912 
1110000 0.000683322 0.000935408 
1120000 0.000660799 0.000950991 
1130000 0.000672872 0.00094233 
1140000 0.000666969 0.00093975 
1150000 0.000661682 0.000935883 
1160000 0.000655978 0.000926818 
1170000 0.000651248 0.000917332 
1180000 0.000645729 0.000906193 
1190000 0.000641429 0.000900004 
1200000 0.000636084 0.000892583 
1210000 0.000630827 0.000875357 
