0 0 0 
1 0 0 
2 0.666667 0 
3 0.5 0 
4 0.4 0 
5 0.333333 0 
6 0.285714 0 
7 1 0 
8 0.888889 0 
9 1.9 0 
10 1.72727 0 
11 1.58333 0 
12 1.46154 0 
13 2.21429 0 
14 2.4 0 
15 2.375 0 
16 2.23529 0 
17 2.11111 0 
18 2 0 
19 2.05 0 
20 1.95238 0 
21 1.86364 0 
22 2.34783 0.206522 
23 2.25 0.197917 
24 2.68 0.19 
25 2.57692 0.182692 
26 2.48148 0.646605 
27 2.55804 0.623512 
28 3.23455 0.602011 
29 3.12674 0.581944 
30 3.02587 0.563172 
31 3.27507 0.545573 
32 3.17582 0.52904 
33 3.08241 0.51348 
34 2.99435 0.49881 
35 2.91117 0.484954 
36 2.9406 0.471847 
37 2.86321 0.45943 
38 2.7898 0.44765 
39 2.72005 0.667708 
40 2.65371 0.651423 
41 2.59053 0.635913 
42 2.85586 0.621124 
43 3.01823 0.607008 
44 3.39375 0.593519 
45 3.31997 0.711051 
46 3.24934 0.695922 
47 3.18164 0.681424 
48 3.67198 0.667517 
49 3.85854 0.654167 
50 3.78288 0.754085 
51 3.71014 0.749199 
52 3.69674 0.735063 
53 3.62828 0.721451 
54 3.56231 0.708333 
55 3.4987 0.695685 
56 3.43732 0.68348 
57 3.37805 0.671695 
58 3.3208 0.850989 
59 3.26545 0.836806 
60 3.21192 0.823087 
61 3.48269 0.809812 
62 3.42741 0.796958 
63 3.69938 0.784505 
64 4.27655 0.772436 
65 4.54509 0.760732 
66 4.93496 0.918221 
67 4.86239 0.904718 
68 4.87887 0.891606 
69 4.80918 0.912401 
70 4.91046 0.89955 
71 4.84226 0.887056 
72 4.77592 0.874905 
73 4.76544 0.863082 
74 4.71523 0.851574 
75 4.65319 0.840369 
76 4.59276 0.829455 
77 4.85223 0.818821 
78 4.79081 0.808456 
79 4.98522 0.798351 
80 4.99775 0.842836 
81 5.10144 0.832557 
82 5.10021 0.83859 
83 5.33017 0.828607 
84 5.46746 0.880624 
85 5.40389 1.03317 
86 5.34177 1.0213 
87 5.66302 1.00969 
88 5.71549 1.0738 
89 6.06865 1.06187 
90 6.00197 1.0502 
91 5.93673 1.15326 
92 6.02343 1.19193 
93 5.95935 1.17925 
94 5.89662 1.25105 
95 5.8977 1.23802 
96 5.91937 1.40588 
97 5.88958 1.50086 
98 6.01191 1.4979 
99 5.95179 1.48292 
100 5.89286 1.48309 
101 5.95682 1.46855 
102 5.89899 1.4543 
103 5.84226 1.46902 
104 5.9771 1.45503 
105 6.01466 1.5463 
106 5.95845 1.53185 
107 6.03599 1.51767 
108 6.00585 1.50374 
109 5.95125 1.52114 
110 5.89763 1.50743 
111 5.84497 1.49397 
112 5.8434 1.48075 
113 5.87109 1.56206 
114 5.82003 1.72275 
115 5.77465 1.75394 
116 5.80222 1.73895 
117 5.75305 1.72421 
118 5.71731 1.70972 
119 5.72672 1.69547 
120 5.7346 1.68146 
121 5.79416 1.66768 
122 5.74705 1.65412 
123 6.00988 1.64078 
124 5.9698 1.62765 
125 5.92242 1.61474 
126 6.18681 1.60202 
127 6.17418 1.58951 
128 6.16604 1.57718 
129 6.14032 1.56505 
130 6.10871 1.57219 
131 6.06243 1.56028 
132 6.01685 1.54855 
133 6.01346 1.58923 
134 5.96891 1.60987 
135 5.92503 1.59803 
136 5.88178 1.59184 
137 5.95487 1.5803 
138 5.92642 1.5862 
139 5.88409 1.57487 
140 5.84472 1.68693 
141 5.91704 1.80357 
142 5.87566 1.79096 
143 5.83486 1.77852 
144 5.79462 1.91491 
145 5.75493 1.90822 
146 5.78976 1.89524 
147 5.93654 1.88243 
148 5.92698 1.9251 
149 6.00163 1.93018 
150 6.09654 1.9174 
151 6.20227 1.90478 
152 6.17412 1.89233 
153 6.13403 1.88005 
154 6.13317 1.86792 
155 6.09385 1.93263 
156 6.05504 2.01003 
157 6.09899 1.99731 
158 6.06063 1.98474 
159 6.02275 1.97234 
160 6.05985 1.96882 
161 6.02244 1.99949 
162 5.99623 2.01637 
163 5.9722 2.04637 
164 5.93601 2.03397 
165 5.90025 2.02172 
166 6.01561 2.00961 
167 6.01552 2.05792 
168 5.97993 2.07829 
169 5.94475 2.07783 
170 5.90999 2.19494 
171 6.11141 2.24177 
172 6.14791 2.23371 
173 6.18106 2.22087 
174 6.45336 2.22774 
175 6.41669 2.2861 
176 6.44824 2.35299 
177 6.41201 2.33977 
178 6.41863 2.35323 
179 6.41631 2.34016 
180 6.38086 2.32723 
181 6.61228 2.34868 
182 6.68117 2.39062 
183 6.70283 2.37763 
184 6.6666 2.36478 
185 6.63076 2.35207 
186 6.60466 2.37497 
187 6.68921 2.36234 
188 6.66884 2.34984 
189 6.74982 2.33747 
190 6.83498 2.32523 
191 6.83063 2.31312 
192 6.90296 2.30308 
193 6.98651 2.29121 
194 7.01464 2.29744 
195 7.06448 2.28571 
196 7.02862 2.27411 
197 7.01333 2.26263 
198 7.07352 2.25126 
199 7.07065 2.31458 
200 7.07735 2.31426 
201 7.33205 2.30281 
202 7.29593 2.31914 
203 7.26017 2.31419 
204 7.22892 2.3029 
205 7.22296 2.29657 
206 7.18806 2.28991 
207 7.16232 2.2789 
208 7.12805 2.27487 
209 7.23241 2.35297 
210 7.27318 2.39099 
211 7.30019 2.41116 
212 7.26592 2.42468 
213 7.2538 2.43648 
214 7.29836 2.47069 
215 7.28301 2.48414 
216 7.35683 2.48322 
217 7.32309 2.47183 
218 7.28965 2.46054 
219 7.55315 2.44936 
220 7.53666 2.44204 
221 7.56521 2.46877 
222 7.57389 2.49796 
223 7.54677 2.48681 
224 7.51323 2.50172 
225 7.47999 2.56716 
226 7.48668 2.55585 
227 7.51763 2.55122 
228 7.61295 2.55731 
229 7.64398 2.54619 
230 7.65202 2.53517 
231 7.72727 2.57288 
232 7.78252 2.62617 
233 7.74926 2.64587 
234 7.74366 2.64319 
235 7.71085 2.63507 
236 7.68781 2.65336 
237 7.65551 2.64221 
238 7.72238 2.6614 
239 7.69021 2.66314 
240 7.75028 2.7247 
241 7.73891 2.71344 
242 7.93546 2.72645 
243 8.0013 2.71528 
244 8.05299 2.7728 
245 8.03347 2.77662 
246 8.00094 2.7825 
247 8.05739 2.8344 
248 8.0538 2.82302 
249 8.05208 2.81172 
250 8.03311 2.82277 
251 8.21331 2.82502 
252 8.19724 2.93836 
253 8.1689 2.92679 
254 8.18665 2.93484 
255 8.2875 2.94248 
256 8.26336 2.95288 
257 8.28809 2.95218 
258 8.25609 2.94078 
259 8.36623 2.92947 
260 8.35717 2.91824 
261 8.32527 2.94897 
262 8.3291 2.93775 
263 8.29755 2.94755 
264 8.29853 2.93701 
265 8.26733 2.92597 
266 8.23637 2.91616 
267 8.22464 2.90528 
268 8.23124 2.89447 
269 8.20076 2.88375 
270 8.21088 2.91149 
271 8.18069 2.91282 
272 8.18851 2.90301 
273 8.15863 2.89739 
274 8.18626 2.88686 
275 8.27103 2.91765 
276 8.29606 2.93118 
277 8.30622 2.92063 
278 8.3971 2.91017 
279 8.36711 2.92388 
280 8.33733 2.91347 
281 8.32426 2.95807 
282 8.32576 2.95781 
283 8.31229 2.9474 
284 8.28312 2.93706 
285 8.26349 2.92679 
286 8.31232 2.967 
287 8.32642 2.9949 
288 8.31664 3.02606 
289 8.39773 3.02317 
290 8.41302 3.02782 
291 8.43286 3.02101 
292 8.4119 3.06616 
293 8.3952 3.05985 
294 8.36824 3.06441 
295 8.41134 3.05406 
296 8.38302 3.04377 
297 8.41287 3.06265 
298 8.41734 3.07658 
299 8.52591 3.13835 
300 8.5142 3.14031 
301 8.57914 3.19808 
302 8.67444 3.1933 
303 8.64591 3.19454 
304 8.67155 3.18407 
305 8.64321 3.19116 
306 8.68626 3.18076 
307 8.65806 3.19232 
308 8.75486 3.18199 
309 8.90013 3.22036 
310 8.90179 3.28557 
311 8.93445 3.29547 
312 9.20888 3.28494 
313 9.30675 3.30651 
314 9.3534 3.31486 
315 9.36045 3.30437 
316 9.42803 3.31287 
317 9.41778 3.30245 
318 9.40715 3.2921 
319 9.40433 3.28181 
320 9.40633 3.30625 
321 9.43783 3.29804 
322 9.43068 3.28783 
323 9.4187 3.27768 
324 9.43164 3.29816 
325 9.46713 3.30888 
326 9.45691 3.32396 
327 9.48643 3.33082 
328 9.55258 3.33627 
329 9.52363 3.32616 
330 9.49486 3.3584 
331 9.47412 3.35792 
332 9.44953 3.40965 
333 9.42872 3.44223 
334 9.43953 3.45182 
335 9.46612 3.4534 
336 9.46325 3.44747 
337 9.44857 3.45679 
338 9.42501 3.44659 
339 9.40765 3.4729 
340 9.38006 3.49035 
341 9.38478 3.57493 
342 9.46001 3.59345 
343 9.55526 3.63259 
344 9.53046 3.62206 
345 9.50291 3.61672 
346 9.53265 3.60725 
347 9.68532 3.6443 
348 9.65757 3.73379 
349 9.72995 3.74812 
350 9.8569 3.74777 
351 9.84559 3.75757 
352 9.84221 3.7747 
353 9.8323 3.78398 
354 9.86535 3.77825 
355 9.89738 3.78751 
356 9.88179 3.7769 
357 9.85419 3.7894 
358 9.84514 3.77884 
359 9.91466 3.77607 
360 9.91828 3.76561 
361 9.90925 3.77903 
362 9.88196 3.81196 
363 9.88817 3.82038 
364 9.97262 3.82219 
365 9.95503 3.81584 
366 9.95067 3.81336 
367 9.92771 3.803 
368 9.9124 3.81498 
369 9.89041 3.80813 
370 9.8793 3.8034 
371 9.86981 3.81229 
372 9.88425 3.83418 
373 9.86609 3.83076 
374 9.86461 3.83799 
375 9.85433 3.85609 
376 9.83019 3.99175 
377 9.85589 3.98119 
378 9.88348 3.97596 
379 9.9145 3.96866 
380 9.88848 4.01162 
381 9.95819 4.00112 
382 9.99631 4.00868 
383 10.0025 3.99824 
384 9.97735 3.99391 
385 9.9746 3.99737 
386 10.0438 3.99803 
387 10.0525 4.00108 
388 10.0639 4.0574 
389 10.0381 4.08509 
390 10.0124 4.07464 
391 10.0692 4.07732 
392 10.1358 4.08476 
393 10.1101 4.1008 
394 10.0863 4.1022 
395 10.0709 4.09184 
396 10.0786 4.08805 
397 10.0826 4.11188 
398 10.0633 4.10435 
399 10.0814 4.1083 
400 10.0631 4.09806 
401 10.0717 4.10925 
402 10.188 4.10371 
403 10.2434 4.11899 
404 10.3173 4.10882 
405 10.2939 4.11125 
406 10.2777 4.11876 
407 10.3098 4.14067 
408 10.291 4.14509 
409 10.2659 4.15249 
410 10.2433 4.14968 
411 10.2185 4.22253 
412 10.3048 4.24106 
413 10.2888 4.2444 
414 10.4042 4.26517 
415 10.4474 4.27551 
416 10.4344 4.2756 
417 10.4095 4.28718 
418 10.3846 4.28157 
419 10.3859 4.2801 
420 10.3701 4.26994 
421 10.3463 4.27527 
422 10.3687 4.26516 
423 10.3561 4.28576 
424 10.3475 4.27598 
425 10.3291 4.3095 
426 10.4494 4.30559 
427 10.4749 4.32788 
428 10.4505 4.33608 
429 10.4398 4.34593 
430 10.4225 4.36716 
431 10.5068 4.36336 
432 10.5167 4.36413 
433 10.4973 4.38363 
434 10.5739 4.3986 
435 10.5982 4.38851 
436 10.5912 4.39805 
437 10.5926 4.39181 
438 10.601 4.38181 
439 10.6372 4.37185 
440 10.6367 4.37724 
441 10.6216 4.37997 
442 10.6142 4.37008 
443 10.6043 4.37247 
444 10.5991 4.3795 
445 10.5993 4.38124 
446 10.587 4.38038 
447 10.6122 4.37705 
448 10.6421 4.3673 
449 10.6713 4.35759 
450 10.6696 4.35846 
451 10.6546 4.36438 
452 10.6619 4.35475 
453 10.6474 4.35902 
454 10.7664 4.35533 
455 10.7629 4.35878 
456 10.7437 4.35995 
457 10.7391 4.35043 
458 10.7306 4.34218 
459 10.7542 4.33275 
460 10.7331 4.33112 
461 10.7163 4.32174 
462 10.7096 4.31903 
463 10.7247 4.31638 
464 10.7312 4.3206 
465 10.7312 4.36513 
466 10.7503 4.38221 
467 10.8325 4.386 
468 10.8493 4.38634 
469 10.8262 4.40098 
470 10.8241 4.39901 
471 10.8287 4.40173 
472 10.8096 4.39242 
473 10.7934 4.38316 
474 10.7949 4.37393 
475 10.7955 4.41798 
476 10.8105 4.42706 
477 10.7928 4.4198 
478 10.7714 4.41734 
479 10.7573 4.42052 
480 10.7538 4.41738 
481 10.8046 4.41012 
482 10.7852 4.40098 
483 10.7743 4.41172 
484 10.7857 4.40262 
485 10.8187 4.40427 
486 10.9267 4.39523 
487 11.034 4.40492 
488 11.0436 4.39591 
489 11.0918 4.40053 
490 11.0733 4.40624 
491 11.0923 4.39729 
492 11.1391 4.42159 
493 11.1634 4.41264 
494 11.1409 4.41199 
495 11.1204 4.41116 
496 11.105 4.40887 
497 11.1009 4.40002 
498 11.1837 4.3912 
499 11.1858 4.41914 
500 11.1789 4.41394 
501 11.2113 4.40514 
502 11.2106 4.47027 
503 11.2076 4.47096 
504 11.188 4.47018 
505 11.1659 4.46135 
506 11.1621 4.47182 
507 11.1442 4.47434 
508 11.1677 4.46844 
509 11.2819 4.46135 
510 11.2892 4.46898 
511 11.2862 4.46292 
512 11.3541 4.46397 
513 11.3677 4.47052 
514 11.3892 4.47185 
515 11.3672 4.46369 
516 11.3828 4.46814 
517 11.3687 4.45951 
518 11.3628 4.4564 
519 11.3677 4.45843 
520 11.357 4.44987 
521 11.3778 4.49563 
522 11.3656 4.48703 
523 11.3489 4.47847 
524 11.4148 4.47494 
525 11.4112 4.46643 
526 11.4126 4.46531 
527 11.4265 4.47039 
528 11.4163 4.48641 
529 11.442 4.48486 
530 11.4799 4.48136 
531 11.4638 4.47488 
532 11.5011 4.48478 
533 11.4795 4.54733 
534 11.5319 4.55265 
535 11.5119 4.59124 
536 11.4976 4.58864 
537 11.5131 4.58011 
538 11.508 4.57903 
539 11.4955 4.57056 
540 11.4898 4.56482 
541 11.5437 4.56159 
542 11.5224 4.56 
543 11.5326 4.61127 
544 11.5463 4.64959 
545 11.5314 4.65339 
546 11.6278 4.66577 
547 11.6521 4.67182 
548 11.643 4.6814 
549 11.6599 4.69811 
550 11.6503 4.71277 
551 11.6468 4.70564 
552 11.6811 4.69713 
553 11.6604 4.69269 
554 11.6543 4.71013 
555 11.6333 4.70386 
556 11.6124 4.69889 
557 11.6064 4.69047 
558 11.6073 4.68644 
559 11.5933 4.68028 
560 11.6254 4.6957 
561 11.612 4.70158 
562 11.6091 4.7318 
563 11.6423 4.73515 
564 11.643 4.72677 
565 11.6254 4.71842 
566 11.6571 4.72919 
567 11.6509 4.72086 
568 11.6357 4.71426 
569 11.622 4.71677 
570 11.6137 4.71438 
571 11.6517 4.70614 
572 11.6748 4.74505 
573 11.667 4.75376 
574 11.6664 4.74804 
575 11.6558 4.75971 
576 11.6434 4.77187 
577 11.6744 4.76361 
578 11.6594 4.75992 
579 11.6444 4.7633 
580 11.6336 4.75855 
581 11.6574 4.75037 
582 11.6682 4.74662 
583 11.6743 4.74009 
584 11.6603 4.73199 
585 11.6404 4.7341 
586 11.6216 4.73322 
587 11.6151 4.72955 
588 11.6032 4.72152 
589 11.5841 4.71352 
590 11.6297 4.706 
591 11.7045 4.71149 
592 11.7232 4.70998 
593 11.7179 4.70514 
594 11.722 4.69723 
595 11.7061 4.69809 
596 11.7176 4.69022 
597 11.7158 4.69046 
598 11.7435 4.68263 
599 11.7364 4.7184 
600 11.7253 4.72074 
601 11.7613 4.71733 
602 11.7565 4.7095 
603 11.7387 4.73592 
604 11.7465 4.75503 
605 11.7599 4.76455 
606 11.7932 4.75979 
607 11.7954 4.76868 
608 11.7895 4.7794 
609 11.7883 4.77388 
610 11.8348 4.77577 
611 11.8215 4.7826 
612 11.8413 4.77986 
613 11.8765 4.77642 
614 11.8603 4.7855 
615 11.8528 4.77875 
616 11.8713 4.77343 
617 11.8674 4.76571 
618 11.8714 4.78019 
619 11.8644 4.78964 
620 11.8453 4.82044 
621 11.8641 4.81952 
622 11.8689 4.81243 
623 11.853 4.81029 
624 11.8527 4.80469 
625 11.8834 4.80291 
626 11.8746 4.79735 
627 11.9355 4.79813 
628 11.9294 4.81252 
629 11.9632 4.81328 
630 11.9443 4.82077 
631 11.929 4.81717 
632 11.9412 4.80956 
633 11.9696 4.83626 
634 11.9685 4.8541 
635 11.9553 4.84647 
636 11.9949 4.84881 
637 11.9973 4.84121 
638 11.9931 4.84806 
639 12.034 4.84616 
640 12.0206 4.85551 
641 12.0064 4.86034 
642 12.0085 4.8669 
643 12.0223 4.86608 
644 12.024 4.87227 
645 12.0081 4.91616 
646 11.9963 4.92796 
647 11.986 4.92035 
648 11.9677 4.92697 
649 11.9917 4.93266 
650 11.9776 4.93444 
651 12.0091 4.93084 
652 12.0091 4.92641 
653 11.9907 4.93218 
654 12.0338 4.92823 
655 12.0154 4.92072 
656 12.0352 4.92084 
657 12.0221 4.92036 
658 12.011 4.9169 
659 11.9965 4.91675 
660 11.9789 4.91007 
661 11.9887 4.90456 
662 11.9771 4.95034 
663 11.9789 4.97559 
664 11.9609 4.98428 
665 11.9442 4.98424 
666 11.9744 4.97676 
667 11.9565 4.99305 
668 11.9554 5.00989 
669 11.9398 5.01731 
670 11.9463 5.00983 
671 11.9376 5.02135 
672 11.9199 5.03281 
673 11.9346 5.03025 
674 11.9715 5.02957 
675 11.9805 5.03324 
676 11.972 5.04071 
677 11.9712 5.04825 
678 11.9818 5.04671 
679 11.9663 5.04581 
680 11.9575 5.05246 
681 11.9614 5.04505 
682 11.9774 5.04883 
683 12.0203 5.04365 
684 12.0102 5.0387 
685 11.9949 5.03135 
686 11.993 5.02588 
687 11.9951 5.02063 
688 12.005 5.02036 
689 11.9924 5.01558 
690 11.9875 5.02597 
691 11.9702 5.02423 
692 11.9796 5.01698 
693 11.981 5.01289 
694 11.9682 5.00873 
695 11.9543 5.04015 
696 11.938 5.03435 
697 11.9209 5.03957 
698 11.9192 5.05882 
699 11.914 5.06414 
700 11.9039 5.05915 
701 11.8869 5.05622 
702 11.8883 5.0626 
703 11.9131 5.07721 
704 11.9112 5.09318 
705 11.928 5.12991 
706 11.9256 5.14283 
707 11.9193 5.1409 
708 11.9025 5.16234 
709 11.9002 5.15506 
710 11.8958 5.15729 
711 11.8865 5.16404 
712 11.8743 5.1678 
713 11.8578 5.17474 
714 11.8532 5.16751 
715 11.8367 5.16818 
716 11.8517 5.16934 
717 11.8729 5.16808 
718 11.8891 5.1615 
719 11.9034 5.15451 
720 11.908 5.1474 
721 11.8987 5.1444 
722 11.9177 5.13896 
723 11.9233 5.15315 
724 11.9275 5.15192 
725 11.9779 5.16888 
726 12.0289 5.17514 
727 12.0236 5.1793 
728 12.0211 5.20101 
729 12.0088 5.20677 
730 12.0159 5.19965 
731 12.0127 5.20416 
732 12.0172 5.20498 
733 12.0818 5.20102 
734 12.0853 5.2012 
735 12.0954 5.2017 
736 12.0829 5.20202 
737 12.0812 5.19498 
738 12.092 5.19683 
739 12.0968 5.19099 
740 12.1028 5.19961 
741 12.0995 5.20082 
742 12.1439 5.20599 
743 12.1299 5.19899 
744 12.1286 5.1962 
745 12.1356 5.18924 
746 12.1222 5.18842 
747 12.123 5.18326 
748 12.1068 5.17901 
749 12.0953 5.19727 
750 12.0937 5.21775 
751 12.0853 5.2252 
752 12.0953 5.21826 
753 12.1447 5.21962 
754 12.1322 5.22331 
755 12.1198 5.22816 
756 12.1324 5.22126 
757 12.145 5.21437 
758 12.1781 5.22199 
759 12.1683 5.22462 
760 12.1637 5.21975 
761 12.1624 5.2164 
762 12.1538 5.21543 
763 12.1837 5.24079 
764 12.1867 5.25987 
765 12.2023 5.26687 
766 12.1934 5.26001 
767 12.1811 5.26777 
768 12.1653 5.26709 
769 12.1496 5.26938 
770 12.144 5.26348 
771 12.1655 5.26994 
772 12.1514 5.26723 
773 12.1491 5.2662 
774 12.1384 5.27626 
775 12.131 5.27874 
776 12.1276 5.27288 
777 12.1251 5.29478 
778 12.1621 5.28991 
779 12.1577 5.28704 
780 12.1759 5.28803 
781 12.1722 5.28788 
782 12.2123 5.29524 
783 12.2002 5.28849 
784 12.1846 5.29417 
785 12.19 5.28743 
786 12.178 5.29372 
787 12.1957 5.28925 
788 12.1863 5.28255 
789 12.1746 5.30456 
790 12.1602 5.3091 
791 12.1448 5.30707 
792 12.1339 5.30181 
793 12.151 5.30567 
794 12.1569 5.29964 
795 12.1779 5.29938 
796 12.241 5.31078 
797 12.2436 5.30989 
798 12.2402 5.31282 
799 12.281 5.31521 
800 12.2989 5.33053 
801 12.3156 5.32389 
802 12.3007 5.31726 
803 12.2916 5.34558 
804 12.2828 5.34644 
805 12.2824 5.34119 
806 12.269 5.34284 
807 12.307 5.34689 
808 12.3391 5.35146 
809 12.3354 5.36538 
810 12.3589 5.35876 
811 12.3641 5.35377 
812 12.3838 5.35221 
813 12.3781 5.35145 
814 12.3708 5.34995 
815 12.3607 5.36912 
816 12.3729 5.38468 
817 12.3578 5.38511 
818 12.3543 5.37854 
819 12.3411 5.3796 
820 12.3444 5.38143 
821 12.3404 5.37488 
822 12.3383 5.38475 
823 12.3287 5.37997 
824 12.3201 5.38639 
825 12.3345 5.38642 
826 12.3293 5.38902 
827 12.3258 5.40588 
828 12.3207 5.40004 
829 12.3145 5.42251 
830 12.3186 5.42081 
831 12.313 5.4143 
832 12.304 5.42779 
833 12.3121 5.42128 
834 12.3094 5.42773 
835 12.3112 5.43499 
836 12.3038 5.43157 
837 12.3351 5.43304 
838 12.3467 5.441 
839 12.343 5.43452 
840 12.3488 5.42806 
841 12.3358 5.42161 
842 12.324 5.41518 
843 12.3132 5.41598 
844 12.3003 5.41196 
845 12.2944 5.42915 
846 12.2867 5.44271 
847 12.2794 5.45088 
848 12.2865 5.44728 
849 12.2924 5.44088 
850 12.2968 5.43448 
851 12.3065 5.45237 
852 12.2919 5.46743 
853 12.3198 5.4663 
854 12.3242 5.46695 
855 12.3193 5.46881 
856 12.3239 5.4632 
857 12.3179 5.45684 
858 12.3036 5.45049 
859 12.3042 5.45691 
860 12.3041 5.47727 
861 12.3152 5.47703 
862 12.3056 5.47068 
863 12.3029 5.48153 
864 12.3666 5.49204 
865 12.3575 5.4857 
866 12.3691 5.48858 
867 12.3548 5.48226 
868 12.3714 5.48209 
869 12.3584 5.4793 
870 12.3506 5.48676 
871 12.3527 5.48569 
872 12.3706 5.48351 
873 12.3617 5.48895 
874 12.358 5.48268 
875 12.3793 5.48054 
876 12.3861 5.48181 
877 12.3884 5.47556 
878 12.3876 5.47058 
879 12.4063 5.50584 
880 12.4158 5.53814 
881 12.4314 5.53543 
882 12.4205 5.53921 
883 12.4237 5.5445 
884 12.4571 5.54233 
885 12.5156 5.57014 
886 12.5108 5.56787 
887 12.4974 5.57618 
888 12.5021 5.58942 
889 12.5498 5.59107 
890 12.5374 5.58479 
891 12.558 5.58159 
892 12.6094 5.57991 
893 12.5953 5.5839 
894 12.5841 5.57766 
895 12.584 5.58041 
896 12.579 5.59451 
897 12.569 5.60053 
898 12.5847 5.60364 
899 12.6488 5.60101 
900 12.7107 5.5996 
901 12.7008 5.61335 
902 12.7194 5.62796 
903 12.7226 5.62951 
904 12.7237 5.64628 
905 12.7124 5.64222 
906 12.7032 5.63621 
907 12.6913 5.6325 
908 12.7086 5.62962 
909 12.7478 5.63186 
910 12.7349 5.63208 
911 12.7458 5.62615 
912 12.7446 5.64256 
913 12.7614 5.63639 
914 12.7584 5.63798 
915 12.7488 5.67128 
916 12.7427 5.66978 
917 12.7463 5.66444 
918 12.7727 5.6658 
919 12.7642 5.66484 
920 12.7544 5.65869 
921 12.7481 5.65508 
922 12.7771 5.65136 
923 12.766 5.65448 
924 12.7892 5.6543 
925 12.7856 5.65116 
926 12.7998 5.65813 
927 12.8356 5.65404 
928 12.8213 5.64795 
929 12.813 5.6536 
930 12.8029 5.65704 
931 12.804 5.66005 
932 12.7939 5.65444 
933 12.8068 5.65017 
934 12.8096 5.65718 
935 12.8053 5.65116 
936 12.8064 5.663 
937 12.8065 5.65711 
938 12.8035 5.65847 
939 12.7963 5.67623 
940 12.7845 5.67126 
941 12.7772 5.66736 
942 12.7682 5.66764 
943 12.7805 5.68159 
944 12.7706 5.70546 
945 12.776 5.70414 
946 12.7684 5.70068 
947 12.7588 5.70927 
948 12.7858 5.7037 
949 12.8111 5.70822 
950 12.8002 5.70879 
951 12.7892 5.71385 
952 12.7856 5.71417 
953 12.7757 5.7198 
954 12.7729 5.74709 
955 12.7627 5.74269 
956 12.7519 5.73835 
957 12.7761 5.74194 
958 12.7662 5.73711 
959 12.754 5.74186 
960 12.7418 5.7411 
961 12.7557 5.73514 
962 12.7454 5.74217 
963 12.7329 5.74028 
964 12.7335 5.73528 
965 12.7268 5.73452 
966 12.7225 5.72859 
967 12.7492 5.73174 
968 12.7425 5.74015 
969 12.7336 5.74643 
970 12.7233 5.74051 
971 12.7378 5.73512 
972 12.7258 5.73972 
973 12.723 5.7354 
974 12.7303 5.73294 
975 12.7286 5.73097 
976 12.7425 5.73482 
977 12.7355 5.73833 
978 12.7303 5.73391 
979 12.7257 5.74024 
980 12.7203 5.738 
981 12.7128 5.7354 
982 12.7193 5.74017 
983 12.7303 5.73695 
984 12.737 5.73112 
985 12.7456 5.72842 
986 12.7376 5.73762 
987 12.7353 5.74194 
988 12.7323 5.73613 
989 12.7256 5.73417 
990 12.7225 5.73415 
991 12.7102 5.7375 
992 12.7014 5.73894 
993 12.7164 5.75238 
994 12.7457 5.75398 
995 12.7398 5.76638 
996 12.7294 5.76355 
997 12.7337 5.77623 
998 12.721 5.78486 
999 12.7145 5.78292 
1000 12.703 5.78039 
1100 12.6494 6.002 
1200 12.6722 6.02134 
1300 12.7902 6.13332 
1400 12.6795 6.18851 
1500 12.6283 6.17147 
1600 12.5456 6.1929 
1700 12.5222 6.1731 
1800 12.4491 6.13245 
1900 12.3729 6.07296 
2000 12.2598 6.0676 
2100 12.1549 6.06334 
2200 12.0298 6.07397 
2300 11.8781 6.0038 
2400 11.7928 5.98683 
2500 11.6713 5.9385 
2600 11.567 5.88487 
2700 11.4913 5.87 
2800 11.3519 5.79743 
2900 11.2294 5.74781 
3000 11.0815 5.73066 
3100 10.9391 5.67415 
3200 10.8401 5.64892 
3300 10.7502 5.58478 
3400 10.6499 5.53265 
3500 10.5331 5.47063 
3600 10.3675 5.42299 
3700 10.206 5.38163 
3800 10.1112 5.34147 
3900 10.0196 5.28848 
4000 9.91249 5.2367 
4100 9.83799 5.18633 
4200 9.74049 5.13895 
4300 9.64443 5.07125 
4400 9.54745 5.02824 
4500 9.4648 4.96946 
4600 9.40347 4.92075 
4700 9.29536 4.85878 
4800 9.20401 4.81591 
4900 9.11919 4.76138 
5000 9.03674 4.7072 
5100 8.95706 4.66017 
5200 8.8794 4.61801 
5300 8.78102 4.57638 
5400 8.70338 4.54541 
5500 8.63252 4.49129 
5600 8.54263 4.44691 
5700 8.47613 4.42286 
5800 8.40731 4.39471 
5900 8.34134 4.35966 
6000 8.27173 4.31521 
6100 8.18453 4.26974 
6200 8.11264 4.2439 
6300 8.03504 4.21746 
6400 7.97019 4.18637 
6500 7.91103 4.1546 
6600 7.84319 4.13721 
6700 7.79107 4.10518 
6800 7.72885 4.06298 
6900 7.66983 4.03133 
7000 7.60905 4.00567 
7100 7.54734 3.97057 
7200 7.48336 3.9379 
7300 7.41099 3.91069 
7400 7.36485 3.88354 
7500 7.31734 3.85095 
7600 7.26045 3.82768 
7700 7.20445 3.80094 
7800 7.1467 3.77408 
7900 7.0898 3.74353 
8000 7.03984 3.71269 
8100 7.00048 3.68818 
8200 6.95422 3.66423 
8300 6.90583 3.63795 
8400 6.86204 3.61097 
8500 6.81436 3.58552 
8600 6.7667 3.57093 
8700 6.71573 3.5516 
8800 6.66782 3.53897 
8900 6.6238 3.51647 
9000 6.58025 3.49604 
9100 6.54458 3.47612 
9200 6.49822 3.45803 
9300 6.45674 3.43567 
9400 6.41777 3.41636 
9500 6.37567 3.39348 
9600 6.33701 3.37404 
9700 6.2958 3.34767 
9800 6.25299 3.32656 
9900 6.21934 3.30883 
10000 6.18272 3.28779 
10100 6.14945 3.2676 
10200 6.11239 3.25246 
10300 6.0794 3.23213 
10400 6.04381 3.21394 
10500 6.00949 3.19484 
10600 5.97369 3.17479 
10700 5.93807 3.15328 
10800 5.89886 3.13495 
10900 5.86503 3.11897 
11000 5.82834 3.09797 
11100 5.79489 3.07868 
11200 5.75737 3.06002 
11300 5.72591 3.04195 
11400 5.69338 3.02043 
11500 5.66199 3.00673 
11600 5.62575 2.98894 
11700 5.60062 2.96807 
11800 5.56964 2.95164 
11900 5.544 2.94014 
12000 5.50851 2.92231 
12100 5.48244 2.9069 
12200 5.45218 2.8919 
12300 5.42272 2.87764 
12400 5.39407 2.86377 
12500 5.36225 2.84565 
12600 5.32995 2.83009 
12700 5.30212 2.81496 
12800 5.27262 2.80839 
12900 5.24352 2.79357 
13000 5.21482 2.78199 
13100 5.18707 2.76634 
13200 5.16137 2.75082 
13300 5.13244 2.73907 
13400 5.11002 2.72554 
13500 5.08326 2.71287 
13600 5.06181 2.69674 
13700 5.03393 2.6853 
13800 5.00724 2.67102 
13900 4.98917 2.65506 
14000 4.96501 2.64147 
14100 4.93809 2.63067 
14200 4.91209 2.6172 
14300 4.88442 2.60383 
14400 4.86176 2.59241 
14500 4.83936 2.57992 
14600 4.82012 2.5698 
14700 4.79536 2.559 
14800 4.77413 2.54535 
14900 4.75134 2.53314 
15000 4.72667 2.52395 
15100 4.70674 2.51154 
15200 4.68551 2.49979 
15300 4.66569 2.4901 
15400 4.64489 2.47813 
15500 4.62266 2.46674 
15600 4.60213 2.45841 
15700 4.58226 2.44616 
15800 4.56369 2.43497 
15900 4.54999 2.42361 
16000 4.53221 2.41519 
16100 4.51038 2.40394 
16200 4.49325 2.39347 
16300 4.47089 2.38241 
16400 4.45018 2.37274 
16500 4.43075 2.36468 
16600 4.41135 2.35276 
16700 4.38919 2.34216 
16800 4.3695 2.3345 
16900 4.35036 2.32621 
17000 4.3312 2.3165 
17100 4.31321 2.30638 
17200 4.2976 2.2963 
17300 4.27837 2.28491 
17400 4.26037 2.27666 
17500 4.24093 2.26935 
17600 4.22449 2.2595 
17700 4.20661 2.25386 
17800 4.19 2.24457 
17900 4.17485 2.23526 
18000 4.15824 2.22686 
18100 4.14167 2.21756 
18200 4.12442 2.2103 
18300 4.10842 2.2041 
18400 4.09495 2.19692 
18500 4.08246 2.18862 
18600 4.06646 2.1796 
18700 4.04944 2.17121 
18800 4.03461 2.16193 
18900 4.01953 2.15362 
19000 4.00363 2.14545 
19100 3.98708 2.1371 
19200 3.97244 2.12904 
19300 3.95551 2.12044 
19400 3.93965 2.10998 
19500 3.92643 2.10299 
19600 3.91348 2.09417 
19700 3.8977 2.08585 
19800 3.88402 2.07841 
19900 3.87109 2.07071 
20000 3.8611 2.06325 
20100 3.84615 2.05621 
20200 3.83211 2.04937 
20300 3.81642 2.04481 
20400 3.80245 2.03761 
20500 3.7887 2.02865 
20600 3.77638 2.02186 
20700 3.76261 2.015 
20800 3.75292 2.00795 
20900 3.74046 2.00267 
21000 3.72857 1.99654 
21100 3.71394 1.98904 
21200 3.69963 1.98169 
21300 3.68546 1.97502 
21400 3.67059 1.96736 
21500 3.65714 1.96106 
21600 3.64534 1.95337 
21700 3.63153 1.94603 
21800 3.62173 1.94096 
21900 3.60942 1.93388 
22000 3.59651 1.92634 
22100 3.58458 1.91954 
22200 3.57273 1.91249 
22300 3.56138 1.90683 
22400 3.54875 1.89992 
22500 3.53797 1.89266 
22600 3.52637 1.8876 
22700 3.51379 1.88239 
22800 3.50141 1.87719 
22900 3.4895 1.87125 
23000 3.47887 1.86434 
23100 3.46613 1.85867 
23200 3.45472 1.85287 
23300 3.44324 1.84707 
23400 3.43192 1.84091 
23500 3.41848 1.83534 
23600 3.40696 1.82934 
23700 3.39604 1.82404 
23800 3.38599 1.81902 
23900 3.37528 1.81278 
24000 3.36417 1.80661 
24100 3.35275 1.80132 
24200 3.34042 1.79779 
24300 3.32954 1.79155 
24400 3.31746 1.78539 
24500 3.30639 1.77996 
24600 3.29554 1.77585 
24700 3.28493 1.77101 
24800 3.27343 1.76625 
24900 3.26431 1.76066 
25000 3.25407 1.75581 
25100 3.24338 1.74976 
25200 3.23312 1.74508 
25300 3.22252 1.73992 
25400 3.21007 1.73394 
25500 3.19909 1.72883 
25600 3.18861 1.72345 
25700 3.17955 1.71849 
25800 3.16891 1.7128 
25900 3.1583 1.70717 
26000 3.14797 1.70134 
26100 3.13894 1.69612 
26200 3.12994 1.6902 
26300 3.12083 1.6848 
26400 3.11245 1.67912 
26500 3.10377 1.67367 
26600 3.09525 1.66872 
26700 3.08632 1.66357 
26800 3.07631 1.65883 
26900 3.06813 1.65349 
27000 3.05936 1.64885 
27100 3.051 1.64378 
27200 3.04193 1.63865 
27300 3.03378 1.63345 
27400 3.0245 1.62889 
27500 3.01548 1.62362 
27600 3.00782 1.62063 
27700 2.99846 1.61615 
27800 2.98988 1.61198 
27900 2.98221 1.60764 
28000 2.97233 1.60259 
28100 2.96419 1.59807 
28200 2.95508 1.59405 
28300 2.94715 1.58928 
28400 2.93882 1.58532 
28500 2.93045 1.58167 
28600 2.92287 1.57777 
28700 2.91439 1.57344 
28800 2.90604 1.56966 
28900 2.89842 1.56532 
29000 2.8898 1.56062 
29100 2.88293 1.55658 
29200 2.87708 1.55234 
29300 2.86908 1.54842 
29400 2.86274 1.54409 
29500 2.85476 1.53992 
29600 2.84702 1.53527 
29700 2.83938 1.53134 
29800 2.83174 1.52677 
29900 2.8235 1.5224 
30000 2.8161 1.51829 
30100 2.80856 1.51379 
30200 2.80058 1.50949 
30300 2.7927 1.50567 
30400 2.78512 1.50147 
30500 2.77817 1.49735 
30600 2.77031 1.49341 
30700 2.76304 1.49 
30800 2.75643 1.48624 
30900 2.74912 1.48162 
31000 2.74293 1.47754 
31100 2.73513 1.47387 
31200 2.7272 1.46987 
31300 2.71992 1.46706 
31400 2.71328 1.46331 
31500 2.70633 1.45934 
31600 2.69979 1.45509 
31700 2.693 1.45143 
31800 2.68538 1.44775 
31900 2.67908 1.44384 
32000 2.67129 1.43975 
32100 2.66443 1.4363 
32200 2.65793 1.43245 
32300 2.65156 1.42879 
32400 2.64513 1.4244 
32500 2.63883 1.42082 
32600 2.63177 1.41703 
32700 2.62524 1.41432 
32800 2.61837 1.41077 
32900 2.61234 1.40698 
33000 2.60566 1.40383 
33100 2.59956 1.40047 
33200 2.59223 1.39705 
33300 2.58623 1.39359 
33400 2.581 1.39033 
33500 2.57433 1.38662 
33600 2.56803 1.38303 
33700 2.56116 1.37933 
33800 2.55459 1.37606 
33900 2.54914 1.37304 
34000 2.54309 1.36948 
34100 2.53622 1.36691 
34200 2.5307 1.36396 
34300 2.52498 1.36041 
34400 2.51857 1.35694 
34500 2.51258 1.35379 
34600 2.50653 1.35079 
34700 2.50101 1.34803 
34800 2.49564 1.34484 
34900 2.48979 1.34146 
35000 2.48401 1.33828 
35100 2.47867 1.3348 
35200 2.4725 1.33233 
35300 2.46768 1.32919 
35400 2.46172 1.32649 
35500 2.45557 1.32331 
35600 2.44923 1.32019 
35700 2.44303 1.31705 
35800 2.43764 1.314 
35900 2.43227 1.31103 
36000 2.42649 1.30815 
36100 2.42123 1.30519 
36200 2.41542 1.30225 
36300 2.40965 1.29926 
36400 2.40366 1.29629 
36500 2.39852 1.29423 
36600 2.3934 1.29111 
36700 2.3885 1.28816 
36800 2.38251 1.2856 
36900 2.37689 1.28307 
37000 2.37138 1.27997 
37100 2.36682 1.27705 
37200 2.36132 1.27417 
37300 2.35613 1.27128 
37400 2.35113 1.26843 
37500 2.34567 1.26559 
37600 2.3402 1.263 
37700 2.33562 1.25996 
37800 2.33026 1.2569 
37900 2.3249 1.25415 
38000 2.31971 1.25109 
38100 2.31455 1.24822 
38200 2.30978 1.24568 
38300 2.30469 1.24293 
38400 2.3 1.24029 
38500 2.29498 1.23731 
38600 2.28904 1.23474 
38700 2.28456 1.23202 
38800 2.28006 1.22955 
38900 2.27493 1.22678 
39000 2.27006 1.22424 
39100 2.26541 1.22304 
39200 2.26142 1.22038 
39300 2.25602 1.2182 
39400 2.25101 1.21611 
39500 2.24611 1.21328 
39600 2.24269 1.21067 
39700 2.23828 1.2081 
39800 2.23405 1.20593 
39900 2.22884 1.20332 
40000 2.22507 1.20068 
40100 2.221 1.19807 
40200 2.21735 1.19534 
40300 2.21225 1.19272 
40400 2.20743 1.19114 
40500 2.20313 1.1885 
40600 2.19839 1.18612 
40700 2.19363 1.18382 
40800 2.18931 1.1813 
40900 2.18535 1.1787 
41000 2.18156 1.17643 
41100 2.17675 1.17395 
41200 2.17284 1.17156 
41300 2.16832 1.16939 
41400 2.16394 1.16678 
41500 2.15958 1.16488 
41600 2.15549 1.16261 
41700 2.15131 1.16001 
41800 2.14683 1.15736 
41900 2.14282 1.1553 
42000 2.13891 1.15334 
42100 2.13454 1.1508 
42200 2.13082 1.14824 
42300 2.12697 1.14596 
42400 2.12279 1.14414 
42500 2.11879 1.1417 
42600 2.11429 1.13934 
42700 2.11009 1.13732 
42800 2.10567 1.13485 
42900 2.10217 1.13279 
43000 2.09755 1.13043 
43100 2.09358 1.12807 
43200 2.0893 1.12565 
43300 2.08515 1.12406 
43400 2.0807 1.12214 
43500 2.07714 1.11975 
43600 2.07309 1.11743 
43700 2.06864 1.11514 
43800 2.0647 1.11293 
43900 2.06063 1.1109 
44000 2.05657 1.10869 
44100 2.05249 1.10642 
44200 2.04846 1.10432 
44300 2.04456 1.10221 
44400 2.04063 1.10006 
44500 2.03687 1.09806 
44600 2.03273 1.09592 
44700 2.02855 1.09356 
44800 2.0247 1.09148 
44900 2.02138 1.08936 
45000 2.01815 1.08755 
45100 2.01437 1.08566 
45200 2.01076 1.08379 
45300 2.00684 1.08156 
45400 2.00277 1.07962 
45500 1.99932 1.07729 
45600 1.99605 1.07542 
45700 1.99315 1.07337 
45800 1.98919 1.0716 
45900 1.98549 1.06965 
46000 1.98161 1.06773 
46100 1.97788 1.06575 
46200 1.97444 1.06402 
46300 1.97063 1.06248 
46400 1.96673 1.06096 
46500 1.96293 1.05978 
46600 1.95926 1.05795 
46700 1.95577 1.05594 
46800 1.95251 1.05427 
46900 1.94903 1.05222 
47000 1.94557 1.0502 
47100 1.94187 1.04823 
47200 1.93871 1.04646 
47300 1.93496 1.04486 
47400 1.93186 1.04279 
47500 1.92862 1.04083 
47600 1.92574 1.03871 
47700 1.92243 1.03684 
47800 1.91878 1.03507 
47900 1.91611 1.03311 
48000 1.91291 1.03123 
48100 1.90934 1.02937 
48200 1.90604 1.02759 
48300 1.90253 1.02619 
48400 1.89921 1.02434 
48500 1.89585 1.02246 
48600 1.89301 1.02072 
48700 1.88985 1.01899 
48800 1.88666 1.01712 
48900 1.88343 1.01531 
49000 1.88012 1.0136 
49100 1.87677 1.01205 
49200 1.87342 1.01012 
49300 1.87029 1.00849 
49400 1.86721 1.00683 
49500 1.86404 1.00514 
49600 1.86102 1.00357 
49700 1.85812 1.00193 
49800 1.8547 1.00008 
49900 1.85162 0.998341 
50000 1.84858 0.996459 
50100 1.84532 0.994809 
50200 1.84255 0.992951 
50300 1.83911 0.991347 
50400 1.83614 0.989442 
50500 1.83258 0.987757 
50600 1.82969 0.986206 
50700 1.82636 0.984386 
50800 1.82365 0.982744 
50900 1.82071 0.981027 
51000 1.81728 0.979189 
51100 1.81419 0.97736 
51200 1.81086 0.975699 
51300 1.8078 0.974239 
51400 1.80525 0.972494 
51500 1.80197 0.970878 
51600 1.79889 0.969263 
51700 1.79624 0.96761 
51800 1.79336 0.965958 
51900 1.79016 0.964374 
52000 1.78678 0.963026 
52100 1.78376 0.961373 
52200 1.78044 0.959567 
52300 1.77707 0.958961 
52400 1.77383 0.957335 
52500 1.77102 0.955774 
52600 1.76816 0.954049 
52700 1.76579 0.952423 
52800 1.76276 0.950869 
52900 1.76006 0.949231 
53000 1.757 0.947654 
53100 1.75414 0.946119 
53200 1.75118 0.944521 
53300 1.74828 0.942953 
53400 1.74549 0.941409 
53500 1.74297 0.939787 
53600 1.74037 0.938251 
53700 1.73742 0.936533 
53800 1.735 0.934842 
53900 1.73209 0.933325 
54000 1.72921 0.931943 
54100 1.72671 0.930292 
54200 1.72411 0.928866 
54300 1.72177 0.927513 
54400 1.71948 0.925896 
54500 1.71688 0.924306 
54600 1.71441 0.922919 
54700 1.71161 0.921539 
54800 1.70905 0.920213 
54900 1.70649 0.918751 
55000 1.70358 0.917396 
55100 1.70123 0.915831 
55200 1.69853 0.914413 
55300 1.69594 0.913157 
55400 1.69366 0.911551 
55500 1.69066 0.910148 
55600 1.68806 0.908755 
55700 1.68506 0.907219 
55800 1.68246 0.905853 
55900 1.68018 0.904685 
56000 1.67755 0.903283 
56100 1.67537 0.901782 
56200 1.67275 0.900532 
56300 1.67026 0.89913 
56400 1.66798 0.897769 
56500 1.66549 0.896413 
56600 1.66295 0.895232 
56700 1.66059 0.893881 
56800 1.65852 0.892322 
56900 1.65632 0.890936 
57000 1.65376 0.889581 
57100 1.65165 0.888197 
57200 1.64977 0.886718 
57300 1.64742 0.885622 
57400 1.64469 0.884135 
57500 1.64252 0.882768 
57600 1.6401 0.88145 
57700 1.63786 0.879896 
57800 1.6359 0.878434 
57900 1.63353 0.877052 
58000 1.6307 0.875725 
58100 1.62832 0.87422 
58200 1.62625 0.872789 
58300 1.62385 0.87137 
58400 1.62133 0.869906 
58500 1.61924 0.868556 
58600 1.61695 0.867275 
58700 1.61465 0.865917 
58800 1.61229 0.864716 
58900 1.6098 0.863371 
59000 1.60744 0.861969 
59100 1.60514 0.860457 
59200 1.60329 0.859261 
59300 1.60057 0.857958 
59400 1.59861 0.856567 
59500 1.59651 0.855282 
59600 1.59432 0.853954 
59700 1.59178 0.852797 
59800 1.58943 0.851526 
59900 1.58689 0.850264 
60000 1.58475 0.849068 
60100 1.58227 0.847892 
60200 1.58017 0.846553 
60300 1.57827 0.845264 
60400 1.57604 0.844048 
60500 1.57415 0.842627 
60600 1.57219 0.8415 
60700 1.57005 0.840438 
60800 1.56793 0.839246 
60900 1.56562 0.838302 
61000 1.5632 0.837284 
61100 1.56096 0.836033 
61200 1.55869 0.834805 
61300 1.55637 0.833745 
61400 1.55428 0.832853 
61500 1.55245 0.831721 
61600 1.54995 0.830576 
61700 1.54772 0.829568 
61800 1.54521 0.828718 
61900 1.54324 0.827551 
62000 1.54117 0.826238 
62100 1.53881 0.824962 
62200 1.537 0.823825 
62300 1.53474 0.822884 
62400 1.53253 0.821649 
62500 1.53049 0.820692 
62600 1.52837 0.819704 
62700 1.52594 0.818548 
62800 1.52386 0.81742 
62900 1.52202 0.816693 
63000 1.52016 0.815595 
63100 1.51791 0.814613 
63200 1.51587 0.813765 
63300 1.51366 0.81269 
63400 1.51183 0.811596 
63500 1.50999 0.810336 
63600 1.50806 0.809092 
63700 1.50619 0.808168 
63800 1.50396 0.807015 
63900 1.50198 0.80584 
64000 1.49984 0.804698 
64100 1.49804 0.803532 
64200 1.49598 0.802574 
64300 1.49404 0.801492 
64400 1.49204 0.800393 
64500 1.48997 0.799238 
64600 1.48781 0.798168 
64700 1.48568 0.79704 
64800 1.48364 0.796104 
64900 1.48163 0.795158 
65000 1.47976 0.794109 
65100 1.47777 0.793007 
65200 1.47586 0.79205 
65300 1.4741 0.791097 
65400 1.47208 0.790099 
65500 1.47028 0.789121 
65600 1.46856 0.78808 
65700 1.46661 0.786962 
65800 1.4649 0.786221 
65900 1.46304 0.785215 
66000 1.46121 0.784086 
66100 1.45934 0.782976 
66200 1.45721 0.78212 
66300 1.45535 0.781083 
66400 1.45338 0.779913 
66500 1.45156 0.778901 
66600 1.44949 0.777823 
66700 1.44728 0.77692 
66800 1.44515 0.775922 
66900 1.44346 0.774741 
67000 1.44188 0.773932 
67100 1.44058 0.772827 
67200 1.43906 0.77173 
67300 1.43719 0.770648 
67400 1.4355 0.769547 
67500 1.43354 0.768483 
67600 1.43141 0.767555 
67700 1.42961 0.766631 
67800 1.42775 0.765848 
67900 1.42595 0.764953 
68000 1.42401 0.763905 
68100 1.42229 0.762941 
68200 1.42059 0.762167 
68300 1.41876 0.761278 
68400 1.41736 0.760172 
68500 1.41549 0.75908 
68600 1.41361 0.758021 
68700 1.41186 0.756989 
68800 1.41061 0.756 
68900 1.40904 0.754958 
69000 1.40699 0.753997 
69100 1.40527 0.753095 
69200 1.40367 0.752282 
69300 1.40162 0.751234 
69400 1.3997 0.75042 
69500 1.39832 0.749306 
69600 1.39698 0.748383 
69700 1.39482 0.747392 
69800 1.39329 0.746477 
69900 1.39119 0.745857 
70000 1.38948 0.745031 
70100 1.3877 0.743957 
70200 1.38621 0.743145 
70300 1.38492 0.742269 
70400 1.38344 0.74137 
70500 1.38179 0.740615 
70600 1.38017 0.739831 
70700 1.37859 0.738824 
70800 1.37675 0.737849 
70900 1.37486 0.736962 
71000 1.3732 0.736098 
71100 1.37149 0.735185 
71200 1.36964 0.734226 
71300 1.36811 0.733239 
71400 1.36643 0.732308 
71500 1.365 0.731389 
71600 1.36318 0.730617 
71700 1.36167 0.729705 
71800 1.35968 0.728884 
71900 1.35836 0.728127 
72000 1.35673 0.727197 
72100 1.35529 0.726359 
72200 1.35375 0.725422 
72300 1.3519 0.724898 
72400 1.35025 0.723969 
72500 1.34904 0.723074 
72600 1.3475 0.722077 
72700 1.34597 0.721338 
72800 1.34442 0.720383 
72900 1.3426 0.71952 
73000 1.34126 0.718573 
73100 1.33968 0.717555 
73200 1.33844 0.71668 
73300 1.33717 0.715981 
73400 1.3354 0.715102 
73500 1.33376 0.714215 
73600 1.33229 0.713382 
73700 1.33056 0.712449 
73800 1.32902 0.711665 
73900 1.32731 0.710964 
74000 1.32595 0.710101 
74100 1.32468 0.709181 
74200 1.32308 0.708317 
74300 1.32152 0.707575 
74400 1.32018 0.706876 
74500 1.31868 0.70602 
74600 1.31747 0.705214 
74700 1.31596 0.704328 
74800 1.31432 0.703398 
74900 1.31269 0.702767 
75000 1.31093 0.701872 
75100 1.30934 0.701174 
75200 1.30806 0.70031 
75300 1.30655 0.6998 
75400 1.30525 0.698872 
75500 1.30364 0.698052 
75600 1.30212 0.697245 
75700 1.30053 0.696392 
75800 1.29899 0.695582 
75900 1.29755 0.694795 
76000 1.29632 0.694053 
76100 1.29492 0.693326 
76200 1.29361 0.692538 
76300 1.29223 0.691787 
76400 1.29094 0.691077 
76500 1.28949 0.690407 
76600 1.28799 0.689739 
76700 1.28662 0.689041 
76800 1.28548 0.68827 
76900 1.28414 0.68755 
77000 1.28267 0.686733 
77100 1.28122 0.686032 
77200 1.27977 0.685253 
77300 1.27858 0.684564 
77400 1.27736 0.683933 
77500 1.27609 0.683238 
77600 1.27481 0.682467 
77700 1.2735 0.681652 
77800 1.2723 0.680829 
77900 1.27068 0.680113 
78000 1.26918 0.679281 
78100 1.26798 0.678464 
78200 1.26641 0.677794 
78300 1.26525 0.67714 
78400 1.26421 0.676431 
78500 1.26272 0.675691 
78600 1.26143 0.675042 
78700 1.25985 0.674153 
78800 1.25849 0.67339 
78900 1.25714 0.67266 
79000 1.25578 0.671902 
79100 1.25461 0.67106 
79200 1.25307 0.670204 
79300 1.25168 0.669448 
79400 1.25045 0.668885 
79500 1.2492 0.668333 
79600 1.24781 0.667674 
79700 1.24637 0.666922 
79800 1.24527 0.666131 
79900 1.24394 0.665364 
80000 1.2427 0.664601 
80100 1.2414 0.663922 
80200 1.24009 0.663263 
80300 1.23864 0.662518 
80400 1.23723 0.661825 
80500 1.2361 0.661079 
80600 1.23518 0.660463 
80700 1.23427 0.65971 
80800 1.23357 0.659023 
80900 1.23215 0.658318 
81000 1.23096 0.65768 
81100 1.22927 0.657019 
81200 1.22797 0.656351 
81300 1.22674 0.655627 
81400 1.22569 0.654964 
81500 1.2243 0.65433 
81600 1.22287 0.653659 
81700 1.22171 0.653065 
81800 1.22041 0.65238 
81900 1.21914 0.651635 
82000 1.21781 0.650849 
82100 1.21654 0.650198 
82200 1.21521 0.649414 
82300 1.21434 0.648712 
82400 1.21313 0.647974 
82500 1.21195 0.647381 
82600 1.21066 0.646873 
82700 1.20944 0.646165 
82800 1.20807 0.645474 
82900 1.20671 0.64475 
83000 1.20551 0.644099 
83100 1.20419 0.643467 
83200 1.20315 0.642796 
83300 1.20184 0.642113 
83400 1.20062 0.641485 
83500 1.1995 0.640827 
83600 1.1984 0.640136 
83700 1.19719 0.639404 
83800 1.1958 0.638782 
83900 1.19478 0.638061 
84000 1.19389 0.637385 
84100 1.19297 0.636614 
84200 1.19153 0.636078 
84300 1.19027 0.635429 
84400 1.18906 0.634929 
84500 1.18794 0.634307 
84600 1.18661 0.633584 
84700 1.1855 0.632951 
84800 1.18449 0.632262 
84900 1.18366 0.63155 
85000 1.18233 0.630999 
85100 1.18146 0.630272 
85200 1.18036 0.629501 
85300 1.17954 0.628831 
85400 1.17806 0.628153 
85500 1.17677 0.627376 
85600 1.17545 0.626782 
85700 1.17411 0.62617 
85800 1.17302 0.625502 
85900 1.17182 0.624798 
86000 1.17082 0.624221 
86100 1.16952 0.623545 
86200 1.16842 0.623024 
86300 1.16725 0.622425 
86400 1.16635 0.621795 
86500 1.16502 0.621084 
86600 1.16372 0.620571 
86700 1.16257 0.619894 
86800 1.16127 0.619318 
86900 1.16006 0.618757 
87000 1.15869 0.618252 
87100 1.15785 0.617747 
87200 1.15685 0.617134 
87300 1.15578 0.616506 
87400 1.15439 0.615953 
87500 1.15313 0.615267 
87600 1.15207 0.614659 
87700 1.15109 0.613935 
87800 1.14998 0.613364 
87900 1.14889 0.612808 
88000 1.14765 0.612094 
88100 1.14662 0.611514 
88200 1.14565 0.610913 
88300 1.14454 0.610362 
88400 1.14367 0.609699 
88500 1.14232 0.609192 
88600 1.14125 0.608654 
88700 1.14025 0.608064 
88800 1.13931 0.607483 
88900 1.13843 0.606882 
89000 1.13731 0.606216 
89100 1.13613 0.605472 
89200 1.13512 0.604912 
89300 1.13422 0.604278 
89400 1.13317 0.603629 
89500 1.1323 0.602973 
89600 1.13111 0.602393 
89700 1.12994 0.601901 
89800 1.12901 0.60127 
89900 1.1278 0.600694 
90000 1.12675 0.600068 
90100 1.12566 0.599431 
90200 1.12471 0.598745 
90300 1.12347 0.598093 
90400 1.12236 0.597478 
90500 1.1213 0.596901 
90600 1.12017 0.596302 
90700 1.1193 0.595671 
90800 1.11828 0.595057 
90900 1.11744 0.594472 
91000 1.11635 0.593853 
91100 1.11509 0.593339 
91200 1.11412 0.592709 
91300 1.11309 0.592139 
91400 1.11191 0.59161 
91500 1.11082 0.591029 
91600 1.10978 0.59057 
91700 1.1089 0.590068 
91800 1.10771 0.589525 
91900 1.10653 0.58898 
92000 1.10531 0.588553 
92100 1.10449 0.587995 
92200 1.10362 0.587564 
92300 1.1026 0.587193 
92400 1.10124 0.586637 
92500 1.10009 0.586094 
92600 1.09911 0.585492 
92700 1.09814 0.58501 
92800 1.09736 0.584461 
92900 1.0965 0.583879 
93000 1.09539 0.583305 
93100 1.09436 0.582769 
93200 1.09314 0.582115 
93300 1.09229 0.581546 
93400 1.09148 0.580992 
93500 1.0907 0.580562 
93600 1.08981 0.580051 
93700 1.08874 0.57948 
93800 1.08753 0.579026 
93900 1.08655 0.578474 
94000 1.08559 0.578029 
94100 1.0844 0.577548 
94200 1.08314 0.576932 
94300 1.08213 0.576449 
94400 1.08114 0.575896 
94500 1.08017 0.575284 
94600 1.07922 0.574683 
94700 1.07834 0.574101 
94800 1.0774 0.573548 
94900 1.07651 0.572965 
95000 1.07531 0.572499 
95100 1.07441 0.57187 
95200 1.07335 0.571316 
95300 1.0723 0.570741 
95400 1.07148 0.570162 
95500 1.07046 0.569637 
95600 1.06964 0.569084 
95700 1.06874 0.568652 
95800 1.06788 0.568225 
95900 1.06713 0.567791 
96000 1.06596 0.567364 
96100 1.06517 0.566823 
96200 1.06445 0.566328 
96300 1.06377 0.565906 
96400 1.06284 0.565498 
96500 1.06171 0.564921 
96600 1.06088 0.564391 
96700 1.05991 0.563861 
96800 1.05889 0.563342 
96900 1.0579 0.562757 
97000 1.05694 0.562164 
97100 1.05584 0.561674 
97200 1.05507 0.561145 
97300 1.05445 0.56058 
97400 1.05348 0.560101 
97500 1.05238 0.559489 
97600 1.0514 0.559104 
97700 1.0505 0.558598 
97800 1.04959 0.558134 
97900 1.04899 0.557751 
98000 1.04814 0.557216 
98100 1.04731 0.556678 
98200 1.0463 0.556155 
98300 1.04544 0.555751 
98400 1.04463 0.555256 
98500 1.04381 0.554813 
98600 1.04293 0.554262 
98700 1.04214 0.553829 
98800 1.04107 0.553333 
98900 1.04033 0.552812 
99000 1.03948 0.552334 
99100 1.03879 0.551823 
99200 1.03794 0.551349 
99300 1.03683 0.550815 
99400 1.03578 0.550343 
99500 1.03493 0.549844 
99600 1.03396 0.549317 
99700 1.03314 0.54879 
99800 1.0323 0.548307 
99900 1.03157 0.547822 
100000 1.03074 0.547295 
110000 0.95137 0.504144 
120000 0.883553 0.467357 
130000 0.825662 0.436171 
140000 0.776171 0.409457 
150000 0.730494 0.384593 
160000 0.692186 0.362462 
170000 0.657414 0.342954 
180000 0.624958 0.326035 
190000 0.59611 0.310401 
200000 0.570318 0.296336 
210000 0.546664 0.283776 
220000 0.525944 0.272586 
230000 0.506129 0.261846 
240000 0.487694 0.252007 
250000 0.47028 0.242866 
260000 0.455143 0.234398 
270000 0.440069 0.226685 
280000 0.426626 0.2195 
290000 0.414046 0.212737 
300000 0.401965 0.206586 
310000 0.390707 0.20076 
320000 0.380083 0.194861 
330000 0.37004 0.189553 
340000 0.36046 0.184815 
350000 0.351746 0.180117 
360000 0.343568 0.175545 
370000 0.335343 0.171211 
380000 0.327533 0.167209 
390000 0.320307 0.163223 
400000 0.313182 0.159814 
410000 0.306951 0.15619 
420000 0.300583 0.152939 
430000 0.294826 0.149838 
440000 0.289407 0.146758 
450000 0.283854 0.14379 
460000 0.278437 0.140955 
470000 0.27327 0.138348 
480000 0.268645 0.135577 
490000 0.263747 0.133072 
500000 0.25904 0.130763 
510000 0.254679 0.128549 
520000 0.250278 0.126338 
530000 0.246314 0.124196 
540000 0.24247 0.122204 
550000 0.238727 0.120218 
560000 0.234949 0.118218 
570000 0.231617 0.116274 
580000 0.228294 0.114396 
590000 0.224814 0.112681 
600000 0.221488 0.111004 
610000 0.218514 0.109402 
620000 0.215585 0.107922 
630000 0.212615 0.106381 
640000 0.209613 0.104947 
650000 0.206635 0.103479 
660000 0.204006 0.102022 
670000 0.201496 0.100648 
680000 0.199103 0.0992646 
690000 0.196896 0.0980569 
700000 0.194473 0.0969011 
710000 0.191975 0.0957081 
720000 0.189763 0.0945371 
730000 0.187562 0.0933683 
740000 0.185343 0.0922894 
750000 0.183125 0.0912777 
760000 0.181046 0.0901267 
770000 0.17895 0.0891708 
780000 0.177096 0.0882963 
790000 0.175224 0.0871883 
800000 0.173377 0.0862153 
810000 0.171708 0.0853211 
820000 0.169823 0.0844303 
830000 0.168133 0.0834957 
840000 0.166586 0.08257 
850000 0.164838 0.08179 
860000 0.163088 0.0808832 
870000 0.161496 0.0801223 
880000 0.159871 0.0793037 
890000 0.158322 0.0785497 
900000 0.156734 0.0777504 
910000 0.155445 0.0770388 
920000 0.153845 0.0763484 
930000 0.152535 0.0756145 
940000 0.151333 0.0748919 
950000 0.149906 0.074197 
960000 0.148509 0.0734764 
970000 0.147324 0.0728495 
980000 0.146164 0.0721735 
990000 0.145038 0.0715263 
1000000 0.143861 0.0709317 
1010000 0.1425 0.0702677 
1020000 0.141286 0.0696448 
1030000 0.140316 0.0690195 
1040000 0.1392 0.0684532 
1050000 0.138038 0.0678557 
1060000 0.136953 0.0673332 
1070000 0.135901 0.0668196 
1080000 0.134741 0.0662528 
1090000 0.133775 0.065717 
1100000 0.132746 0.065145 
1110000 0.131597 0.0646356 
1120000 0.130512 0.0640998 
1130000 0.129543 0.063635 
1140000 0.128742 0.0630829 
1150000 0.127784 0.0626125 
1160000 0.126802 0.0622004 
1170000 0.125787 0.0617479 
1180000 0.124978 0.06132 
1190000 0.124004 0.0608382 
1200000 0.123056 0.0603538 
1210000 0.122196 0.059949 
1220000 0.121338 0.0595018 
1230000 0.120424 0.0591588 
1240000 0.119611 0.0586803 
1250000 0.118912 0.0582132 
1260000 0.11807 0.0579023 
1270000 0.117255 0.057476 
1280000 0.116447 0.0570379 
1290000 0.115632 0.0566496 
1300000 0.114925 0.0562793 
1310000 0.114172 0.055824 
1320000 0.113446 0.0554257 
1330000 0.112721 0.0550422 
1340000 0.111997 0.0546462 
1350000 0.111345 0.0542587 
1360000 0.110715 0.0539162 
1370000 0.110103 0.0535529 
1380000 0.109356 0.0531998 
1390000 0.108775 0.0528421 
1400000 0.108113 0.0525017 
1410000 0.107416 0.0521569 
1420000 0.106781 0.0518508 
1430000 0.106165 0.0515288 
1440000 0.105549 0.0512516 
1450000 0.104945 0.0509153 
1460000 0.104351 0.0506384 
1470000 0.103839 0.0503413 
1480000 0.103313 0.0500678 
1490000 0.102738 0.0497788 
1500000 0.10211 0.0494798 
1510000 0.10158 0.0492069 
1520000 0.101045 0.0489287 
1530000 0.100582 0.048601 
1540000 0.100017 0.0482755 
1550000 0.0994562 0.0479674 
1560000 0.0989332 0.0477533 
1570000 0.0984309 0.0475221 
1580000 0.0979538 0.0472619 
1590000 0.0974132 0.0470391 
1600000 0.0969397 0.0467784 
1610000 0.0963925 0.04652 
1620000 0.0958309 0.046288 
1630000 0.0953118 0.0460161 
1640000 0.0947729 0.0457864 
1650000 0.0942001 0.0455345 
1660000 0.093718 0.0452845 
1670000 0.0931991 0.045027 
1680000 0.0927122 0.0447966 
1690000 0.0921835 0.0446035 
1700000 0.0917538 0.0443572 
1710000 0.091258 0.0441375 
1720000 0.0907542 0.0439062 
1730000 0.0902983 0.0436683 
1740000 0.0897918 0.0434425 
1750000 0.0893477 0.0432483 
1760000 0.0889191 0.0430279 
1770000 0.0884236 0.0428081 
1780000 0.0879785 0.0426099 
1790000 0.0875205 0.0423992 
1800000 0.0870754 0.0421813 
1810000 0.0866032 0.0419732 
1820000 0.0861809 0.0417627 
1830000 0.085878 0.0415718 
1840000 0.0854961 0.0413927 
1850000 0.0851935 0.0412206 
1860000 0.084799 0.0410122 
1870000 0.0844619 0.0408263 
1880000 0.0840753 0.0406464 
1890000 0.0837007 0.0404637 
1900000 0.0833163 0.0402721 
1910000 0.0829778 0.0400658 
1920000 0.0826579 0.039881 
1930000 0.0822798 0.0396964 
1940000 0.0818528 0.0395406 
1950000 0.0815143 0.0393408 
1960000 0.0811026 0.0391933 
1970000 0.0806962 0.0390218 
1980000 0.0803165 0.0388443 
1990000 0.0799735 0.038645 
2000000 0.0796413 0.0384727 
2010000 0.0793076 0.0383212 
2020000 0.0790255 0.0381594 
2030000 0.0787016 0.0380045 
2040000 0.0783736 0.0378861 
2050000 0.0779823 0.0377202 
2060000 0.0776947 0.0375542 
2070000 0.0773211 0.0373545 
2080000 0.0769517 0.0371759 
2090000 0.076687 0.036982 
2100000 0.0764322 0.0368299 
2110000 0.0760881 0.0366955 
2120000 0.0757606 0.0365643 
2130000 0.0754691 0.0363959 
2140000 0.0751458 0.036239 
2150000 0.0748893 0.0361241 
2160000 0.074608 0.0359715 
2170000 0.074352 0.0358215 
2180000 0.0740305 0.0357155 
2190000 0.0737462 0.0355763 
2200000 0.0735086 0.0354232 
2210000 0.073203 0.0352738 
2220000 0.0729204 0.0351422 
2230000 0.072571 0.035026 
2240000 0.0722941 0.0348696 
2250000 0.0720993 0.0347522 
2260000 0.0718475 0.0345884 
2270000 0.0716302 0.0344571 
2280000 0.0713416 0.0343071 
2290000 0.0711439 0.0341538 
2300000 0.0708503 0.0340297 
2310000 0.0706043 0.0338963 
2320000 0.0703016 0.0337824 
2330000 0.070082 0.0336587 
2340000 0.0698524 0.033534 
2350000 0.0696254 0.0334407 
2360000 0.0693693 0.0333166 
2370000 0.0690964 0.0332088 
2380000 0.0687861 0.0330857 
2390000 0.0685568 0.0329609 
2400000 0.0682723 0.0328504 
2410000 0.0680877 0.0327338 
2420000 0.0678903 0.0326264 
2430000 0.0676217 0.0325129 
2440000 0.067373 0.0323843 
2450000 0.0671268 0.0322601 
2460000 0.066897 0.0321414 
2470000 0.0667058 0.032013 
2480000 0.0664126 0.0318792 
2490000 0.0662221 0.0317636 
2500000 0.0659587 0.0316398 
2510000 0.0657548 0.031525 
2520000 0.0655783 0.0314118 
2530000 0.0653758 0.0312945 
2540000 0.065174 0.0312047 
2550000 0.0649805 0.0310833 
2560000 0.0647659 0.0309597 
2570000 0.0645286 0.0308584 
2580000 0.0642927 0.0307299 
2590000 0.0640972 0.030623 
2600000 0.0639724 0.0305302 
2610000 0.0637779 0.0304046 
2620000 0.0635568 0.0302904 
2630000 0.0633646 0.0301952 
2640000 0.0631296 0.030105 
2650000 0.0629352 0.0299893 
2660000 0.0627122 0.0298926 
2670000 0.0625337 0.0298093 
2680000 0.0623392 0.0297036 
2690000 0.0621309 0.0295918 
2700000 0.0619214 0.029509 
2710000 0.0617433 0.0294081 
2720000 0.0615401 0.0293146 
2730000 0.0613811 0.0291939 
2740000 0.0612323 0.0290956 
2750000 0.0610638 0.0290115 
2760000 0.0608975 0.0289113 
2770000 0.0606826 0.0288216 
2780000 0.0604857 0.0287534 
2790000 0.060286 0.0286629 
2800000 0.0601839 0.0285913 
2810000 0.0599861 0.0285027 
2820000 0.0598015 0.0284215 
2830000 0.0596617 0.0283555 
2840000 0.0595109 0.0282752 
2850000 0.0593834 0.0281711 
2860000 0.0592002 0.0280628 
2870000 0.0590241 0.0279956 
2880000 0.0588282 0.0279229 
2890000 0.0586575 0.0278214 
2900000 0.0584836 0.027756 
2910000 0.0583762 0.0276669 
2920000 0.0581876 0.0275852 
2930000 0.0580632 0.0275067 
2940000 0.0578948 0.0274202 
2950000 0.0577104 0.0273446 
2960000 0.0575803 0.0272509 
2970000 0.0573785 0.0271595 
2980000 0.0572191 0.0270571 
2990000 0.0570415 0.0269737 
3000000 0.0568519 0.0269128 
3010000 0.0567447 0.0268475 
3020000 0.056583 0.0267763 
3030000 0.0564393 0.0267114 
3040000 0.0562889 0.0266633 
3050000 0.0561223 0.026602 
3060000 0.0559346 0.0265112 
3070000 0.0557891 0.0264408 
3080000 0.0555962 0.0263722 
3090000 0.0554506 0.0262886 
3100000 0.0553041 0.0262179 
3110000 0.0551549 0.0261573 
3120000 0.0549926 0.0261019 
3130000 0.0548 0.0260246 
3140000 0.0546402 0.0259562 
3150000 0.0544866 0.0259003 
3160000 0.0542853 0.0258193 
3170000 0.0541226 0.0257544 
3180000 0.0539427 0.0256767 
3190000 0.0537919 0.0256272 
3200000 0.0536565 0.0255605 
3210000 0.0535273 0.0255138 
3220000 0.053356 0.025439 
3230000 0.0532251 0.0253568 
3240000 0.0531278 0.0252846 
3250000 0.0529784 0.0252202 
3260000 0.0528856 0.0251424 
3270000 0.0527497 0.0250635 
3280000 0.0526403 0.0250047 
3290000 0.0525617 0.0249626 
3300000 0.052406 0.0248831 
3310000 0.0522552 0.0248243 
3320000 0.0521588 0.0247584 
3330000 0.0520755 0.0246897 
3340000 0.051966 0.0246343 
3350000 0.0518621 0.024554 
3360000 0.0517432 0.0245008 
3370000 0.0515653 0.0244476 
3380000 0.051452 0.0244025 
3390000 0.0513214 0.0243387 
3400000 0.0511971 0.0242648 
3410000 0.0510871 0.0242046 
3420000 0.050986 0.0241439 
3430000 0.0509014 0.0240758 
3440000 0.0507667 0.0240284 
3450000 0.0506294 0.023952 
3460000 0.0505059 0.0239148 
3470000 0.0503967 0.0238656 
3480000 0.050275 0.0237849 
3490000 0.0501293 0.0237337 
3500000 0.0500105 0.0236812 
3510000 0.0498779 0.0236075 
3520000 0.0497746 0.0235455 
3530000 0.0496846 0.023514 
3540000 0.0495191 0.0234558 
3550000 0.0493617 0.0234174 
3560000 0.0492166 0.0233671 
3570000 0.0491114 0.0232944 
3580000 0.048973 0.0232347 
3590000 0.0488817 0.0231888 
3600000 0.0487518 0.0231558 
3610000 0.0486014 0.0230957 
3620000 0.0484866 0.0230358 
3630000 0.0483712 0.0229914 
3640000 0.0482622 0.0229471 
3650000 0.0481327 0.0228856 
3660000 0.0480422 0.0228273 
3670000 0.0479628 0.0227704 
3680000 0.0478941 0.0227254 
3690000 0.0478057 0.0226774 
3700000 0.0477163 0.0226317 
3710000 0.0475893 0.0225697 
3720000 0.0474578 0.0225059 
3730000 0.0473724 0.0224469 
3740000 0.0472618 0.0223939 
3750000 0.047162 0.0223422 
3760000 0.0470427 0.0222948 
3770000 0.0469557 0.0222539 
3780000 0.0468781 0.0222033 
3790000 0.0467236 0.0221719 
3800000 0.0465948 0.0221317 
3810000 0.0464862 0.0220813 
3820000 0.0464136 0.022022 
3830000 0.0463107 0.0219723 
3840000 0.0462217 0.0219223 
3850000 0.0461648 0.0218593 
3860000 0.046046 0.0218032 
3870000 0.0459512 0.0217644 
3880000 0.0458402 0.0217109 
3890000 0.0457429 0.0216322 
3900000 0.04565 0.0216039 
3910000 0.0455518 0.0215639 
3920000 0.0454419 0.0215154 
3930000 0.0453437 0.0214602 
3940000 0.0452407 0.0214183 
3950000 0.0451853 0.0213655 
3960000 0.0450436 0.0213177 
3970000 0.0449715 0.0212845 
3980000 0.0448651 0.0212454 
3990000 0.0447665 0.021197 
4000000 0.044681 0.0211432 
4010000 0.0446161 0.021107 
4020000 0.0445399 0.0210613 
4030000 0.0444398 0.0210314 
4040000 0.0443458 0.0209972 
4050000 0.0442668 0.020949 
4060000 0.0441905 0.020902 
4070000 0.044104 0.0208455 
4080000 0.0440132 0.0207893 
4090000 0.0439461 0.0207344 
4100000 0.0438736 0.0207159 
4110000 0.0438419 0.020683 
4120000 0.0437552 0.0206469 
4130000 0.0436658 0.0206143 
4140000 0.0435842 0.0205747 
4150000 0.0434853 0.0205535 
4160000 0.0433907 0.0205135 
4170000 0.0433213 0.0204757 
4180000 0.0432329 0.0204232 
4190000 0.0431495 0.0203875 
4200000 0.043049 0.0203433 
4210000 0.0429813 0.0202974 
4220000 0.0428728 0.0202476 
4230000 0.0427845 0.0202041 
4240000 0.0426905 0.0201706 
4250000 0.042613 0.0201321 
4260000 0.0424726 0.0200993 
4270000 0.0423772 0.0200623 
4280000 0.0422913 0.0200128 
4290000 0.0422302 0.019967 
4300000 0.0421029 0.0199253 
4310000 0.04204 0.0198831 
4320000 0.0419589 0.0198481 
4330000 0.0418587 0.0198049 
4340000 0.0418156 0.0197684 
4350000 0.0417313 0.0197412 
4360000 0.041664 0.0197066 
4370000 0.0415803 0.0196616 
4380000 0.041466 0.0196282 
4390000 0.0413704 0.0195775 
4400000 0.041265 0.0195341 
4410000 0.0411539 0.0195104 
4420000 0.0410692 0.0194634 
4430000 0.040997 0.0194264 
4440000 0.0409151 0.0193793 
4450000 0.0408399 0.0193311 
4460000 0.0407511 0.0192827 
4470000 0.040698 0.0192425 
4480000 0.0406535 0.0192105 
4490000 0.0405913 0.0191709 
4500000 0.0405257 0.0191491 
4510000 0.0404636 0.01911 
4520000 0.0403926 0.0190682 
4530000 0.0402965 0.0190349 
4540000 0.0402487 0.0189837 
4550000 0.0401898 0.0189428 
4560000 0.0401093 0.0188883 
4570000 0.0400364 0.0188567 
4580000 0.0399519 0.0188365 
4590000 0.0398819 0.0188047 
4600000 0.0397873 0.0187768 
4610000 0.0396835 0.018744 
4620000 0.0396289 0.018707 
4630000 0.0395754 0.0186761 
4640000 0.0395054 0.0186449 
4650000 0.0393974 0.0186033 
4660000 0.0393189 0.0185613 
4670000 0.0392402 0.0185217 
4680000 0.0391804 0.0184787 
4690000 0.0390921 0.0184465 
4700000 0.0389898 0.0184054 
4710000 0.0389132 0.0183735 
4720000 0.0388283 0.0183502 
4730000 0.0387251 0.0183029 
4740000 0.038693 0.0182737 
4750000 0.0386231 0.018234 
4760000 0.0385631 0.0181921 
4770000 0.0385002 0.0181684 
4780000 0.0384465 0.0181513 
4790000 0.0383918 0.0181152 
4800000 0.0383077 0.0180881 
4810000 0.0382473 0.0180515 
4820000 0.0381779 0.0180212 
4830000 0.038105 0.0179864 
4840000 0.0380048 0.017942 
4850000 0.0379583 0.0179107 
4860000 0.0379058 0.0178699 
4870000 0.0378227 0.0178417 
4880000 0.0377364 0.0178187 
4890000 0.0376988 0.0177836 
4900000 0.0376244 0.0177398 
4910000 0.037546 0.0177117 
4920000 0.0374699 0.0176793 
4930000 0.0374273 0.0176443 
4940000 0.037382 0.0176106 
4950000 0.0373194 0.0176024 
4960000 0.0372728 0.0175827 
4970000 0.0372183 0.0175472 
4980000 0.0371846 0.0175106 
4990000 0.0371271 0.0174839 
5000000 0.0370671 0.0174552 
5010000 0.0369828 0.0174188 
5020000 0.0369093 0.0173891 
5030000 0.0368478 0.0173591 
5040000 0.0367967 0.017323 
5050000 0.03674 0.017288 
5060000 0.0367076 0.0172568 
5070000 0.0366766 0.0172226 
5080000 0.0366413 0.0172076 
5090000 0.0365755 0.0171771 
5100000 0.0365251 0.0171484 
5110000 0.0364719 0.0171074 
5120000 0.0364411 0.0170676 
5130000 0.0363844 0.0170461 
5140000 0.0363466 0.0170122 
5150000 0.0362857 0.0169818 
5160000 0.0362226 0.0169477 
5170000 0.036156 0.0169188 
5180000 0.0361008 0.0168883 
5190000 0.0360717 0.0168852 
5200000 0.0359938 0.0168619 
5210000 0.0359363 0.0168464 
5220000 0.0358701 0.0168262 
5230000 0.0358082 0.0168069 
5240000 0.0357283 0.0167784 
5250000 0.0356346 0.0167459 
5260000 0.0355841 0.0167105 
5270000 0.035519 0.016696 
5280000 0.0354449 0.0166695 
5290000 0.0353953 0.0166447 
5300000 0.0353628 0.0166111 
5310000 0.0353473 0.0165836 
5320000 0.0352913 0.0165599 
5330000 0.035239 0.016533 
5340000 0.0352078 0.016512 
5350000 0.0351625 0.0164818 
5360000 0.0351033 0.0164561 
5370000 0.0350576 0.0164306 
5380000 0.0349711 0.0164089 
5390000 0.0349214 0.0163847 
5400000 0.0348613 0.0163623 
5410000 0.0348082 0.0163261 
5420000 0.034763 0.0163045 
5430000 0.0347152 0.0162802 
5440000 0.0346817 0.0162507 
5450000 0.0346374 0.0162226 
5460000 0.0345708 0.0161983 
5470000 0.034516 0.0161773 
5480000 0.0344597 0.016156 
5490000 0.0343847 0.0161258 
5500000 0.0343313 0.0161051 
5510000 0.034293 0.0160867 
5520000 0.0342454 0.0160513 
5530000 0.0341845 0.0160345 
5540000 0.0341245 0.0160036 
5550000 0.0340563 0.015965 
5560000 0.0340049 0.015933 
5570000 0.033965 0.0158956 
5580000 0.0338993 0.0158764 
5590000 0.0338242 0.015862 
5600000 0.0337838 0.0158453 
5610000 0.0337506 0.0158378 
5620000 0.0336931 0.0158117 
5630000 0.033651 0.015786 
5640000 0.0335942 0.0157701 
5650000 0.0335209 0.0157413 
5660000 0.0334928 0.0157062 
5670000 0.0334463 0.0156797 
5680000 0.033366 0.0156544 
5690000 0.0333113 0.0156337 
5700000 0.0332615 0.0156052 
5710000 0.0332354 0.015587 
5720000 0.03318 0.0155729 
5730000 0.0331138 0.0155486 
5740000 0.0330514 0.0155241 
5750000 0.0330085 0.0154982 
5760000 0.0329514 0.0154659 
5770000 0.0328666 0.0154416 
5780000 0.0328256 0.0154204 
5790000 0.0327464 0.0153971 
5800000 0.0327002 0.0153813 
5810000 0.032634 0.0153547 
5820000 0.0325634 0.0153282 
5830000 0.0325013 0.0153019 
5840000 0.0324421 0.0152787 
5850000 0.0323931 0.0152499 
5860000 0.0323382 0.0152327 
5870000 0.0322967 0.0152185 
5880000 0.0322632 0.0151952 
5890000 0.0322239 0.0151726 
5900000 0.0321896 0.0151493 
5910000 0.0321518 0.0151306 
5920000 0.0320845 0.0151178 
5930000 0.0320272 0.0150976 
5940000 0.0319791 0.0150707 
5950000 0.0319728 0.0150524 
5960000 0.0319356 0.0150239 
5970000 0.0318957 0.0149978 
5980000 0.0318584 0.0149721 
5990000 0.0317923 0.0149431 
6000000 0.0317452 0.0149138 
6010000 0.0316934 0.0148901 
6020000 0.0316444 0.0148636 
6030000 0.0315983 0.0148266 
6040000 0.0315657 0.0148139 
6050000 0.0315474 0.014794 
6060000 0.0315281 0.0147734 
6070000 0.0315087 0.0147544 
6080000 0.0314746 0.0147363 
6090000 0.0314495 0.0147104 
6100000 0.0314085 0.0146963 
6110000 0.0313895 0.0146744 
6120000 0.031343 0.0146595 
6130000 0.0312953 0.0146347 
6140000 0.031253 0.014618 
6150000 0.0312165 0.0145978 
6160000 0.0311652 0.0145675 
6170000 0.0311183 0.0145507 
6180000 0.0310851 0.0145201 
6190000 0.0310647 0.0144958 
6200000 0.0310218 0.0144721 
6210000 0.0309813 0.0144556 
6220000 0.0309348 0.014422 
6230000 0.0308737 0.0143993 
6240000 0.0308346 0.0143809 
6250000 0.0307963 0.0143649 
6260000 0.0307384 0.0143425 
6270000 0.0306914 0.0143287 
6280000 0.0306649 0.0143122 
6290000 0.0306396 0.0142866 
6300000 0.0305919 0.0142631 
6310000 0.0305436 0.0142375 
6320000 0.030505 0.0142082 
6330000 0.0304666 0.0141888 
6340000 0.0304331 0.0141689 
6350000 0.0303921 0.014162 
6360000 0.0303471 0.0141478 
6370000 0.0303279 0.0141225 
6380000 0.0302941 0.0141065 
6390000 0.0302677 0.0140842 
6400000 0.0302141 0.0140572 
6410000 0.0301545 0.0140318 
6420000 0.030125 0.0140011 
6430000 0.0301026 0.0139873 
6440000 0.0300589 0.013962 
6450000 0.030019 0.0139408 
6460000 0.0299694 0.0139278 
6470000 0.0299382 0.0139184 
6480000 0.029898 0.0138954 
6490000 0.0298389 0.0138906 
6500000 0.0298287 0.0138765 
6510000 0.0297833 0.013858 
6520000 0.029726 0.013843 
6530000 0.0296885 0.0138209 
6540000 0.0296471 0.0138146 
6550000 0.0295901 0.0138105 
6560000 0.0295405 0.013798 
6570000 0.0294793 0.0137895 
6580000 0.029449 0.0137714 
6590000 0.0294136 0.0137517 
6600000 0.0293807 0.0137457 
6610000 0.0293249 0.0137215 
6620000 0.0292883 0.013698 
6630000 0.0292466 0.0136805 
6640000 0.0292213 0.013668 
6650000 0.0291661 0.0136498 
6660000 0.0291081 0.0136291 
6670000 0.0290774 0.0136153 
6680000 0.0290167 0.0136041 
6690000 0.0289827 0.0135961 
6700000 0.0289628 0.0135869 
6710000 0.0289225 0.0135741 
6720000 0.0289049 0.0135529 
6730000 0.0288714 0.0135419 
6740000 0.0288531 0.0135251 
6750000 0.0288181 0.0135124 
6760000 0.0287898 0.0134973 
6770000 0.028764 0.0134778 
6780000 0.0287368 0.0134483 
6790000 0.0287118 0.0134365 
6800000 0.0286864 0.0134119 
6810000 0.0286467 0.0133978 
6820000 0.0286248 0.013391 
6830000 0.0285835 0.0133753 
6840000 0.0285461 0.013362 
6850000 0.028531 0.0133452 
6860000 0.0284976 0.0133264 
6870000 0.0284474 0.0133156 
6880000 0.0284204 0.0133005 
6890000 0.028378 0.0132744 
6900000 0.0283485 0.01326 
6910000 0.0283145 0.0132432 
6920000 0.0282843 0.0132332 
6930000 0.028265 0.0132157 
6940000 0.028231 0.0131966 
6950000 0.0281864 0.0131863 
6960000 0.0281593 0.0131707 
6970000 0.0281177 0.0131688 
6980000 0.0280896 0.0131488 
6990000 0.0280391 0.0131328 
7000000 0.0279951 0.0131262 
7010000 0.0279815 0.0131138 
7020000 0.0279548 0.0131053 
7030000 0.0279218 0.0130936 
7040000 0.0278774 0.0130744 
7050000 0.027849 0.0130598 
7060000 0.0278247 0.0130416 
7070000 0.0278197 0.0130227 
7080000 0.0277848 0.0130046 
7090000 0.0277583 0.0129876 
7100000 0.0277164 0.0129742 
7110000 0.027688 0.0129647 
7120000 0.0276537 0.012943 
7130000 0.0276002 0.0129209 
7140000 0.0275612 0.0129085 
7150000 0.0275352 0.0128928 
7160000 0.0274808 0.0128736 
7170000 0.0274373 0.0128579 
7180000 0.0273859 0.0128486 
7190000 0.0273497 0.0128312 
7200000 0.0273013 0.0128174 
7210000 0.0272677 0.0128062 
7220000 0.027234 0.0127857 
7230000 0.0272205 0.0127708 
7240000 0.0271993 0.0127559 
7250000 0.0271686 0.0127418 
7260000 0.0271116 0.0127306 
7270000 0.0270869 0.012718 
7280000 0.0270578 0.0127026 
7290000 0.0270194 0.0126873 
7300000 0.0270049 0.0126738 
7310000 0.0269665 0.0126637 
7320000 0.0269474 0.0126441 
7330000 0.0269385 0.0126306 
7340000 0.0269107 0.0126186 
7350000 0.0268706 0.0126035 
7360000 0.0268316 0.0125861 
7370000 0.026812 0.0125655 
7380000 0.0267759 0.0125424 
7390000 0.0267591 0.0125343 
7400000 0.0267297 0.0125276 
7410000 0.0267056 0.0125151 
7420000 0.0266815 0.0124914 
7430000 0.0266437 0.0124714 
7440000 0.026614 0.0124601 
7450000 0.0265851 0.0124379 
7460000 0.0265641 0.0124231 
7470000 0.0265504 0.012408 
7480000 0.0265304 0.0123909 
7490000 0.0265263 0.0123675 
7500000 0.0265041 0.0123494 
7510000 0.0264926 0.0123364 
7520000 0.0264555 0.0123266 
7530000 0.026421 0.0123184 
7540000 0.0263987 0.0123027 
7550000 0.0263668 0.0122898 
7560000 0.0263228 0.0122789 
7570000 0.0263055 0.0122578 
7580000 0.0262823 0.0122391 
7590000 0.0262565 0.0122228 
7600000 0.0262328 0.0122207 
7610000 0.0261992 0.0122124 
7620000 0.026158 0.0122061 
7630000 0.0261369 0.0121896 
7640000 0.0260982 0.0121655 
7650000 0.0260573 0.0121429 
7660000 0.0260275 0.0121255 
7670000 0.0259918 0.0121196 
7680000 0.0259519 0.0121042 
7690000 0.0259393 0.0120914 
7700000 0.0259074 0.0120698 
7710000 0.0258814 0.0120543 
7720000 0.0258526 0.0120474 
7730000 0.0258173 0.0120356 
7740000 0.0257874 0.0120265 
7750000 0.0257647 0.0120139 
7760000 0.0257356 0.0119981 
7770000 0.0257182 0.0119803 
7780000 0.0257099 0.0119707 
7790000 0.0256713 0.0119593 
7800000 0.0256509 0.0119445 
7810000 0.0256244 0.0119311 
7820000 0.0256088 0.0119187 
7830000 0.0255834 0.0119063 
7840000 0.0255503 0.0119049 
7850000 0.0255239 0.0118909 
7860000 0.0255006 0.0118863 
7870000 0.0254697 0.0118712 
7880000 0.0254447 0.0118623 
7890000 0.0254264 0.0118548 
7900000 0.0254057 0.0118421 
7910000 0.0253831 0.0118295 
7920000 0.0253584 0.0118162 
7930000 0.025325 0.0118072 
7940000 0.0253166 0.0117906 
7950000 0.0252997 0.0117735 
7960000 0.0252788 0.0117582 
7970000 0.0252488 0.0117464 
7980000 0.0252182 0.0117356 
7990000 0.0251946 0.0117271 
8000000 0.0251572 0.0117127 
8010000 0.0251198 0.0116986 
8020000 0.0250867 0.011682 
8030000 0.0250506 0.0116619 
8040000 0.025029 0.0116489 
8050000 0.0249999 0.0116335 
8060000 0.0249742 0.0116155 
8070000 0.0249243 0.0115965 
8080000 0.024899 0.0115862 
8090000 0.0248798 0.0115768 
8100000 0.0248481 0.0115635 
8110000 0.0248255 0.0115488 
8120000 0.0248152 0.0115389 
8130000 0.0247931 0.0115256 
8140000 0.0247823 0.0115073 
8150000 0.024762 0.0115029 
8160000 0.0247267 0.0114836 
8170000 0.0247087 0.0114728 
8180000 0.0246935 0.0114595 
8190000 0.0246742 0.0114471 
8200000 0.0246654 0.0114362 
8210000 0.0246414 0.011416 
8220000 0.0246365 0.0114058 
8230000 0.0246327 0.0113993 
8240000 0.0246061 0.0113971 
8250000 0.0245957 0.0113884 
8260000 0.0245836 0.0113753 
8270000 0.0245622 0.0113683 
8280000 0.0245432 0.0113594 
8290000 0.0245222 0.0113464 
8300000 0.0245112 0.0113368 
8310000 0.0244815 0.0113282 
8320000 0.0244578 0.0113295 
8330000 0.0244233 0.0113297 
8340000 0.0243885 0.0113237 
8350000 0.0243689 0.0113149 
8360000 0.0243316 0.0113061 
8370000 0.0242952 0.0112879 
8380000 0.0242893 0.011273 
8390000 0.024249 0.011261 
8400000 0.0242274 0.0112486 
8410000 0.0241919 0.0112417 
8420000 0.0241734 0.0112325 
8430000 0.0241406 0.0112217 
8440000 0.0241279 0.0112155 
8450000 0.0241137 0.0111998 
8460000 0.0240837 0.0111865 
8470000 0.0240394 0.0111706 
8480000 0.0240178 0.0111588 
8490000 0.0240106 0.0111463 
8500000 0.023995 0.0111389 
8510000 0.0239786 0.0111247 
8520000 0.0239681 0.0111091 
8530000 0.0239368 0.0110996 
8540000 0.0239159 0.0110897 
8550000 0.0238775 0.0110809 
8560000 0.0238515 0.0110711 
8570000 0.0238322 0.0110551 
8580000 0.0237952 0.0110481 
8590000 0.0237861 0.0110364 
8600000 0.0237669 0.0110219 
8610000 0.023734 0.0110041 
8620000 0.0237109 0.0109912 
8630000 0.0236878 0.01098 
8640000 0.0236834 0.0109718 
8650000 0.0236643 0.0109616 
8660000 0.0236375 0.0109485 
8670000 0.0236089 0.0109406 
8680000 0.0235889 0.0109315 
8690000 0.0235612 0.0109133 
8700000 0.0235518 0.0108999 
8710000 0.023522 0.0108842 
8720000 0.0235002 0.010869 
8730000 0.0234774 0.0108535 
8740000 0.0234489 0.0108389 
8750000 0.0234517 0.0108246 
8760000 0.023424 0.0108085 
8770000 0.0233942 0.0108002 
8780000 0.023376 0.0107874 
8790000 0.0233566 0.0107736 
8800000 0.0233411 0.0107521 
8810000 0.0233193 0.0107428 
8820000 0.023299 0.0107366 
8830000 0.0232812 0.0107246 
8840000 0.0232503 0.0107137 
8850000 0.0232185 0.0107029 
8860000 0.0232064 0.0106895 
8870000 0.0231965 0.0106858 
8880000 0.0231861 0.0106752 
8890000 0.0231638 0.0106741 
8900000 0.0231365 0.0106684 
8910000 0.023117 0.0106606 
8920000 0.0230928 0.0106502 
8930000 0.0230547 0.0106393 
8940000 0.0230364 0.0106395 
8950000 0.0230168 0.0106389 
8960000 0.0230056 0.0106286 
8970000 0.0229809 0.0106229 
8980000 0.0229519 0.0106184 
8990000 0.0229414 0.0106084 
9000000 0.0229061 0.010596 
9010000 0.0228771 0.0105835 
9020000 0.0228394 0.0105745 
9030000 0.0228143 0.0105645 
9040000 0.0227761 0.0105596 
9050000 0.0227574 0.0105525 
9060000 0.0227363 0.0105451 
9070000 0.0227208 0.0105409 
9080000 0.0227068 0.0105326 
9090000 0.0226811 0.0105235 
9100000 0.0226569 0.0105136 
9110000 0.0226445 0.010505 
9120000 0.0226221 0.010495 
9130000 0.0226014 0.0104881 
9140000 0.0225855 0.0104773 
9150000 0.0225706 0.0104738 
9160000 0.0225589 0.0104656 
9170000 0.0225532 0.0104573 
9180000 0.0225401 0.010444 
9190000 0.0225192 0.010434 
9200000 0.0225094 0.0104285 
9210000 0.0225077 0.0104201 
9220000 0.0224863 0.0104079 
9230000 0.0224594 0.010399 
9240000 0.0224338 0.0103896 
9250000 0.0224111 0.0103803 
9260000 0.0223973 0.0103776 
9270000 0.0223799 0.0103668 
9280000 0.0223615 0.0103544 
9290000 0.0223479 0.0103453 
9300000 0.0223209 0.0103274 
9310000 0.0223114 0.010317 
9320000 0.0222835 0.0103019 
9330000 0.0222498 0.0102897 
9340000 0.022242 0.0102797 
9350000 0.0222125 0.0102639 
9360000 0.0221896 0.0102572 
9370000 0.0221538 0.0102437 
9380000 0.0221486 0.0102326 
9390000 0.022126 0.0102195 
9400000 0.0220945 0.0102143 
9410000 0.0220733 0.0102119 
9420000 0.0220484 0.0102035 
9430000 0.0220286 0.0101961 
9440000 0.0220021 0.0101835 
9450000 0.0219834 0.0101779 
9460000 0.0219665 0.0101739 
9470000 0.0219642 0.0101715 
9480000 0.0219396 0.0101595 
9490000 0.0219322 0.0101501 
9500000 0.0219249 0.0101417 
9510000 0.0219028 0.0101306 
9520000 0.0218918 0.0101186 
9530000 0.0218801 0.0101 
9540000 0.0218812 0.0100888 
9550000 0.0218716 0.0100845 
9560000 0.0218537 0.0100773 
9570000 0.0218449 0.0100727 
9580000 0.0218416 0.0100638 
9590000 0.0218089 0.0100514 
9600000 0.0217836 0.0100479 
9610000 0.0217767 0.0100365 
9620000 0.0217621 0.0100288 
9630000 0.0217534 0.0100148 
9640000 0.0217298 0.0100088 
9650000 0.0217089 0.0100015 
9660000 0.0216773 0.00999186 
9670000 0.0216581 0.00998029 
9680000 0.0216386 0.00996705 
9690000 0.0216182 0.00995858 
9700000 0.0216022 0.00995162 
9710000 0.0215884 0.00994413 
9720000 0.0215667 0.00992738 
9730000 0.0215514 0.00992282 
9740000 0.0215331 0.00991655 
9750000 0.0215302 0.00990989 
9760000 0.021498 0.00990439 
9770000 0.0214888 0.00989373 
9780000 0.0214762 0.00989177 
9790000 0.02144 0.00988353 
9800000 0.0214175 0.00988194 
9810000 0.0214034 0.00987845 
9820000 0.021384 0.00986854 
9830000 0.0213589 0.00986414 
9840000 0.0213364 0.00985801 
9850000 0.0213207 0.00984414 
9860000 0.021295 0.00983716 
9870000 0.0212768 0.00983683 
9880000 0.0212599 0.00983005 
9890000 0.0212465 0.00982343 
9900000 0.021232 0.00981298 
9910000 0.0212175 0.00980217 
9920000 0.0212109 0.0097923 
9930000 0.0211893 0.00978644 
9940000 0.0211811 0.00977918 
9950000 0.0211711 0.00977603 
9960000 0.0211426 0.0097664 
9970000 0.0211329 0.0097532 
9980000 0.0211154 0.00974547 
9990000 0.0210926 0.009732 
10000000 0.0210744 0.0097192 
11000000 0.0195501 0.00894966 
12000000 0.0181593 0.00831364 
13000000 0.0170265 0.00780196 
14000000 0.0160515 0.00736261 
15000000 0.0152285 0.00691111 
16000000 0.014451 0.0065683 
17000000 0.0137653 0.00623674 
18000000 0.0131151 0.00598914 
19000000 0.0125662 0.00571998 
20000000 0.0120818 0.00550283 
21000000 0.0115503 0.00528115 
22000000 0.0111744 0.00507753 
23000000 0.0108343 0.00491659 
24000000 0.0104799 0.00474122 
25000000 0.0102205 0.00458178 
26000000 0.00992317 0.0044288 
27000000 0.00959565 0.00431544 
28000000 0.00930825 0.0041991 
29000000 0.00900417 0.00410982 
30000000 0.00884033 0.00397771 
31000000 0.00858659 0.00386918 
32000000 0.00838006 0.0037789 
33000000 0.00814872 0.00369643 
34000000 0.00802274 0.00360376 
35000000 0.00786214 0.00353057 
36000000 0.00769136 0.00343887 
37000000 0.00753715 0.00336684 
38000000 0.00741874 0.00329326 
39000000 0.00726424 0.00323188 
40000000 0.00710845 0.00316848 
41000000 0.00696572 0.00309117 
42000000 0.00686896 0.00305188 
43000000 0.00674415 0.00299581 
44000000 0.00664892 0.00293975 
45000000 0.00652516 0.00289418 
46000000 0.00641741 0.00284114 
47000000 0.00636319 0.00280202 
48000000 0.00621393 0.00275158 
49000000 0.00617432 0.00271827 
50000000 0.00604532 0.0026735 
51000000 0.00595739 0.00263521 
52000000 0.00588484 0.00259451 
53000000 0.00576358 0.00255109 
54000000 0.00568693 0.00251159 
55000000 0.00562339 0.00247432 
56000000 0.0055879 0.002443 
57000000 0.00549935 0.00242249 
58000000 0.00543456 0.00237173 
59000000 0.00533691 0.00234807 
60000000 0.00528938 0.00232263 
61000000 0.00521186 0.00229766 
62000000 0.00517051 0.0022755 
63000000 0.00510108 0.00224152 
64000000 0.00506582 0.00221095 
65000000 0.00503799 0.00220353 
66000000 0.00500338 0.00216052 
67000000 0.00493516 0.00214258 
68000000 0.00485608 0.00211849 
69000000 0.0048103 0.00210233 
70000000 0.00474391 0.00207938 
71000000 0.00470446 0.00205227 
72000000 0.00466007 0.00204661 
73000000 0.004591 0.00201658 
74000000 0.00455477 0.00199938 
75000000 0.00449832 0.00198479 
76000000 0.00448225 0.00195462 
77000000 0.00442667 0.00194245 
78000000 0.0043943 0.00192113 
79000000 0.00434468 0.00190011 
80000000 0.00432426 0.00188842 
81000000 0.00427035 0.00186829 
82000000 0.00422594 0.00185432 
83000000 0.00419499 0.00182893 
84000000 0.00417564 0.00180927 
85000000 0.00412481 0.00179528 
86000000 0.00409924 0.00178744 
87000000 0.00404168 0.00177874 
88000000 0.00402236 0.00174238 
89000000 0.00396642 0.00173517 
90000000 0.00394307 0.00171973 
91000000 0.0039499 0.00171191 
92000000 0.00389385 0.00170293 
93000000 0.00389986 0.00168634 
94000000 0.00385853 0.00167675 
95000000 0.0038459 0.00165144 
96000000 0.00379115 0.00163531 
97000000 0.00375694 0.00163418 
98000000 0.0037403 0.00161421 
99000000 0.00372194 0.00160558 
100000000 0.00368983 0.00158938 
101000000 0.00366779 0.00158625 
102000000 0.0036554 0.00157315 
103000000 0.00362152 0.00155982 
104000000 0.00358727 0.0015545 
105000000 0.00355241 0.0015479 
106000000 0.00353193 0.00153606 
107000000 0.00351488 0.001527 
108000000 0.00349012 0.0015083 
109000000 0.00344369 0.00150195 
110000000 0.00342791 0.00149973 
111000000 0.00343822 0.00148545 
112000000 0.00341043 0.00146866 
113000000 0.00337157 0.00145642 
114000000 0.00333575 0.00144515 
115000000 0.00333322 0.00144474 
116000000 0.00332832 0.00143177 
117000000 0.00329241 0.0014265 
118000000 0.00330363 0.00141179 
119000000 0.00328598 0.00140465 
120000000 0.00326365 0.00140074 
121000000 0.00323877 0.00139 
122000000 0.00320675 0.00138973 
123000000 0.00318249 0.00137973 
124000000 0.00315405 0.00136934 
125000000 0.00317703 0.00136115 
126000000 0.00315119 0.00134735 
127000000 0.00312051 0.00134776 
128000000 0.00310651 0.00133351 
129000000 0.00307443 0.00133243 
130000000 0.00307426 0.00131731 
131000000 0.00306012 0.00131115 
132000000 0.00304587 0.00130294 
133000000 0.00302491 0.00129817 
134000000 0.00301224 0.00129184 
135000000 0.00298359 0.00128458 
136000000 0.00296255 0.00128317 
137000000 0.00294506 0.00127717 
138000000 0.00294709 0.00126878 
139000000 0.00293476 0.00125677 
140000000 0.00290029 0.00125345 
141000000 0.00289463 0.00125353 
142000000 0.00288154 0.00124676 
143000000 0.00286002 0.00123598 
144000000 0.00284478 0.00120192 
145000000 0.00282667 0.00121922 
146000000 0.00283469 0.00121464 
147000000 0.00282749 0.00121008 
148000000 0.00279568 0.00120727 
149000000 0.00278964 0.00120781 
150000000 0.00278335 0.00119492 
151000000 0.00276446 0.0011872 
152000000 0.00275199 0.00118877 
153000000 0.00275261 0.00118092 
154000000 0.00273129 0.00117837 
155000000 0.00271844 0.00117256 
156000000 0.00269606 0.00116153 
157000000 0.0026932 0.00115228 
158000000 0.00269399 0.00115694 
159000000 0.0026813 0.00115032 
160000000 0.00266085 0.00114582 
161000000 0.00264715 0.00114146 
162000000 0.00264277 0.00112632 
163000000 0.00263573 0.00112186 
164000000 0.00262223 0.00112151 
165000000 0.00260974 0.00111701 
166000000 0.00259032 0.00110626 
167000000 0.00256152 0.00110751 
168000000 0.00255835 0.00110305 
169000000 0.00253707 0.00110019 
170000000 0.00256988 0.00109588 
171000000 0.00255474 0.00108804 
172000000 0.00253889 0.00108998 
173000000 0.00252187 0.00108589 
174000000 0.00249431 0.00108066 
175000000 0.00248934 0.00107788 
176000000 0.00248239 0.0010647 
177000000 0.00248336 0.00106107 
178000000 0.00245404 0.00105577 
179000000 0.00243445 0.00105094 
180000000 0.00242491 0.00105095 
181000000 0.0024369 0.00104298 
182000000 0.00243906 0.00103877 
183000000 0.00241849 0.00104386 
184000000 0.00242779 0.00103335 
185000000 0.002411 0.00103327 
186000000 0.00238855 0.00102773 
187000000 0.00237137 0.00102561 
188000000 0.00237156 0.00102357 
189000000 0.00236344 0.00101841 
190000000 0.00235831 0.00101716 
191000000 0.00235246 0.00101462 
192000000 0.00234067 0.00100712 
193000000 0.0023397 0.00100421 
194000000 0.00233325 0.000999303 
195000000 0.00231661 0.00099826 
196000000 0.00231314 0.000997878 
197000000 0.00230146 0.000988369 
198000000 0.00229781 0.000986451 
199000000 0.00227817 0.000982279 
200000000 0.0022688 0.000979106 
201000000 0.00226905 0.000973178 
202000000 0.00227708 0.000968979 
203000000 0.00227362 0.00096244 
204000000 0.00225799 0.000970213 
205000000 0.0022461 0.00096666 
206000000 0.00224124 0.000953722 
207000000 0.00221173 0.000961681 
208000000 0.00221304 0.000958837 
209000000 0.00221301 0.000957495 
210000000 0.0022035 0.000951806 
211000000 0.00219291 0.00094781 
212000000 0.00218324 0.00095236 
213000000 0.00218602 0.000951085 
214000000 0.00218692 0.000943244 
215000000 0.00218284 0.00093784 
216000000 0.00217583 0.000936156 
217000000 0.00216248 0.000936935 
218000000 0.00216446 0.000924205 
219000000 0.00214903 0.000921458 
220000000 0.00213289 0.000923911 
221000000 0.00212591 0.000916812 
222000000 0.00212847 0.000915038 
223000000 0.00213348 0.000913956 
224000000 0.00212451 0.000913401 
225000000 0.0021068 0.000911994 
226000000 0.00211698 0.000904474 
227000000 0.00210765 0.000901104 
228000000 0.00207821 0.000901211 
229000000 0.00208177 0.000896977 
230000000 0.0020739 0.000895728 
231000000 0.00207279 0.000890568 
232000000 0.00206442 0.000885891 
233000000 0.00206116 0.000880882 
234000000 0.002052 0.000881235 
235000000 0.00203735 0.000878055 
236000000 0.0020257 0.000879436 
237000000 0.00201973 0.000878235 
238000000 0.00201549 0.000873421 
239000000 0.0020065 0.000870469 
240000000 0.00201367 0.000874596 
241000000 0.00200589 0.000867492 
242000000 0.00200126 0.000857551 
243000000 0.00200002 0.000858669 
244000000 0.00200083 0.00086296 
245000000 0.00200005 0.000861758 
246000000 0.00198954 0.000857775 
247000000 0.00197309 0.000854001 
248000000 0.00197967 0.000852301 
249000000 0.00198786 0.000848725 
250000000 0.00196816 0.000841412 
251000000 0.00195695 0.000834957 
252000000 0.00195088 0.000841694 
253000000 0.00193268 0.000843743 
254000000 0.00193321 0.000838666 
255000000 0.00193456 0.000836517 
256000000 0.00191879 0.000833123 
257000000 0.00191526 0.000832962 
258000000 0.00191859 0.000830847 
259000000 0.00190407 0.000830001 
260000000 0.00190927 0.000826326 
261000000 0.00190112 0.000826634 
262000000 0.00189124 0.000826003 
263000000 0.00190193 0.000823842 
264000000 0.00190191 0.000818288 
265000000 0.00189909 0.000811033 
266000000 0.0018941 0.000812969 
267000000 0.00187772 0.000812811 
268000000 0.00186939 0.000808748 
269000000 0.00186051 0.000810638 
270000000 0.0018635 0.000808719 
271000000 0.001869 0.000802199 
272000000 0.00186632 0.000797488 
273000000 0.00184829 0.00079632 
274000000 0.00183806 0.000795094 
275000000 0.00183813 0.000792889 
276000000 0.00183496 0.000795693 
277000000 0.00182752 0.000793901 
278000000 0.00181778 0.000795901 
279000000 0.00180191 0.000793353 
280000000 0.00181538 0.000790636 
281000000 0.00181817 0.000780529 
282000000 0.00182005 0.000779314 
283000000 0.00179896 0.000779932 
284000000 0.00177984 0.000776873 
285000000 0.00178473 0.000772978 
286000000 0.00179532 0.000772508 
287000000 0.00178917 0.000771112 
288000000 0.00177549 0.000765616 
289000000 0.00177464 0.000768811 
290000000 0.00175873 0.000770039 
291000000 0.00175121 0.000768785 
292000000 0.00175685 0.00075973 
293000000 0.00175193 0.000765231 
294000000 0.00175981 0.000763417 
295000000 0.0017557 0.000758428 
296000000 0.00175851 0.000760779 
297000000 0.0017522 0.000751919 
298000000 0.0017488 0.000748381 
299000000 0.00173711 0.000748976 
300000000 0.00174462 0.000744911 
301000000 0.00173043 0.000747203 
302000000 0.00173166 0.000744639 
303000000 0.00172683 0.000745508 
304000000 0.00171247 0.000745281 
305000000 0.00170125 0.000741207 
306000000 0.00171186 0.000740528 
307000000 0.00170332 0.000736786 
308000000 0.00170048 0.000739136 
309000000 0.00169803 0.000738239 
310000000 0.0016857 0.00073211 
311000000 0.00167476 0.000731684 
312000000 0.00169068 0.000731138 
313000000 0.00168852 0.000729825 
314000000 0.00169347 0.000723426 
315000000 0.00169289 0.000720528 
316000000 0.00168316 0.000722712 
317000000 0.00167971 0.000721126 
318000000 0.00167774 0.000721207 
319000000 0.00167094 0.000723038 
320000000 0.00166881 0.000720928 
321000000 0.001657 0.00071866 
322000000 0.00165003 0.000709647 
323000000 0.00164981 0.000712611 
324000000 0.0016532 0.00071229 
325000000 0.00166182 0.000710804 
326000000 0.00165148 0.000709298 
327000000 0.00164974 0.000709553 
328000000 0.00163771 0.000707676 
329000000 0.0016415 0.00071053 
330000000 0.00163917 0.000709866 
331000000 0.00163994 0.000705919 
332000000 0.00162876 0.000700568 
333000000 0.00163038 0.000703441 
334000000 0.00162606 0.000704798 
335000000 0.00162787 0.000700732 
336000000 0.00161722 0.000692966 
337000000 0.00161467 0.000693168 
338000000 0.0016001 0.000692482 
339000000 0.00159489 0.000690149 
340000000 0.00159889 0.000685564 
341000000 0.001594 0.000687825 
342000000 0.00159919 0.000688227 
343000000 0.00158812 0.000687487 
344000000 0.0015773 0.000685129 
345000000 0.0015793 0.000686675 
346000000 0.00157766 0.000682628 
347000000 0.0015856 0.000683279 
348000000 0.00157647 0.000684383 
349000000 0.00156267 0.000680892 
350000000 0.0015764 0.000676285 
351000000 0.00156503 0.000679119 
352000000 0.00155699 0.000678604 
353000000 0.00155462 0.000679374 
354000000 0.0015549 0.000674071 
355000000 0.00155537 0.000673799 
356000000 0.00156134 0.000670155 
357000000 0.00156544 0.000674229 
358000000 0.00156109 0.000671641 
359000000 0.00154998 0.000670565 
360000000 0.00154369 0.000673856 
361000000 0.00153964 0.000665352 
362000000 0.00153576 0.000668711 
363000000 0.00153909 0.00066304 
364000000 0.00153498 0.000660782 
365000000 0.00153506 0.000663923 
