28
2 0.97039 0.02961 
2 0.99055 0.00945 
2 1.00000 0.00000 
2 0.99999 0.00001 
2 0.99915 0.00085 
2 0.56203 0.43797 
2 0.99993 0.00007 
2 0.43826 0.56174 
2 0.00179 0.99821 
2 0.00002 0.99998 
2 0.00003 0.99997 
2 0.00000 1.00000 
2 0.00003 0.99997 
2 0.00001 0.99999 
2 0.46260 0.53740 
2 0.01713 0.98287 
2 0.71549 0.28451 
2 1.00000 0.00000 
2 0.99877 0.00123 
2 0.76935 0.23065 
2 0.99984 0.00016 
2 0.19976 0.80024 
2 0.84432 0.15568 
2 0.00000 1.00000 
2 0.41710 0.58290 
2 0.00000 1.00000 
2 0.03074 0.96926 
2 0.00000 1.00000 
