80
79 : 2 0 2 24
34 : 2 0 1 31
3 : 2 1 0 7
17 : 2 1 0 2
62 : 2 1 1 20
29 : 2 1 0 8
56 : 2 1 1 17
25 : 2 1 0 4
45 : 2 0 1 28
70 : 2 0 2 29
35 : 2 0 1 11
22 : 2 2 0 10
20 : 2 2 0 30
27 : 2 1 0 28
78 : 2 0 2 20
54 : 2 1 1 29
26 : 2 2 0 12
19 : 2 1 0 14
41 : 2 0 1 14
18 : 2 2 0 6
16 : 2 2 0 17
23 : 2 1 0 26
2 : 2 2 0 3
71 : 2 0 2 9
74 : 2 0 2 30
0 : 2 2 0 0
32 : 2 0 1 1
73 : 2 0 2 6
6 : 2 2 0 23
7 : 2 1 0 11
10 : 2 2 0 5
14 : 2 2 0 9
8 : 2 2 0 27
21 : 2 1 0 22
1 : 2 1 0 1
9 : 2 1 0 19
31 : 2 1 0 16
4 : 2 2 0 15
28 : 2 2 0 20
24 : 2 2 0 18
67 : 2 0 2 23
30 : 2 2 0 24
46 : 2 0 1 8
11 : 2 1 0 13
12 : 2 2 0 29
15 : 2 1 0 25
59 : 2 1 1 10
36 : 2 0 1 19
37 : 2 0 1 13
38 : 2 0 1 21
75 : 2 0 2 10
40 : 2 0 1 2
42 : 2 0 1 22
43 : 2 0 1 26
39 : 2 0 1 25
44 : 2 0 1 4
47 : 2 0 1 16
48 : 2 1 1 0
5 : 2 1 0 31
13 : 2 1 0 21
77 : 2 0 2 12
49 : 2 1 1 3
65 : 2 0 2 3
50 : 2 1 1 15
63 : 2 1 1 24
51 : 2 1 1 23
55 : 2 1 1 9
60 : 2 1 1 18
66 : 2 0 2 15
52 : 2 1 1 27
53 : 2 1 1 5
57 : 2 1 1 6
58 : 2 1 1 30
61 : 2 1 1 12
33 : 2 0 1 7
64 : 2 0 2 0
68 : 2 0 2 27
69 : 2 0 2 5
72 : 2 0 2 17
76 : 2 0 2 18
