80
6 0.00000 1.00000 0.00000 0.00000 0.00000 0.00000 
6 0.89409 0.00000 0.10591 0.00000 0.00000 0.00000 
5 0.31154 0.52906 0.00222 0.15717 0.00000 
4 0.00000 0.00000 0.00000 1.00000 
3 0.00623 0.99377 0.00000 
2 0.00228 0.99772 
2 0.00000 1.00000 
3 0.00000 1.00000 0.00000 
2 0.00000 1.00000 
2 0.00000 1.00000 
4 0.00345 0.00000 0.00000 0.99655 
3 0.00610 0.23778 0.75612 
2 0.00000 1.00000 
2 0.00781 0.99219 
3 0.01104 0.98896 0.00000 
2 0.00000 1.00000 
2 0.00000 1.00000 
5 0.00865 0.36343 0.00000 0.62792 0.00000 
4 0.00000 0.00000 0.00000 1.00000 
3 0.00000 0.00000 1.00000 
2 0.00000 1.00000 
2 0.00000 1.00000 
3 0.00000 1.00000 0.00000 
2 0.00000 1.00000 
2 0.00000 1.00000 
4 0.00000 0.00000 0.00000 1.00000 
3 0.06669 0.93331 0.00000 
2 0.01596 0.98404 
2 0.00000 1.00000 
3 0.00000 1.00000 0.00000 
2 0.00000 1.00000 
2 0.00000 1.00000 
6 0.72295 0.27701 0.00002 0.00002 0.00000 0.00000 
4 0.00000 1.00000 0.00000 0.00000 
2 0.00318 0.99682 
3 0.00000 0.00000 1.00000 
2 0.00000 1.00000 
3 0.00000 0.00000 1.00000 
2 0.00000 1.00000 
2 0.00009 0.99991 
5 0.63621 0.01231 0.17575 0.00000 0.17573 
3 0.00000 0.00000 1.00000 
2 0.00000 1.00000 
2 0.00000 1.00000 
4 0.00000 1.00000 0.00000 0.00000 
2 0.03633 0.96367 
3 0.00000 0.00000 1.00000 
2 0.00000 1.00000 
6 0.00000 0.50024 0.04378 0.45597 0.00000 0.00000 
5 0.09485 0.90446 0.00070 0.00000 0.00000 
3 0.01570 0.00000 0.98430 
2 0.00000 1.00000 
2 0.00000 1.00000 
4 0.47592 0.00067 0.00000 0.52341 
2 0.00000 1.00000 
3 0.00434 0.00000 0.99566 
2 0.00000 1.00000 
4 0.47880 0.00000 0.00000 0.52120 
2 0.00000 1.00000 
3 0.00000 0.00000 1.00000 
2 0.00000 1.00000 
3 0.00000 0.00000 1.00000 
2 0.00000 1.00000 
2 0.00000 1.00000 
6 0.00001 0.99999 0.00000 0.00000 0.00000 0.00000 
5 0.11963 0.00494 0.43754 0.00036 0.43754 
3 0.00101 0.00101 0.99797 
2 0.50000 0.50000 
2 0.38747 0.61253 
4 0.00613 0.99296 0.00045 0.00045 
2 0.03853 0.96147 
3 0.00000 0.00000 1.00000 
2 0.50000 0.50000 
4 0.00000 1.00000 0.00000 0.00000 
2 0.31818 0.68182 
3 0.00000 0.00000 1.00000 
2 0.50000 0.50000 
3 0.00243 0.00000 0.99757 
2 0.00000 1.00000 
2 0.50000 0.50000 
