2304
2303 : 3 2 0 0 384
2301 : 3 2 0 0 192
2298 : 3 2 0 0 480
2296 : 3 2 0 0 272
2292 : 3 2 0 0 432
2289 : 3 2 0 0 48
2288 : 3 2 0 0 264
2281 : 3 2 0 0 40
2280 : 3 2 0 0 408
2279 : 3 2 0 0 344
2277 : 3 2 0 0 312
2275 : 3 2 0 0 504
2269 : 3 2 0 0 68
2262 : 3 2 0 0 212
2260 : 3 2 0 0 180
2256 : 3 2 0 0 396
2253 : 3 2 0 0 300
2252 : 3 2 0 0 172
2250 : 3 2 0 0 108
2248 : 3 2 0 0 156
2247 : 3 2 0 0 476
2246 : 3 2 0 0 92
2245 : 3 2 0 0 444
2239 : 3 2 0 0 130
2236 : 3 2 0 0 418
2235 : 3 2 0 0 354
2231 : 3 2 0 0 338
2226 : 3 2 0 0 114
2224 : 3 2 0 0 394
2223 : 3 2 0 0 330
2221 : 3 2 0 0 298
2219 : 3 2 0 0 490
2215 : 3 2 0 0 474
2214 : 3 2 0 0 90
2212 : 3 2 0 0 378
2211 : 3 2 0 0 250
2208 : 3 2 0 0 390
2207 : 3 2 0 0 326
2206 : 3 2 0 0 198
2203 : 3 2 0 0 486
2202 : 3 2 0 0 102
2199 : 3 2 0 0 470
2295 : 3 2 0 0 144
2198 : 3 2 0 0 86
2197 : 3 2 0 0 438
2196 : 3 2 0 0 374
2195 : 3 2 0 0 246
2193 : 3 2 0 0 270
2191 : 3 2 0 0 462
2188 : 3 2 0 0 366
2187 : 3 2 0 0 238
2186 : 3 2 0 0 46
2185 : 3 2 0 0 414
2184 : 3 2 0 0 350
2183 : 3 2 0 0 222
2182 : 3 2 0 0 318
2181 : 3 2 0 0 190
2179 : 3 2 0 0 126
2178 : 3 2 0 0 30
2176 : 3 2 0 0 257
2172 : 3 2 0 0 417
2302 : 3 2 0 0 320
2171 : 3 2 0 0 353
2167 : 3 2 0 0 337
2166 : 3 2 0 0 209
2162 : 3 2 0 0 113
2161 : 3 2 0 0 17
2160 : 3 2 0 0 393
2159 : 3 2 0 0 329
2158 : 3 2 0 0 201
2157 : 3 2 0 0 297
2156 : 3 2 0 0 169
2155 : 3 2 0 0 489
2153 : 3 2 0 0 281
2152 : 3 2 0 0 153
2150 : 3 2 0 0 89
2149 : 3 2 0 0 441
2144 : 3 2 0 0 389
2141 : 3 2 0 0 293
2140 : 3 2 0 0 165
2139 : 3 2 0 0 485
2138 : 3 2 0 0 101
2137 : 3 2 0 0 277
2136 : 3 2 0 0 149
2134 : 3 2 0 0 85
2132 : 3 2 0 0 373
2131 : 3 2 0 0 245
2130 : 3 2 0 0 53
2129 : 3 2 0 0 269
2128 : 3 2 0 0 141
2127 : 3 2 0 0 461
2227 : 3 2 0 0 498
2125 : 3 2 0 0 429
2122 : 3 2 0 0 45
2120 : 3 2 0 0 349
2117 : 3 2 0 0 189
2116 : 3 2 0 0 509
2115 : 3 2 0 0 125
2112 : 3 2 0 0 387
2109 : 3 2 0 0 291
2108 : 3 2 0 0 163
2105 : 3 2 0 0 275
2100 : 3 2 0 0 371
2099 : 3 2 0 0 243
2098 : 3 2 0 0 51
2096 : 3 2 0 0 139
2093 : 3 2 0 0 427
2091 : 3 2 0 0 235
2086 : 3 2 0 0 315
2085 : 3 2 0 0 187
2084 : 3 2 0 0 507
2082 : 3 2 0 0 27
2081 : 3 2 0 0 263
2078 : 3 2 0 0 71
2074 : 3 2 0 0 39
2073 : 3 2 0 0 407
2071 : 3 2 0 0 215
2070 : 3 2 0 0 311
2067 : 3 2 0 0 119
2064 : 3 2 0 0 335
2063 : 3 2 0 0 207
2062 : 3 2 0 0 303
2061 : 3 2 0 0 175
2060 : 3 2 0 0 495
2058 : 3 2 0 0 287
2057 : 3 2 0 0 159
2113 : 3 2 0 0 5
2056 : 3 2 0 0 479
2055 : 3 2 0 0 95
2054 : 3 2 0 0 447
2052 : 3 2 0 0 255
2051 : 3 2 0 0 63
2083 : 3 2 0 0 123
2050 : 3 2 0 0 15
2049 : 3 2 0 0 3
2048 : 3 2 0 0 0
2047 : 3 1 1 0 384
2066 : 3 2 0 0 23
2045 : 3 1 1 0 192
2043 : 3 1 1 0 160
2042 : 3 1 1 0 480
2040 : 3 1 1 0 272
2036 : 3 1 1 0 432
2035 : 3 1 1 0 368
2034 : 3 1 1 0 240
2033 : 3 1 1 0 48
2028 : 3 1 1 0 424
2023 : 3 1 1 0 344
2018 : 3 1 1 0 120
2017 : 3 1 1 0 24
2016 : 3 1 1 0 260
2015 : 3 1 1 0 132
2014 : 3 1 1 0 452
2013 : 3 1 1 0 68
2011 : 3 1 1 0 356
2010 : 3 1 1 0 228
2272 : 3 2 0 0 260
2264 : 3 2 0 0 404
2008 : 3 1 1 0 404
2006 : 3 1 1 0 212
2005 : 3 1 1 0 308
2004 : 3 1 1 0 180
2002 : 3 1 1 0 116
2000 : 3 1 1 0 396
1997 : 3 1 1 0 300
1996 : 3 1 1 0 172
1994 : 3 1 1 0 108
1993 : 3 1 1 0 284
1991 : 3 1 1 0 476
1988 : 3 1 1 0 380
1985 : 3 1 1 0 12
1980 : 3 1 1 0 418
1979 : 3 1 1 0 354
1978 : 3 1 1 0 226
1976 : 3 1 1 0 402
1970 : 3 1 1 0 114
1968 : 3 1 1 0 394
1967 : 3 1 1 0 330
1966 : 3 1 1 0 202
1961 : 3 1 1 0 282
1960 : 3 1 1 0 154
1959 : 3 1 1 0 474
1955 : 3 1 1 0 250
1953 : 3 1 1 0 10
2192 : 3 2 0 0 142
1951 : 3 1 1 0 326
1949 : 3 1 1 0 294
1948 : 3 1 1 0 166
2072 : 3 2 0 0 343
1946 : 3 1 1 0 102
2106 : 3 2 0 0 99
1942 : 3 1 1 0 86
1939 : 3 1 1 0 246
1936 : 3 1 1 0 142
1935 : 3 1 1 0 462
1933 : 3 1 1 0 430
1932 : 3 1 1 0 366
1931 : 3 1 1 0 238
1930 : 3 1 1 0 46
1929 : 3 1 1 0 414
1928 : 3 1 1 0 350
1927 : 3 1 1 0 222
1924 : 3 1 1 0 510
1923 : 3 1 1 0 126
1920 : 3 1 1 0 257
2209 : 3 2 0 0 10
1919 : 3 1 1 0 129
1917 : 3 1 1 0 65
1914 : 3 1 1 0 225
1912 : 3 1 1 0 401
1911 : 3 1 1 0 337
1910 : 3 1 1 0 209
1908 : 3 1 1 0 177
1907 : 3 1 1 0 497
1905 : 3 1 1 0 17
2274 : 3 2 0 0 120
1904 : 3 1 1 0 393
1903 : 3 1 1 0 329
1902 : 3 1 1 0 201
1901 : 3 1 1 0 297
2241 : 3 2 0 0 12
1995 : 3 1 1 0 492
1900 : 3 1 1 0 169
1898 : 3 1 1 0 105
1896 : 3 1 1 0 153
1895 : 3 1 1 0 473
1894 : 3 1 1 0 89
1893 : 3 1 1 0 441
1890 : 3 1 1 0 57
1889 : 3 1 1 0 9
1888 : 3 1 1 0 389
2044 : 3 1 1 0 288
1887 : 3 1 1 0 325
1886 : 3 1 1 0 197
1885 : 3 1 1 0 293
1883 : 3 1 1 0 485
1880 : 3 1 1 0 149
1876 : 3 1 1 0 373
1875 : 3 1 1 0 245
1871 : 3 1 1 0 461
2094 : 3 2 0 0 75
1870 : 3 1 1 0 77
1869 : 3 1 1 0 429
1868 : 3 1 1 0 365
1866 : 3 1 1 0 45
1864 : 3 1 1 0 349
1861 : 3 1 1 0 189
1859 : 3 1 1 0 125
1857 : 3 1 1 0 5
1856 : 3 1 1 0 387
2294 : 3 2 0 0 464
1855 : 3 1 1 0 323
1852 : 3 1 1 0 163
1850 : 3 1 1 0 99
1849 : 3 1 1 0 275
1847 : 3 1 1 0 467
1844 : 3 1 1 0 371
1843 : 3 1 1 0 243
1842 : 3 1 1 0 51
1841 : 3 1 1 0 267
1982 : 3 1 1 0 450
1840 : 3 1 1 0 139
1838 : 3 1 1 0 75
1836 : 3 1 1 0 363
1835 : 3 1 1 0 235
1834 : 3 1 1 0 43
1831 : 3 1 1 0 219
1827 : 3 1 1 0 123
1826 : 3 1 1 0 27
1824 : 3 1 1 0 135
1823 : 3 1 1 0 455
1820 : 3 1 1 0 359
1818 : 3 1 1 0 39
1816 : 3 1 1 0 343
1813 : 3 1 1 0 183
1812 : 3 1 1 0 503
1811 : 3 1 1 0 119
1810 : 3 1 1 0 23
1808 : 3 1 1 0 335
1807 : 3 1 1 0 207
1806 : 3 1 1 0 303
1804 : 3 1 1 0 495
1814 : 3 1 1 0 311
1803 : 3 1 1 0 111
1801 : 3 1 1 0 159
1799 : 3 1 1 0 95
1797 : 3 1 1 0 383
2300 : 3 2 0 0 288
1796 : 3 1 1 0 255
2133 : 3 2 0 0 437
1793 : 3 1 1 0 3
1792 : 3 1 1 0 0
2007 : 3 1 1 0 340
1791 : 3 1 0 1 384
1790 : 3 1 0 1 320
1789 : 3 1 0 1 192
1787 : 3 1 0 1 160
1786 : 3 1 0 1 480
1785 : 3 1 0 1 96
1784 : 3 1 0 1 272
1783 : 3 1 0 1 144
1782 : 3 1 0 1 464
1781 : 3 1 0 1 80
1780 : 3 1 0 1 432
1778 : 3 1 0 1 240
1776 : 3 1 0 1 264
1773 : 3 1 0 1 72
1772 : 3 1 0 1 424
1771 : 3 1 0 1 360
1899 : 3 1 1 0 489
1769 : 3 1 0 1 40
1767 : 3 1 0 1 344
1766 : 3 1 0 1 216
1764 : 3 1 0 1 184
1763 : 3 1 0 1 504
1761 : 3 1 0 1 24
1760 : 3 1 0 1 260
1759 : 3 1 0 1 132
1758 : 3 1 0 1 452
1755 : 3 1 0 1 356
1754 : 3 1 0 1 228
1753 : 3 1 0 1 36
1752 : 3 1 0 1 404
1751 : 3 1 0 1 340
1749 : 3 1 0 1 308
1747 : 3 1 0 1 500
1742 : 3 1 0 1 204
1739 : 3 1 0 1 492
1737 : 3 1 0 1 284
1736 : 3 1 0 1 156
2111 : 3 2 0 0 323
1892 : 3 1 1 0 377
1735 : 3 1 0 1 476
2259 : 3 2 0 0 500
1734 : 3 1 0 1 92
1733 : 3 1 0 1 444
2101 : 3 2 0 0 435
1732 : 3 1 0 1 380
1731 : 3 1 0 1 252
1727 : 3 1 0 1 130
1726 : 3 1 0 1 450
1725 : 3 1 0 1 66
1724 : 3 1 0 1 418
1723 : 3 1 0 1 354
1722 : 3 1 0 1 226
1718 : 3 1 0 1 210
1716 : 3 1 0 1 178
1714 : 3 1 0 1 114
1713 : 3 1 0 1 18
1712 : 3 1 0 1 394
1906 : 3 1 1 0 113
1711 : 3 1 0 1 330
1709 : 3 1 0 1 298
1708 : 3 1 0 1 170
1704 : 3 1 0 1 154
1702 : 3 1 0 1 90
1700 : 3 1 0 1 378
1699 : 3 1 0 1 250
1963 : 3 1 1 0 490
1839 : 3 1 1 0 459
1697 : 3 1 0 1 10
1696 : 3 1 0 1 390
1695 : 3 1 0 1 326
1688 : 3 1 0 1 150
1685 : 3 1 0 1 438
2201 : 3 2 0 0 278
1683 : 3 1 0 1 246
1682 : 3 1 0 1 54
1681 : 3 1 0 1 270
1679 : 3 1 0 1 462
1684 : 3 1 0 1 374
1678 : 3 1 0 1 78
1677 : 3 1 0 1 430
1676 : 3 1 0 1 366
1675 : 3 1 0 1 238
1673 : 3 1 0 1 414
1670 : 3 1 0 1 318
1669 : 3 1 0 1 190
1668 : 3 1 0 1 510
1667 : 3 1 0 1 126
1666 : 3 1 0 1 30
1916 : 3 1 1 0 417
1729 : 3 1 0 1 12
1706 : 3 1 0 1 106
1665 : 3 1 0 1 6
1664 : 3 1 0 1 257
1663 : 3 1 0 1 129
1660 : 3 1 0 1 417
1659 : 3 1 0 1 353
1658 : 3 1 0 1 225
1657 : 3 1 0 1 33
1655 : 3 1 0 1 337
1654 : 3 1 0 1 209
1653 : 3 1 0 1 305
1652 : 3 1 0 1 177
2168 : 3 2 0 0 401
1651 : 3 1 0 1 497
1649 : 3 1 0 1 17
1648 : 3 1 0 1 393
1646 : 3 1 0 1 201
1645 : 3 1 0 1 297
1644 : 3 1 0 1 169
1802 : 3 1 1 0 287
1642 : 3 1 0 1 105
1640 : 3 1 0 1 153
2076 : 3 2 0 0 359
1639 : 3 1 0 1 473
1638 : 3 1 0 1 89
1634 : 3 1 0 1 57
1633 : 3 1 0 1 9
1632 : 3 1 0 1 389
1630 : 3 1 0 1 197
2123 : 3 2 0 0 237
1628 : 3 1 0 1 165
1627 : 3 1 0 1 485
1626 : 3 1 0 1 101
1625 : 3 1 0 1 277
1623 : 3 1 0 1 469
1622 : 3 1 0 1 85
1937 : 3 1 1 0 270
1621 : 3 1 0 1 437
1619 : 3 1 0 1 245
1618 : 3 1 0 1 53
1617 : 3 1 0 1 269
1616 : 3 1 0 1 141
1615 : 3 1 0 1 461
1612 : 3 1 0 1 365
1611 : 3 1 0 1 237
1608 : 3 1 0 1 349
1607 : 3 1 0 1 221
1606 : 3 1 0 1 317
1605 : 3 1 0 1 189
1603 : 3 1 0 1 125
1602 : 3 1 0 1 29
1601 : 3 1 0 1 5
1600 : 3 1 0 1 387
1596 : 3 1 0 1 163
1593 : 3 1 0 1 275
1592 : 3 1 0 1 147
1591 : 3 1 0 1 467
1590 : 3 1 0 1 83
1587 : 3 1 0 1 243
1586 : 3 1 0 1 51
1585 : 3 1 0 1 267
1582 : 3 1 0 1 75
1974 : 3 1 1 0 210
1577 : 3 1 0 1 411
1574 : 3 1 0 1 315
1572 : 3 1 0 1 507
1571 : 3 1 0 1 123
1570 : 3 1 0 1 27
1698 : 3 1 0 1 58
1569 : 3 1 0 1 263
1568 : 3 1 0 1 135
1567 : 3 1 0 1 455
1565 : 3 1 0 1 423
1564 : 3 1 0 1 359
1563 : 3 1 0 1 231
1559 : 3 1 0 1 215
1556 : 3 1 0 1 503
1555 : 3 1 0 1 119
2173 : 3 2 0 0 65
1554 : 3 1 0 1 23
1553 : 3 1 0 1 399
1550 : 3 1 0 1 303
1547 : 3 1 0 1 111
1545 : 3 1 0 1 159
1544 : 3 1 0 1 479
1543 : 3 1 0 1 95
1542 : 3 1 0 1 447
1537 : 3 1 0 1 3
1536 : 3 1 0 1 0
2293 : 3 2 0 0 80
1703 : 3 1 0 1 474
1535 : 3 0 2 0 384
1534 : 3 0 2 0 320
2114 : 3 2 0 0 29
1532 : 3 0 2 0 288
1531 : 3 0 2 0 160
1529 : 3 0 2 0 96
2290 : 3 2 0 0 240
1526 : 3 0 2 0 464
2022 : 3 1 1 0 216
1637 : 3 1 0 1 441
1525 : 3 0 2 0 80
1523 : 3 0 2 0 368
1522 : 3 0 2 0 240
2270 : 3 2 0 0 452
1962 : 3 1 1 0 106
1521 : 3 0 2 0 48
1520 : 3 0 2 0 264
1518 : 3 0 2 0 456
1517 : 3 0 2 0 72
1515 : 3 0 2 0 360
1513 : 3 0 2 0 40
1510 : 3 0 2 0 216
1509 : 3 0 2 0 312
1828 : 3 1 1 0 507
1507 : 3 0 2 0 504
1506 : 3 0 2 0 120
1505 : 3 0 2 0 24
1504 : 3 0 2 0 260
1503 : 3 0 2 0 132
1502 : 3 0 2 0 452
1501 : 3 0 2 0 68
1500 : 3 0 2 0 420
1499 : 3 0 2 0 356
1952 : 3 1 1 0 390
1498 : 3 0 2 0 228
1495 : 3 0 2 0 340
1494 : 3 0 2 0 212
2021 : 3 1 1 0 312
707 : 3 0 1 0 508
1805 : 3 1 1 0 175
69 : 3 0 0 1 59
208 : 3 0 0 2 153
1884 : 3 1 1 0 165
700 : 3 0 1 0 290
822 : 3 1 0 0 211
699 : 3 0 1 0 162
697 : 3 0 1 0 98
912 : 3 1 0 0 398
694 : 3 0 1 0 466
89 : 3 0 0 1 171
712 : 3 0 1 0 412
792 : 3 1 0 0 151
1282 : 3 0 2 0 15
680 : 3 0 1 0 410
25 : 3 0 0 1 367
1035 : 3 0 1 1 111
673 : 3 0 1 0 26
672 : 3 0 1 0 262
668 : 3 0 1 0 422
1620 : 3 1 0 1 373
663 : 3 0 1 0 342
705 : 3 0 1 0 28
373 : 3 0 0 1 482
149 : 3 0 0 1 109
1225 : 3 0 1 1 284
662 : 3 0 1 0 214
661 : 3 0 1 0 310
1674 : 3 1 0 1 46
658 : 3 0 1 0 118
1203 : 3 0 1 1 498
1382 : 3 0 2 0 89
657 : 3 0 1 0 22
1798 : 3 1 1 0 447
1425 : 3 0 2 0 270
1579 : 3 1 0 1 235
698 : 3 0 1 0 482
653 : 3 0 1 0 302
85 : 3 0 0 1 107
648 : 3 0 1 0 158
392 : 3 0 0 2 380
647 : 3 0 1 0 478
2180 : 3 2 0 0 510
645 : 3 0 1 0 446
1762 : 3 1 0 1 120
84 : 3 0 0 2 43
1882 : 3 1 1 0 101
638 : 3 0 1 0 321
1118 : 3 0 1 1 197
634 : 3 0 1 0 481
1588 : 3 1 0 1 371
861 : 3 1 0 0 69
630 : 3 0 1 0 465
627 : 3 0 1 0 369
626 : 3 0 1 0 241
204 : 3 0 0 2 89
2299 : 3 2 0 0 160
665 : 3 0 1 0 38
837 : 3 1 0 0 445
1482 : 3 0 2 0 108
513 : 3 0 1 0 7
890 : 3 1 0 0 481
610 : 3 0 1 0 121
1013 : 3 1 0 0 208
606 : 3 0 1 0 453
684 : 3 0 1 0 426
599 : 3 0 1 0 341
87 : 3 0 0 1 491
1662 : 3 1 0 1 449
592 : 3 0 1 0 397
590 : 3 0 1 0 205
1093 : 3 0 1 1 189
1111 : 3 0 1 1 469
1604 : 3 1 0 1 509
588 : 3 0 1 0 173
585 : 3 0 1 0 285
584 : 3 0 1 0 157
761 : 3 0 1 0 224
582 : 3 0 1 0 93
755 : 3 0 1 0 176
205 : 3 0 0 1 217
493 : 3 0 0 1 336
633 : 3 0 1 0 97
576 : 3 0 1 0 259
1573 : 3 1 0 1 187
237 : 3 0 0 1 465
2222 : 3 2 0 0 202
292 : 3 0 0 2 54
71 : 3 0 0 1 251
2213 : 3 2 0 0 442
570 : 3 0 1 0 227
1003 : 3 1 0 0 168
528 : 3 0 1 0 143
1837 : 3 1 1 0 427
639 : 3 0 1 0 385
566 : 3 0 1 0 211
2119 : 3 2 0 0 221
53 : 3 0 0 1 103
2103 : 3 2 0 0 467
524 : 3 0 1 0 367
565 : 3 0 1 0 307
623 : 3 0 1 0 137
564 : 3 0 1 0 179
561 : 3 0 1 0 19
560 : 3 0 1 0 395
1163 : 3 0 1 1 238
1956 : 3 1 1 0 378
559 : 3 0 1 0 331
1249 : 3 0 1 1 24
2174 : 3 2 0 0 449
556 : 3 0 1 0 171
1740 : 3 1 0 1 172
554 : 3 0 1 0 107
552 : 3 0 1 0 155
548 : 3 0 1 0 379
926 : 3 1 0 0 454
1283 : 3 0 2 0 63
2080 : 3 2 0 0 135
544 : 3 0 1 0 391
540 : 3 0 1 0 167
591 : 3 0 1 0 333
1004 : 3 1 0 0 296
1306 : 3 0 2 0 39
2088 : 3 2 0 0 347
538 : 3 0 1 0 103
144 : 3 0 0 2 349
1162 : 3 0 1 1 46
535 : 3 0 1 0 471
2287 : 3 2 0 0 136
579 : 3 0 1 0 253
643 : 3 0 1 0 254
527 : 3 0 1 0 463
1256 : 3 0 1 1 408
522 : 3 0 1 0 47
1692 : 3 1 0 1 166
420 : 3 0 0 2 116
519 : 3 0 1 0 223
1272 : 3 0 1 1 272
103 : 3 0 0 1 499
517 : 3 0 1 0 191
1809 : 3 1 1 0 399
511 : 3 0 0 1 256
695 : 3 0 1 0 146
510 : 3 0 0 2 384
637 : 3 0 1 0 193
1238 : 3 0 1 1 212
506 : 3 0 0 2 192
587 : 3 0 1 0 493
619 : 3 0 1 0 361
122 : 3 0 0 2 291
742 : 3 0 1 0 472
1297 : 3 0 2 0 399
505 : 3 0 0 1 64
1539 : 3 1 0 1 63
242 : 3 0 0 2 33
935 : 3 1 0 0 346
958 : 3 1 0 0 322
1986 : 3 1 1 0 60
1332 : 3 0 2 0 371
503 : 3 0 0 1 416
923 : 3 1 0 0 358
1647 : 3 1 0 1 329
499 : 3 0 0 1 224
104 : 3 0 0 2 371
918 : 3 1 0 0 214
1034 : 3 0 1 1 287
1833 : 3 1 1 0 411
495 : 3 0 0 1 400
351 : 3 0 0 1 138
2104 : 3 2 0 0 147
1707 : 3 1 0 1 490
494 : 3 0 0 2 144
492 : 3 0 0 2 464
2163 : 3 2 0 0 497
491 : 3 0 0 1 208
402 : 3 0 0 2 284
396 : 3 0 0 2 92
490 : 3 0 0 2 80
486 : 3 0 0 2 368
485 : 3 0 0 1 496
480 : 3 0 0 2 264
794 : 3 1 0 0 103
1176 : 3 0 1 1 150
620 : 3 0 1 0 425
957 : 3 1 0 0 194
479 : 3 0 0 1 392
375 : 3 0 0 1 162
1965 : 3 1 1 0 298
246 : 3 0 0 2 353
43 : 3 0 0 1 439
2135 : 3 2 0 0 469
7 : 3 0 0 1 127
475 : 3 0 0 1 200
1353 : 3 0 2 0 413
473 : 3 0 0 1 296
1295 : 3 0 2 0 207
1983 : 3 1 1 0 130
470 : 3 0 0 2 360
465 : 3 0 0 1 280
461 : 3 0 0 1 472
1610 : 3 1 0 1 45
1508 : 3 0 2 0 184
399 : 3 0 0 1 348
870 : 3 1 0 0 217
460 : 3 0 0 2 216
604 : 3 0 1 0 421
472 : 3 0 0 2 424
459 : 3 0 0 1 88
955 : 3 1 0 0 162
1099 : 3 0 1 1 237
2216 : 3 2 0 0 154
458 : 3 0 0 2 312
557 : 3 0 1 0 299
1325 : 3 0 2 0 427
452 : 3 0 0 2 120
385 : 3 0 0 1 4
449 : 3 0 0 1 8
2059 : 3 2 0 0 111
443 : 3 0 0 1 196
401 : 3 0 0 1 412
1576 : 3 1 0 1 347
441 : 3 0 0 1 292
2205 : 3 2 0 0 294
607 : 3 0 1 0 133
834 : 3 1 0 0 61
440 : 3 0 0 2 420
2148 : 3 2 0 0 377
438 : 3 0 0 2 356
244 : 3 0 0 2 225
436 : 3 0 0 2 228
974 : 3 1 0 0 460
1257 : 3 0 1 1 40
1383 : 3 0 2 0 473
1549 : 3 1 0 1 175
433 : 3 0 0 1 276
831 : 3 1 0 0 131
970 : 3 1 0 0 236
1830 : 3 1 1 0 315
1204 : 3 0 1 1 178
432 : 3 0 0 2 404
445 : 3 0 0 1 324
431 : 3 0 0 1 148
428 : 3 0 0 2 212
2267 : 3 2 0 0 356
17 : 3 0 0 1 351
469 : 3 0 0 1 488
231 : 3 0 0 1 369
542 : 3 0 1 0 199
1196 : 3 0 1 1 170
569 : 3 0 1 0 35
425 : 3 0 0 1 436
228 : 3 0 0 2 113
709 : 3 0 1 0 316
421 : 3 0 0 1 244
1853 : 3 1 1 0 291
777 : 3 1 0 0 415
651 : 3 0 1 0 494
1027 : 3 0 1 1 63
417 : 3 0 0 1 268
787 : 3 1 0 0 247
690 : 3 0 1 0 242
1025 : 3 0 1 1 3
2001 : 3 1 1 0 20
1680 : 3 1 0 1 142
646 : 3 0 1 0 94
199 : 3 0 0 1 505
409 : 3 0 0 1 428
664 : 3 0 1 0 406
1 : 3 0 0 1 1
1580 : 3 1 0 1 363
408 : 3 0 0 2 172
318 : 3 0 0 2 326
1426 : 3 0 2 0 54
632 : 3 0 1 0 273
2154 : 3 2 0 0 105
2019 : 3 1 1 0 504
1562 : 3 1 0 1 39
159 : 3 0 0 1 333
575 : 3 0 1 0 131
616 : 3 0 1 0 409
1566 : 3 1 0 1 71
1466 : 3 0 2 0 226
573 : 3 0 1 0 67
526 : 3 0 1 0 79
508 : 3 0 0 2 320
687 : 3 0 1 0 138
1533 : 3 0 2 0 192
414 : 3 0 0 2 332
171 : 3 0 0 1 309
1084 : 3 0 1 1 163
446 : 3 0 0 2 132
395 : 3 0 0 1 316
1056 : 3 0 1 1 135
1846 : 3 1 1 0 83
1276 : 3 0 1 1 288
393 : 3 0 0 1 188
389 : 3 0 0 1 124
251 : 3 0 0 1 193
1584 : 3 1 0 1 139
321 : 3 0 0 1 262
1940 : 3 1 1 0 374
991 : 3 1 0 0 388
384 : 3 0 0 2 258
764 : 3 0 1 0 64
596 : 3 0 1 0 181
383 : 3 0 0 1 386
1511 : 3 0 2 0 344
327 : 3 0 0 1 506
381 : 3 0 0 1 322
502 : 3 0 0 2 160
467 : 3 0 0 1 104
1788 : 3 1 0 1 288
376 : 3 0 0 2 418
379 : 3 0 0 1 194
377 : 3 0 0 1 290
1261 : 3 0 1 1 72
521 : 3 0 1 0 415
371 : 3 0 0 1 98
365 : 3 0 0 1 466
1770 : 3 1 0 1 232
439 : 3 0 0 1 164
2200 : 3 2 0 0 150
1277 : 3 0 1 1 192
1512 : 3 0 2 0 408
1441 : 3 0 2 0 10
364 : 3 0 0 2 210
363 : 3 0 0 1 82
361 : 3 0 0 1 434
1779 : 3 1 0 1 368
357 : 3 0 0 1 242
354 : 3 0 0 2 18
981 : 3 1 0 0 84
164 : 3 0 0 2 53
2251 : 3 2 0 0 492
625 : 3 0 1 0 49
353 : 3 0 0 1 266
224 : 3 0 0 2 393
716 : 3 0 1 0 428
496 : 3 0 0 2 272
412 : 3 0 0 2 204
348 : 3 0 0 2 202
347 : 3 0 0 1 74
344 : 3 0 0 2 170
106 : 3 0 0 2 435
1819 : 3 1 1 0 231
342 : 3 0 0 2 490
1915 : 3 1 1 0 353
871 : 3 1 0 0 345
1437 : 3 0 2 0 294
660 : 3 0 1 0 182
1218 : 3 0 1 1 60
1958 : 3 1 1 0 90
650 : 3 0 1 0 110
547 : 3 0 1 0 251
907 : 3 1 0 0 494
340 : 3 0 0 2 106
1361 : 3 0 2 0 269
1154 : 3 0 1 1 30
338 : 3 0 0 2 282
791 : 3 1 0 0 471
1340 : 3 0 2 0 163
336 : 3 0 0 2 154
656 : 3 0 1 0 398
162 : 3 0 0 2 269
32 : 3 0 0 2 335
670 : 3 0 1 0 454
256 : 3 0 0 2 257
2204 : 3 2 0 0 166
98 : 3 0 0 2 267
947 : 3 1 0 0 370
1420 : 3 0 2 0 366
2189 : 3 2 0 0 430
1954 : 3 1 1 0 58
601 : 3 0 1 0 37
267 : 3 0 0 1 446
1822 : 3 1 1 0 71
766 : 3 0 1 0 128
1366 : 3 0 2 0 85
304 : 3 0 0 2 150
1925 : 3 1 1 0 190
404 : 3 0 0 2 108
1020 : 3 1 0 0 64
2075 : 3 2 0 0 231
100 : 3 0 0 2 51
1354 : 3 0 2 0 45
397 : 3 0 0 1 220
93 : 3 0 0 1 203
2037 : 3 1 1 0 80
772 : 3 1 0 0 511
457 : 3 0 0 1 440
2261 : 3 2 0 0 308
946 : 3 1 0 0 242
1191 : 3 0 1 1 474
138 : 3 0 0 2 189
1036 : 3 0 1 1 495
867 : 3 1 0 0 505
2009 : 3 1 1 0 36
27 : 3 0 0 1 431
1944 : 3 1 1 0 150
146 : 3 0 0 2 413
309 : 3 0 0 1 230
1365 : 3 0 2 0 437
387 : 3 0 0 1 28
1373 : 3 0 2 0 293
133 : 3 0 0 1 61
2276 : 3 2 0 0 184
236 : 3 0 0 2 209
131 : 3 0 0 1 13
1477 : 3 0 2 0 444
152 : 3 0 0 2 365
952 : 3 1 0 0 274
139 : 3 0 0 1 445
482 : 3 0 0 2 48
130 : 3 0 0 2 5
45 : 3 0 0 1 87
1151 : 3 0 1 1 129
126 : 3 0 0 2 323
1530 : 3 0 2 0 480
1496 : 3 0 2 0 404
563 : 3 0 1 0 499
612 : 3 0 1 0 185
1133 : 3 0 1 1 297
366 : 3 0 0 2 338
317 : 3 0 0 1 454
145 : 3 0 0 1 157
1046 : 3 0 1 1 311
706 : 3 0 1 0 124
1040 : 3 0 1 1 335
1444 : 3 0 2 0 378
667 : 3 0 1 0 358
594 : 3 0 1 0 117
2258 : 3 2 0 0 116
514 : 3 0 1 0 31
1387 : 3 0 2 0 489
124 : 3 0 0 2 195
1220 : 3 0 1 1 380
477 : 3 0 0 1 328
1470 : 3 0 2 0 450
1977 : 3 1 1 0 34
355 : 3 0 0 1 50
120 : 3 0 0 2 163
153 : 3 0 0 1 173
2031 : 3 1 1 0 136
232 : 3 0 0 2 177
685 : 3 0 1 0 74
471 : 3 0 0 1 168
583 : 3 0 1 0 477
1002 : 3 1 0 0 488
127 : 3 0 0 1 131
319 : 3 0 0 1 134
462 : 3 0 0 2 344
550 : 3 0 1 0 91
116 : 3 0 0 2 99
1058 : 3 0 1 1 27
41 : 3 0 0 1 375
799 : 3 1 0 0 327
674 : 3 0 1 0 122
893 : 3 1 0 0 193
2053 : 3 2 0 0 383
1825 : 3 1 1 0 263
114 : 3 0 0 2 275
454 : 3 0 0 2 504
184 : 3 0 0 2 165
128 : 3 0 0 2 387
113 : 3 0 0 1 403
603 : 3 0 1 0 357
332 : 3 0 0 2 90
781 : 3 1 0 0 431
1189 : 3 0 1 1 442
108 : 3 0 0 2 83
368 : 3 0 0 2 402
263 : 3 0 0 1 254
640 : 3 0 1 0 2
143 : 3 0 0 1 477
1352 : 3 0 2 0 349
167 : 3 0 0 1 501
1331 : 3 0 2 0 243
141 : 3 0 0 1 93
551 : 3 0 1 0 475
1384 : 3 0 2 0 153
589 : 3 0 1 0 301
140 : 3 0 0 2 317
1039 : 3 0 1 1 207
641 : 3 0 1 0 14
534 : 3 0 1 0 87
312 : 3 0 0 2 166
956 : 3 1 0 0 290
1045 : 3 0 1 1 183
1561 : 3 1 0 1 407
1098 : 3 0 1 1 45
1744 : 3 1 0 1 396
605 : 3 0 1 0 69
350 : 3 0 0 2 330
278 : 3 0 0 2 238
577 : 3 0 1 0 13
102 : 3 0 0 2 243
287 : 3 0 0 1 334
86 : 3 0 0 2 235
693 : 3 0 1 0 82
2257 : 3 2 0 0 20
37 : 3 0 0 1 55
305 : 3 0 0 1 406
2284 : 3 2 0 0 424
147 : 3 0 0 1 285
720 : 3 0 1 0 268
1160 : 3 0 1 1 350
410 : 3 0 0 2 300
83 : 3 0 0 1 283
125 : 3 0 0 1 451
529 : 3 0 1 0 271
567 : 3 0 1 0 339
429 : 3 0 0 1 468
1307 : 3 0 2 0 231
682 : 3 0 1 0 234
1338 : 3 0 2 0 99
253 : 3 0 0 1 321
1389 : 3 0 2 0 297
34 : 3 0 0 2 399
77 : 3 0 0 1 91
801 : 3 1 0 0 11
386 : 3 0 0 2 12
270 : 3 0 0 2 222
1285 : 3 0 2 0 383
949 : 3 1 0 0 82
299 : 3 0 0 1 310
1552 : 3 1 0 1 335
380 : 3 0 0 2 450
30 : 3 0 0 2 207
951 : 3 1 0 0 146
39 : 3 0 0 1 247
1270 : 3 0 1 1 464
308 : 3 0 0 2 102
403 : 3 0 0 1 44
269 : 3 0 0 1 94
238 : 3 0 0 2 337
1102 : 3 0 1 1 77
1656 : 3 1 0 1 401
701 : 3 0 1 0 194
291 : 3 0 0 1 22
1120 : 3 0 1 1 389
2263 : 3 2 0 0 340
1748 : 3 1 0 1 180
512 : 3 0 1 0 1
775 : 3 1 0 0 223
1347 : 3 0 2 0 125
222 : 3 0 0 2 329
1467 : 3 0 2 0 354
1150 : 3 0 1 1 449
121 : 3 0 0 1 419
51 : 3 0 0 1 279
828 : 3 1 0 0 419
206 : 3 0 0 2 473
21 : 3 0 0 1 47
2030 : 3 1 1 0 456
1407 : 3 0 2 0 129
1950 : 3 1 1 0 198
422 : 3 0 0 2 500
1074 : 3 0 1 1 51
1192 : 3 0 1 1 154
635 : 3 0 1 0 161
1206 : 3 0 1 1 210
163 : 3 0 0 1 21
611 : 3 0 1 0 505
1471 : 3 0 2 0 130
1777 : 3 1 0 1 48
306 : 3 0 0 2 278
644 : 3 0 1 0 382
427 : 3 0 0 1 84
1398 : 3 0 2 0 209
2229 : 3 2 0 0 306
675 : 3 0 1 0 506
608 : 3 0 1 0 261
784 : 3 1 0 0 143
6 : 3 0 0 2 63
245 : 3 0 0 1 481
1598 : 3 1 0 1 195
170 : 3 0 0 2 437
595 : 3 0 1 0 501
52 : 3 0 0 2 39
1984 : 3 1 1 0 258
541 : 3 0 1 0 295
580 : 3 0 1 0 381
2041 : 3 1 1 0 96
73 : 3 0 0 1 379
374 : 3 0 0 2 354
652 : 3 0 1 0 174
96 : 3 0 0 2 139
615 : 3 0 1 0 345
18 : 3 0 0 2 159
180 : 3 0 0 2 101
1609 : 3 1 0 1 413
1351 : 3 0 2 0 221
142 : 3 0 0 2 221
188 : 3 0 0 2 197
105 : 3 0 0 1 179
819 : 3 1 0 0 499
55 : 3 0 0 1 487
4 : 3 0 0 2 15
447 : 3 0 0 1 388
2124 : 3 2 0 0 365
1934 : 3 1 1 0 78
600 : 3 0 1 0 405
80 : 3 0 0 2 347
654 : 3 0 1 0 206
1301 : 3 0 2 0 183
2271 : 3 2 0 0 132
151 : 3 0 0 1 493
135 : 3 0 0 1 253
1922 : 3 1 1 0 30
525 : 3 0 1 0 431
298 : 3 0 0 2 438
1614 : 3 1 0 1 77
112 : 3 0 0 2 147
295 : 3 0 0 1 502
859 : 3 1 0 0 357
2242 : 3 2 0 0 60
107 : 3 0 0 1 307
531 : 3 0 1 0 247
1527 : 3 0 2 0 144
740 : 3 0 1 0 440
0 : 3 0 0 2 0
2087 : 3 2 0 0 219
1897 : 3 1 1 0 281
1371 : 3 0 2 0 485
501 : 3 0 0 1 352
150 : 3 0 0 2 237
1877 : 3 1 1 0 437
696 : 3 0 1 0 274
1765 : 3 1 0 1 312
1557 : 3 1 0 1 183
516 : 3 0 1 0 511
14 : 3 0 0 2 95
578 : 3 0 1 0 61
8 : 3 0 0 2 255
624 : 3 0 1 0 265
1479 : 3 0 2 0 476
36 : 3 0 0 2 23
444 : 3 0 0 2 452
1310 : 3 0 2 0 71
613 : 3 0 1 0 313
1374 : 3 0 2 0 197
23 : 3 0 0 1 239
333 : 3 0 0 1 218
423 : 3 0 0 1 372
869 : 3 1 0 0 313
97 : 3 0 0 1 395
26 : 3 0 0 2 175
9 : 3 0 0 1 511
677 : 3 0 1 0 314
1137 : 3 0 1 1 17
549 : 3 0 1 0 443
35 : 3 0 0 1 271
81 : 3 0 0 1 155
2029 : 3 1 1 0 72
1355 : 3 0 2 0 237
20 : 3 0 0 2 287
182 : 3 0 0 2 485
515 : 3 0 1 0 127
1941 : 3 1 1 0 438
509 : 3 0 0 1 128
10 : 3 0 0 2 383
247 : 3 0 0 1 161
530 : 3 0 1 0 55
1472 : 3 0 2 0 258
1862 : 3 1 1 0 317
391 : 3 0 0 1 508
40 : 3 0 0 2 503
936 : 3 1 0 0 410
157 : 3 0 0 1 205
358 : 3 0 0 2 498
1073 : 3 0 1 1 267
1313 : 3 0 2 0 263
1414 : 3 0 2 0 318
261 : 3 0 0 1 62
1235 : 3 0 1 1 500
2164 : 3 2 0 0 177
229 : 3 0 0 1 241
154 : 3 0 0 2 429
11 : 3 0 0 1 191
382 : 3 0 0 2 130
434 : 3 0 0 2 36
356 : 3 0 0 2 114
679 : 3 0 1 0 346
985 : 3 1 0 0 100
860 : 3 1 0 0 421
186 : 3 0 0 2 293
2170 : 3 2 0 0 225
38 : 3 0 0 2 119
1746 : 3 1 0 1 116
129 : 3 0 0 1 259
708 : 3 0 1 0 188
435 : 3 0 0 1 100
334 : 3 0 0 2 474
2278 : 3 2 0 0 216
264 : 3 0 0 2 510
217 : 3 0 0 1 425
1183 : 3 0 1 1 326
726 : 3 0 1 0 468
1063 : 3 0 1 1 219
1059 : 3 0 1 1 123
160 : 3 0 0 2 141
1097 : 3 0 1 1 413
896 : 3 1 0 0 2
1909 : 3 1 1 0 305
99 : 3 0 0 1 19
388 : 3 0 0 2 60
963 : 3 1 0 0 508
44 : 3 0 0 2 311
259 : 3 0 0 1 14
109 : 3 0 0 1 211
161 : 3 0 0 1 397
1236 : 3 0 1 1 180
448 : 3 0 0 2 260
602 : 3 0 1 0 229
275 : 3 0 0 1 286
202 : 3 0 0 2 441
532 : 3 0 1 0 375
209 : 3 0 0 1 409
1026 : 3 0 1 1 15
155 : 3 0 0 1 301
42 : 3 0 0 2 183
2233 : 3 2 0 0 34
553 : 3 0 1 0 283
609 : 3 0 1 0 25
1817 : 3 1 1 0 407
13 : 3 0 0 1 319
798 : 3 1 0 0 199
411 : 3 0 0 1 76
359 : 3 0 0 1 370
1143 : 3 0 1 1 337
390 : 3 0 0 2 252
273 : 3 0 0 1 158
2027 : 3 1 1 0 360
250 : 3 0 0 2 65
1328 : 3 0 2 0 139
2282 : 3 2 0 0 232
442 : 3 0 0 2 68
49 : 3 0 0 1 151
115 : 3 0 0 1 35
370 : 3 0 0 2 34
1528 : 3 0 2 0 272
280 : 3 0 0 2 366
362 : 3 0 0 2 306
70 : 3 0 0 2 123
88 : 3 0 0 2 363
2039 : 3 1 1 0 144
223 : 3 0 0 1 137
413 : 3 0 0 1 460
1854 : 3 1 1 0 195
197 : 3 0 0 1 121
92 : 3 0 0 2 75
50 : 3 0 0 2 407
1943 : 3 1 1 0 470
54 : 3 0 0 2 231
136 : 3 0 0 2 509
1497 : 3 0 2 0 36
1234 : 3 0 1 1 116
57 : 3 0 0 1 167
1990 : 3 1 1 0 92
28 : 3 0 0 2 303
872 : 3 1 0 0 409
902 : 3 1 0 0 94
58 : 3 0 0 2 423
1643 : 3 1 0 1 489
689 : 3 0 1 0 50
169 : 3 0 0 1 181
311 : 3 0 0 1 358
1613 : 3 1 0 1 429
629 : 3 0 1 0 81
75 : 3 0 0 1 443
1661 : 3 1 0 1 65
1291 : 3 0 2 0 111
910 : 3 1 0 0 206
2110 : 3 2 0 0 195
983 : 3 1 0 0 148
1701 : 3 1 0 1 442
1005 : 3 1 0 0 200
59 : 3 0 0 1 295
286 : 3 0 0 2 462
123 : 3 0 0 1 67
1016 : 3 1 0 0 32
1686 : 3 1 0 1 86
61 : 3 0 0 1 199
1147 : 3 0 1 1 353
2065 : 3 2 0 0 399
63 : 3 0 0 1 327
1075 : 3 0 1 1 243
2232 : 3 2 0 0 402
1417 : 3 0 2 0 414
64 : 3 0 0 2 135
1913 : 3 1 1 0 33
111 : 3 0 0 1 339
415 : 3 0 0 1 140
474 : 3 0 0 2 72
296 : 3 0 0 2 374
1481 : 3 0 2 0 284
562 : 3 0 1 0 115
1957 : 3 1 1 0 442
780 : 3 1 0 0 367
2175 : 3 2 0 0 129
497 : 3 0 0 1 32
1465 : 3 0 2 0 34
179 : 3 0 0 1 37
266 : 3 0 0 2 190
405 : 3 0 0 1 236
1139 : 3 0 1 1 497
82 : 3 0 0 2 411
649 : 3 0 1 0 286
807 : 3 1 0 0 475
2297 : 3 2 0 0 96
118 : 3 0 0 2 483
419 : 3 0 0 1 52
533 : 3 0 1 0 439
1335 : 3 0 2 0 467
1756 : 3 1 0 1 420
1345 : 3 0 2 0 5
46 : 3 0 0 2 215
76 : 3 0 0 2 315
1308 : 3 0 2 0 359
372 : 3 0 0 2 226
487 : 3 0 0 1 176
1318 : 3 0 2 0 315
132 : 3 0 0 2 29
166 : 3 0 0 2 245
558 : 3 0 1 0 203
686 : 3 0 1 0 458
230 : 3 0 0 2 497
2097 : 3 2 0 0 267
1209 : 3 0 1 1 34
313 : 3 0 0 1 422
235 : 3 0 0 1 81
172 : 3 0 0 2 85
173 : 3 0 0 1 213
1672 : 3 1 0 1 350
174 : 3 0 0 2 469
2285 : 3 2 0 0 72
416 : 3 0 0 2 396
691 : 3 0 1 0 370
1244 : 3 0 1 1 420
1848 : 3 1 1 0 147
969 : 3 1 0 0 44
226 : 3 0 0 2 17
177 : 3 0 0 1 405
1971 : 3 1 1 0 498
178 : 3 0 0 2 277
1687 : 3 1 0 1 470
215 : 3 0 0 1 361
2147 : 3 2 0 0 249
1881 : 3 1 1 0 277
1775 : 3 1 0 1 136
68 : 3 0 0 2 27
968 : 3 1 0 0 412
181 : 3 0 0 1 229
185 : 3 0 0 1 421
1743 : 3 1 0 1 332
1182 : 3 0 1 1 198
302 : 3 0 0 2 470
994 : 3 1 0 0 248
189 : 3 0 0 1 453
2291 : 3 2 0 0 368
1302 : 3 0 2 0 311
211 : 3 0 0 1 41
360 : 3 0 0 2 178
2249 : 3 2 0 0 284
200 : 3 0 0 2 377
315 : 3 0 0 1 70
1012 : 3 1 0 0 304
1485 : 3 0 2 0 300
16 : 3 0 0 2 479
193 : 3 0 0 1 261
476 : 3 0 0 2 456
95 : 3 0 0 1 331
1874 : 3 1 1 0 53
194 : 3 0 0 2 9
158 : 3 0 0 2 461
297 : 3 0 0 1 182
119 : 3 0 0 1 355
314 : 3 0 0 2 294
195 : 3 0 0 1 25
407 : 3 0 0 1 364
1207 : 3 0 1 1 338
878 : 3 1 0 0 457
196 : 3 0 0 2 57
198 : 3 0 0 2 249
227 : 3 0 0 1 49
704 : 3 0 1 0 4
622 : 3 0 1 0 457
2254 : 3 2 0 0 204
277 : 3 0 0 1 110
240 : 3 0 0 2 401
688 : 3 0 1 0 266
2230 : 3 2 0 0 210
850 : 3 1 0 0 117
2025 : 3 1 1 0 40
12 : 3 0 0 2 447
864 : 3 1 0 0 261
1987 : 3 1 1 0 252
262 : 3 0 0 2 126
285 : 3 0 0 1 206
1019 : 3 1 0 0 416
715 : 3 0 1 0 364
56 : 3 0 0 2 359
168 : 3 0 0 2 373
681 : 3 0 1 0 42
453 : 3 0 0 1 248
201 : 3 0 0 1 185
631 : 3 0 1 0 145
504 : 3 0 0 2 288
254 : 3 0 0 2 129
618 : 3 0 1 0 233
2146 : 3 2 0 0 57
66 : 3 0 0 2 263
2003 : 3 1 1 0 500
800 : 3 1 0 0 391
1757 : 3 1 0 1 68
1514 : 3 0 2 0 232
212 : 3 0 0 2 105
2273 : 3 2 0 0 24
1945 : 3 1 1 0 278
1402 : 3 0 2 0 225
430 : 3 0 0 2 340
507 : 3 0 0 1 448
339 : 3 0 0 1 42
1397 : 3 0 2 0 305
2121 : 3 2 0 0 413
1998 : 3 1 1 0 204
520 : 3 0 1 0 351
220 : 3 0 0 2 201
48 : 3 0 0 2 343
1322 : 3 0 2 0 43
1463 : 3 0 2 0 338
536 : 3 0 1 0 151
795 : 3 1 0 0 487
1969 : 3 1 1 0 18
225 : 3 0 0 1 265
2217 : 3 2 0 0 282
307 : 3 0 0 1 38
483 : 3 0 0 1 112
260 : 3 0 0 2 30
1860 : 3 1 1 0 509
1041 : 3 0 1 1 399
293 : 3 0 0 1 118
1717 : 3 1 0 1 306
234 : 3 0 0 2 305
1741 : 3 1 0 1 300
1541 : 3 1 0 1 383
568 : 3 0 1 0 403
546 : 3 0 1 0 59
239 : 3 0 0 1 145
241 : 3 0 0 1 273
243 : 3 0 0 1 97
1715 : 3 1 0 1 498
1205 : 3 0 1 1 306
805 : 3 1 0 0 443
207 : 3 0 0 1 345
300 : 3 0 0 2 86
719 : 3 0 1 0 140
866 : 3 1 0 0 121
249 : 3 0 0 1 289
369 : 3 0 0 1 274
1167 : 3 0 1 1 462
252 : 3 0 0 2 449
325 : 3 0 0 1 122
255 : 3 0 0 1 385
882 : 3 1 0 0 241
1092 : 3 0 1 1 509
187 : 3 0 0 1 69
398 : 3 0 0 2 476
857 : 3 1 0 0 37
1088 : 3 0 1 1 387
938 : 3 1 0 0 234
666 : 3 0 1 0 230
833 : 3 1 0 0 13
655 : 3 0 1 0 334
2194 : 3 2 0 0 54
213 : 3 0 0 1 233
1212 : 3 0 1 1 418
322 : 3 0 0 2 10
2142 : 3 2 0 0 197
1867 : 3 1 1 0 237
268 : 3 0 0 2 318
191 : 3 0 0 1 133
466 : 3 0 0 2 40
233 : 3 0 0 1 433
1447 : 3 0 2 0 474
2244 : 3 2 0 0 380
90 : 3 0 0 2 427
1581 : 3 1 0 1 427
134 : 3 0 0 2 125
265 : 3 0 0 1 382
271 : 3 0 0 1 478
1774 : 3 1 0 1 456
276 : 3 0 0 2 46
518 : 3 0 1 0 319
903 : 3 1 0 0 478
1117 : 3 0 1 1 293
281 : 3 0 0 1 174
1215 : 3 0 1 1 130
406 : 3 0 0 2 492
176 : 3 0 0 2 149
283 : 3 0 0 1 302
1269 : 3 0 1 1 80
489 : 3 0 0 1 304
987 : 3 1 0 0 164
1458 : 3 0 2 0 114
1194 : 3 0 1 1 106
1237 : 3 0 1 1 308
2077 : 3 2 0 0 423
614 : 3 0 1 0 217
1385 : 3 0 2 0 281
797 : 3 1 0 0 295
855 : 3 1 0 0 341
301 : 3 0 0 1 214
1007 : 3 1 0 0 392
303 : 3 0 0 1 342
258 : 3 0 0 2 6
1089 : 3 0 1 1 5
294 : 3 0 0 2 246
310 : 3 0 0 2 486
1728 : 3 1 0 1 258
702 : 3 0 1 0 322
478 : 3 0 0 2 136
1375 : 3 0 2 0 325
341 : 3 0 0 1 234
545 : 3 0 1 0 11
1202 : 3 0 1 1 114
1364 : 3 0 2 0 373
2151 : 3 2 0 0 473
316 : 3 0 0 2 198
2092 : 3 2 0 0 363
33 : 3 0 0 1 143
683 : 3 0 1 0 362
967 : 3 1 0 0 348
272 : 3 0 0 2 350
210 : 3 0 0 2 281
581 : 3 0 1 0 445
320 : 3 0 0 2 390
498 : 3 0 0 2 96
523 : 3 0 1 0 239
190 : 3 0 0 2 325
2268 : 3 2 0 0 420
326 : 3 0 0 2 250
2145 : 3 2 0 0 9
481 : 3 0 0 1 16
221 : 3 0 0 1 457
1423 : 3 0 2 0 462
284 : 3 0 0 2 78
2126 : 3 2 0 0 77
881 : 3 1 0 0 49
328 : 3 0 0 2 378
954 : 3 1 0 0 482
1000 : 3 1 0 0 280
1450 : 3 0 2 0 106
330 : 3 0 0 2 442
978 : 3 1 0 0 244
774 : 3 1 0 0 319
1179 : 3 0 1 1 486
335 : 3 0 0 1 346
117 : 3 0 0 1 227
710 : 3 0 1 0 220
678 : 3 0 1 0 218
960 : 3 1 0 0 4
282 : 3 0 0 2 430
1096 : 3 0 1 1 349
711 : 3 0 1 0 348
394 : 3 0 0 2 444
713 : 3 0 1 0 44
714 : 3 0 1 0 236
1231 : 3 0 1 1 332
817 : 3 1 0 0 19
717 : 3 0 1 0 76
718 : 3 0 1 0 460
721 : 3 0 1 0 52
367 : 3 0 0 1 146
722 : 3 0 1 0 244
723 : 3 0 1 0 372
724 : 3 0 1 0 436
1551 : 3 1 0 1 207
1519 : 3 0 2 0 136
943 : 3 1 0 0 138
1181 : 3 0 1 1 294
175 : 3 0 0 1 341
725 : 3 0 1 0 84
1436 : 3 0 2 0 166
727 : 3 0 1 0 148
731 : 3 0 1 0 164
586 : 3 0 1 0 109
964 : 3 1 0 0 188
1583 : 3 1 0 1 459
734 : 3 0 1 0 324
1964 : 3 1 1 0 170
735 : 3 0 1 0 388
736 : 3 0 1 0 8
738 : 3 0 1 0 248
737 : 3 0 1 0 56
1222 : 3 0 1 1 92
739 : 3 0 1 0 376
836 : 3 1 0 0 381
1989 : 3 1 1 0 444
741 : 3 0 1 0 88
743 : 3 0 1 0 152
1065 : 3 0 1 1 411
945 : 3 1 0 0 50
1356 : 3 0 2 0 365
744 : 3 0 1 0 280
745 : 3 0 1 0 104
746 : 3 0 1 0 488
1845 : 3 1 1 0 435
1077 : 3 0 1 1 435
920 : 3 1 0 0 406
747 : 3 0 1 0 168
748 : 3 0 1 0 296
749 : 3 0 1 0 200
2068 : 3 2 0 0 503
750 : 3 0 1 0 328
751 : 3 0 1 0 392
883 : 3 1 0 0 369
752 : 3 0 1 0 16
2190 : 3 2 0 0 78
753 : 3 0 1 0 112
1363 : 3 0 2 0 245
2266 : 3 2 0 0 228
754 : 3 0 1 0 496
1008 : 3 1 0 0 16
756 : 3 0 1 0 304
1738 : 3 1 0 1 108
1130 : 3 0 1 1 105
1832 : 3 1 1 0 347
1492 : 3 0 2 0 180
345 : 3 0 0 1 426
758 : 3 0 1 0 336
759 : 3 0 1 0 400
760 : 3 0 1 0 32
1216 : 3 0 1 1 258
762 : 3 0 1 0 352
543 : 3 0 1 0 327
767 : 3 0 1 0 256
1689 : 3 1 0 1 278
769 : 3 1 0 0 7
768 : 3 1 0 0 1
848 : 3 1 0 0 397
1595 : 3 1 0 1 483
770 : 3 1 0 0 31
771 : 3 1 0 0 127
539 : 3 0 1 0 487
773 : 3 1 0 0 191
776 : 3 1 0 0 351
1540 : 3 1 0 1 255
778 : 3 1 0 0 47
484 : 3 0 0 2 240
60 : 3 0 0 2 71
597 : 3 0 1 0 309
1483 : 3 0 2 0 492
1624 : 3 1 0 1 149
156 : 3 0 0 2 77
782 : 3 1 0 0 79
1070 : 3 0 1 1 75
248 : 3 0 0 2 417
1115 : 3 0 1 1 485
1128 : 3 0 1 1 153
1973 : 3 1 1 0 306
1400 : 3 0 2 0 401
783 : 3 1 0 0 463
1863 : 3 1 1 0 221
1671 : 3 1 0 1 222
1575 : 3 1 0 1 219
986 : 3 1 0 0 484
953 : 3 1 0 0 98
785 : 3 1 0 0 271
1071 : 3 0 1 1 459
786 : 3 1 0 0 55
788 : 3 1 0 0 375
1197 : 3 0 1 1 298
789 : 3 1 0 0 439
290 : 3 0 0 2 270
790 : 3 1 0 0 87
802 : 3 1 0 0 59
793 : 3 1 0 0 279
1795 : 3 1 1 0 63
796 : 3 1 0 0 167
1152 : 3 0 1 1 257
803 : 3 1 0 0 251
1815 : 3 1 1 0 215
804 : 3 1 0 0 379
279 : 3 0 0 1 494
765 : 3 0 1 0 448
1372 : 3 0 2 0 165
2286 : 3 2 0 0 456
2032 : 3 1 1 0 264
62 : 3 0 0 2 455
806 : 3 1 0 0 91
808 : 3 1 0 0 155
897 : 3 1 0 0 14
1260 : 3 0 1 1 424
2107 : 3 2 0 0 483
810 : 3 1 0 0 107
812 : 3 1 0 0 171
1538 : 3 1 0 1 15
813 : 3 1 0 0 299
814 : 3 1 0 0 203
815 : 3 1 0 0 331
816 : 3 1 0 0 395
818 : 3 1 0 0 115
1107 : 3 0 1 1 245
820 : 3 1 0 0 179
1999 : 3 1 1 0 332
1273 : 3 0 1 1 96
1488 : 3 0 2 0 396
821 : 3 1 0 0 307
823 : 3 1 0 0 339
1401 : 3 0 2 0 33
992 : 3 1 0 0 8
824 : 3 1 0 0 403
2228 : 3 2 0 0 178
825 : 3 1 0 0 35
1135 : 3 0 1 1 329
827 : 3 1 0 0 355
829 : 3 1 0 0 67
832 : 3 1 0 0 259
835 : 3 1 0 0 253
838 : 3 1 0 0 93
839 : 3 1 0 0 477
1691 : 3 1 0 1 486
841 : 3 1 0 0 285
2210 : 3 2 0 0 58
1829 : 3 1 1 0 187
463 : 3 0 0 1 152
842 : 3 1 0 0 109
1048 : 3 0 1 1 343
843 : 3 1 0 0 493
1710 : 3 1 0 1 202
895 : 3 1 0 0 385
2038 : 3 1 1 0 464
763 : 3 0 1 0 416
845 : 3 1 0 0 301
846 : 3 1 0 0 205
1281 : 3 0 2 0 3
15 : 3 0 0 1 223
847 : 3 1 0 0 333
849 : 3 1 0 0 21
852 : 3 1 0 0 181
853 : 3 1 0 0 309
854 : 3 1 0 0 213
856 : 3 1 0 0 405
2234 : 3 2 0 0 226
858 : 3 1 0 0 229
2102 : 3 2 0 0 83
1851 : 3 1 1 0 483
862 : 3 1 0 0 453
659 : 3 0 1 0 502
865 : 3 1 0 0 25
1629 : 3 1 0 1 293
1069 : 3 0 1 1 427
873 : 3 1 0 0 41
1431 : 3 0 2 0 470
2118 : 3 2 0 0 317
874 : 3 1 0 0 233
74 : 3 0 0 2 187
1011 : 3 1 0 0 176
875 : 3 1 0 0 361
876 : 3 1 0 0 425
877 : 3 1 0 0 73
879 : 3 1 0 0 137
1721 : 3 1 0 1 34
1055 : 3 0 1 1 455
1635 : 3 1 0 1 249
880 : 3 1 0 0 265
2026 : 3 1 1 0 232
1241 : 3 0 1 1 36
2143 : 3 2 0 0 325
1992 : 3 1 1 0 156
1972 : 3 1 1 0 178
886 : 3 1 0 0 465
887 : 3 1 0 0 145
2255 : 3 2 0 0 332
1259 : 3 0 1 1 360
101 : 3 0 0 1 115
888 : 3 1 0 0 273
2243 : 3 2 0 0 252
1334 : 3 0 2 0 83
891 : 3 1 0 0 161
892 : 3 1 0 0 289
1190 : 3 0 1 1 90
894 : 3 1 0 0 321
898 : 3 1 0 0 62
2090 : 3 2 0 0 43
1390 : 3 0 2 0 201
899 : 3 1 0 0 254
1166 : 3 0 1 1 78
218 : 3 0 0 2 297
942 : 3 1 0 0 458
900 : 3 1 0 0 382
901 : 3 1 0 0 446
904 : 3 1 0 0 158
905 : 3 1 0 0 286
1031 : 3 0 1 1 95
598 : 3 0 1 0 213
906 : 3 1 0 0 110
22 : 3 0 0 2 111
908 : 3 1 0 0 174
669 : 3 0 1 0 70
909 : 3 1 0 0 302
1865 : 3 1 1 0 413
729 : 3 0 1 0 100
1112 : 3 0 1 1 149
911 : 3 1 0 0 334
913 : 3 1 0 0 22
1599 : 3 1 0 1 323
915 : 3 1 0 0 502
916 : 3 1 0 0 182
79 : 3 0 0 1 475
917 : 3 1 0 0 310
148 : 3 0 0 2 45
919 : 3 1 0 0 342
921 : 3 1 0 0 38
1381 : 3 0 2 0 441
922 : 3 1 0 0 230
924 : 3 1 0 0 422
1158 : 3 0 1 1 318
993 : 3 1 0 0 56
925 : 3 1 0 0 70
1873 : 3 1 1 0 269
1242 : 3 0 1 1 228
927 : 3 1 0 0 134
1947 : 3 1 1 0 486
928 : 3 1 0 0 262
929 : 3 1 0 0 26
2218 : 3 2 0 0 106
1228 : 3 0 1 1 172
1800 : 3 1 1 0 479
930 : 3 1 0 0 122
931 : 3 1 0 0 506
933 : 3 1 0 0 314
2024 : 3 1 1 0 408
450 : 3 0 0 2 24
574 : 3 0 1 0 451
937 : 3 1 0 0 42
939 : 3 1 0 0 362
1918 : 3 1 1 0 449
628 : 3 0 1 0 433
940 : 3 1 0 0 426
1641 : 3 1 0 1 281
941 : 3 1 0 0 74
1794 : 3 1 1 0 15
944 : 3 1 0 0 266
1085 : 3 0 1 1 291
500 : 3 0 0 2 480
1453 : 3 0 2 0 298
948 : 3 1 0 0 434
950 : 3 1 0 0 466
1032 : 3 0 1 1 479
2220 : 3 2 0 0 170
885 : 3 1 0 0 81
959 : 3 1 0 0 386
961 : 3 1 0 0 28
962 : 3 1 0 0 124
555 : 3 0 1 0 491
965 : 3 1 0 0 316
1360 : 3 0 2 0 141
346 : 3 0 0 2 298
966 : 3 1 0 0 220
1493 : 3 0 2 0 308
971 : 3 1 0 0 364
692 : 3 0 1 0 434
378 : 3 0 0 2 66
972 : 3 1 0 0 428
2283 : 3 2 0 0 360
973 : 3 1 0 0 76
1719 : 3 1 0 1 338
1109 : 3 0 1 1 437
456 : 3 0 0 2 184
975 : 3 1 0 0 140
976 : 3 1 0 0 268
979 : 3 1 0 0 372
728 : 3 0 1 0 276
1309 : 3 0 2 0 423
980 : 3 1 0 0 436
1879 : 3 1 1 0 469
984 : 3 1 0 0 276
451 : 3 0 0 1 56
988 : 3 1 0 0 292
2095 : 3 2 0 0 459
183 : 3 0 0 1 357
989 : 3 1 0 0 196
990 : 3 1 0 0 324
1432 : 3 0 2 0 150
995 : 3 1 0 0 376
996 : 3 1 0 0 440
997 : 3 1 0 0 88
998 : 3 1 0 0 472
1129 : 3 0 1 1 281
19 : 3 0 0 1 415
999 : 3 1 0 0 152
868 : 3 1 0 0 185
1001 : 3 1 0 0 104
1006 : 3 1 0 0 328
47 : 3 0 0 1 471
1386 : 3 0 2 0 105
24 : 3 0 0 2 495
1009 : 3 1 0 0 112
1052 : 3 0 1 1 359
621 : 3 0 1 0 73
1144 : 3 0 1 1 401
1720 : 3 1 0 1 402
1705 : 3 1 0 1 282
1010 : 3 1 0 0 496
1213 : 3 0 1 1 66
1921 : 3 1 1 0 6
1321 : 3 0 2 0 411
1014 : 3 1 0 0 336
1087 : 3 0 1 1 323
1524 : 3 0 2 0 432
1043 : 3 0 1 1 119
214 : 3 0 0 2 489
1015 : 3 1 0 0 400
1548 : 3 1 0 1 495
1017 : 3 1 0 0 224
1018 : 3 1 0 0 352
1022 : 3 1 0 0 128
1024 : 3 0 1 1 0
289 : 3 0 0 1 398
1315 : 3 0 2 0 123
1474 : 3 0 2 0 60
1028 : 3 0 1 1 255
1136 : 3 0 1 1 393
851 : 3 1 0 0 501
1229 : 3 0 1 1 300
331 : 3 0 0 1 314
1030 : 3 0 1 1 447
72 : 3 0 0 2 507
1033 : 3 0 1 1 159
1038 : 3 0 1 1 303
617 : 3 0 1 0 41
1042 : 3 0 1 1 23
2237 : 3 2 0 0 66
1299 : 3 0 2 0 119
1057 : 3 0 1 1 263
1044 : 3 0 1 1 503
2177 : 3 2 0 0 6
1227 : 3 0 1 1 492
1047 : 3 0 1 1 215
2046 : 3 1 1 0 320
343 : 3 0 0 1 362
1050 : 3 0 1 1 39
1872 : 3 1 1 0 141
1051 : 3 0 1 1 231
424 : 3 0 0 2 180
1358 : 3 0 2 0 77
1490 : 3 0 2 0 116
1053 : 3 0 1 1 423
1054 : 3 0 1 1 71
730 : 3 0 1 0 484
1468 : 3 0 2 0 418
779 : 3 1 0 0 239
1060 : 3 0 1 1 507
67 : 3 0 0 1 11
1061 : 3 0 1 1 187
1062 : 3 0 1 1 315
1938 : 3 1 1 0 54
455 : 3 0 0 1 376
1064 : 3 0 1 1 347
1090 : 3 0 1 1 29
1438 : 3 0 2 0 198
1066 : 3 0 1 1 43
1067 : 3 0 1 1 235
1981 : 3 1 1 0 66
1068 : 3 0 1 1 363
1072 : 3 0 1 1 139
1076 : 3 0 1 1 371
219 : 3 0 0 1 73
1078 : 3 0 1 1 83
1079 : 3 0 1 1 467
352 : 3 0 0 2 394
1080 : 3 0 1 1 147
1316 : 3 0 2 0 507
400 : 3 0 0 2 156
1081 : 3 0 1 1 275
1082 : 3 0 1 1 99
1083 : 3 0 1 1 483
671 : 3 0 1 0 134
1086 : 3 0 1 1 195
1091 : 3 0 1 1 125
977 : 3 1 0 0 52
1377 : 3 0 2 0 9
1094 : 3 0 1 1 317
1095 : 3 0 1 1 221
1821 : 3 1 1 0 423
1419 : 3 0 2 0 238
1350 : 3 0 2 0 317
1100 : 3 0 1 1 365
1101 : 3 0 1 1 429
1103 : 3 0 1 1 461
1104 : 3 0 1 1 141
1239 : 3 0 1 1 340
1105 : 3 0 1 1 269
1106 : 3 0 1 1 53
1023 : 3 1 0 0 256
1108 : 3 0 1 1 373
1110 : 3 0 1 1 85
1558 : 3 1 0 1 311
863 : 3 1 0 0 133
1113 : 3 0 1 1 277
1114 : 3 0 1 1 101
1336 : 3 0 2 0 147
1116 : 3 0 1 1 165
1745 : 3 1 0 1 20
257 : 3 0 0 1 2
1119 : 3 0 1 1 325
1122 : 3 0 1 1 57
1123 : 3 0 1 1 249
1393 : 3 0 2 0 17
1267 : 3 0 1 1 368
1464 : 3 0 2 0 402
324 : 3 0 0 2 58
1124 : 3 0 1 1 377
1125 : 3 0 1 1 441
1126 : 3 0 1 1 89
1127 : 3 0 1 1 473
1131 : 3 0 1 1 489
2069 : 3 2 0 0 183
1132 : 3 0 1 1 169
1134 : 3 0 1 1 201
1138 : 3 0 1 1 113
1140 : 3 0 1 1 177
1858 : 3 1 1 0 29
1141 : 3 0 1 1 305
1153 : 3 0 1 1 6
1319 : 3 0 2 0 219
1142 : 3 0 1 1 209
1320 : 3 0 2 0 347
1926 : 3 1 1 0 318
137 : 3 0 0 1 381
91 : 3 0 0 1 299
1145 : 3 0 1 1 33
1165 : 3 0 1 1 430
29 : 3 0 0 1 79
1416 : 3 0 2 0 350
1578 : 3 1 0 1 43
94 : 3 0 0 2 459
1146 : 3 0 1 1 225
1171 : 3 0 1 1 246
1148 : 3 0 1 1 417
1455 : 3 0 2 0 330
1149 : 3 0 1 1 65
1155 : 3 0 1 1 126
1156 : 3 0 1 1 510
1157 : 3 0 1 1 190
1159 : 3 0 1 1 222
203 : 3 0 0 1 313
1161 : 3 0 1 1 414
1164 : 3 0 1 1 366
1233 : 3 0 1 1 20
1168 : 3 0 1 1 142
1169 : 3 0 1 1 270
2169 : 3 2 0 0 33
1300 : 3 0 2 0 503
1170 : 3 0 1 1 54
1172 : 3 0 1 1 374
1173 : 3 0 1 1 438
1174 : 3 0 1 1 86
1175 : 3 0 1 1 470
1177 : 3 0 1 1 278
2089 : 3 2 0 0 411
488 : 3 0 0 2 432
31 : 3 0 0 1 463
844 : 3 1 0 0 173
1178 : 3 0 1 1 102
1560 : 3 1 0 1 343
1180 : 3 0 1 1 166
1185 : 3 0 1 1 10
1186 : 3 0 1 1 58
1187 : 3 0 1 1 250
3 : 3 0 0 1 7
288 : 3 0 0 2 142
1049 : 3 0 1 1 407
1188 : 3 0 1 1 378
1392 : 3 0 2 0 393
1891 : 3 1 1 0 249
676 : 3 0 1 0 186
1193 : 3 0 1 1 282
1195 : 3 0 1 1 490
914 : 3 1 0 0 118
1198 : 3 0 1 1 202
1199 : 3 0 1 1 330
1200 : 3 0 1 1 394
1201 : 3 0 1 1 18
5 : 3 0 0 1 31
1208 : 3 0 1 1 402
1210 : 3 0 1 1 226
1462 : 3 0 2 0 210
2165 : 3 2 0 0 305
1650 : 3 1 0 1 113
572 : 3 0 1 0 419
1214 : 3 0 1 1 450
809 : 3 1 0 0 283
1217 : 3 0 1 1 12
1750 : 3 1 0 1 212
1211 : 3 0 1 1 354
1219 : 3 0 1 1 252
1221 : 3 0 1 1 444
1768 : 3 1 0 1 408
1223 : 3 0 1 1 476
1271 : 3 0 1 1 144
2012 : 3 1 1 0 420
426 : 3 0 0 2 308
1224 : 3 0 1 1 156
2265 : 3 2 0 0 36
1226 : 3 0 1 1 108
1230 : 3 0 1 1 204
1232 : 3 0 1 1 396
1240 : 3 0 1 1 404
468 : 3 0 0 2 232
192 : 3 0 0 2 389
1243 : 3 0 1 1 356
1245 : 3 0 1 1 68
1247 : 3 0 1 1 132
110 : 3 0 0 2 467
757 : 3 0 1 0 208
1248 : 3 0 1 1 260
1250 : 3 0 1 1 120
1251 : 3 0 1 1 504
1252 : 3 0 1 1 184
1121 : 3 0 1 1 9
982 : 3 1 0 0 468
1304 : 3 0 2 0 343
1254 : 3 0 1 1 216
1184 : 3 0 1 1 390
1255 : 3 0 1 1 344
1258 : 3 0 1 1 232
1693 : 3 1 0 1 294
1262 : 3 0 1 1 456
1264 : 3 0 1 1 264
1265 : 3 0 1 1 48
1266 : 3 0 1 1 240
2240 : 3 2 0 0 258
1730 : 3 1 0 1 60
1268 : 3 0 1 1 432
1690 : 3 1 0 1 102
216 : 3 0 0 2 169
811 : 3 1 0 0 491
1274 : 3 0 1 1 480
703 : 3 0 1 0 386
1275 : 3 0 1 1 160
1278 : 3 0 1 1 320
1694 : 3 1 0 1 198
1279 : 3 0 1 1 384
884 : 3 1 0 0 433
1280 : 3 0 2 0 0
1284 : 3 0 2 0 255
1286 : 3 0 2 0 447
1491 : 3 0 2 0 500
1287 : 3 0 2 0 95
1288 : 3 0 2 0 479
830 : 3 1 0 0 451
1289 : 3 0 2 0 159
1290 : 3 0 2 0 287
1292 : 3 0 2 0 495
329 : 3 0 0 1 186
1253 : 3 0 1 1 312
1293 : 3 0 2 0 175
1589 : 3 1 0 1 435
1294 : 3 0 2 0 303
1296 : 3 0 2 0 335
1459 : 3 0 2 0 498
437 : 3 0 0 1 484
1298 : 3 0 2 0 23
1303 : 3 0 2 0 215
1305 : 3 0 2 0 407
1311 : 3 0 2 0 455
1312 : 3 0 2 0 135
889 : 3 1 0 0 97
1314 : 3 0 2 0 27
1246 : 3 0 1 1 452
1317 : 3 0 2 0 187
733 : 3 0 1 0 196
1391 : 3 0 2 0 329
1323 : 3 0 2 0 235
1326 : 3 0 2 0 75
1975 : 3 1 1 0 338
732 : 3 0 1 0 292
1327 : 3 0 2 0 459
1454 : 3 0 2 0 202
1329 : 3 0 2 0 267
642 : 3 0 1 0 62
1337 : 3 0 2 0 275
274 : 3 0 0 2 414
571 : 3 0 1 0 355
1263 : 3 0 1 1 136
1330 : 3 0 2 0 51
1333 : 3 0 2 0 435
2020 : 3 1 1 0 184
1339 : 3 0 2 0 483
418 : 3 0 0 2 20
932 : 3 1 0 0 186
1341 : 3 0 2 0 291
1037 : 3 0 1 1 175
1342 : 3 0 2 0 195
1343 : 3 0 2 0 323
1408 : 3 0 2 0 257
934 : 3 1 0 0 218
1344 : 3 0 2 0 387
2225 : 3 2 0 0 18
1346 : 3 0 2 0 29
593 : 3 0 1 0 21
1348 : 3 0 2 0 509
1349 : 3 0 2 0 189
1357 : 3 0 2 0 429
1359 : 3 0 2 0 461
1362 : 3 0 2 0 53
636 : 3 0 1 0 289
1367 : 3 0 2 0 469
1368 : 3 0 2 0 149
1475 : 3 0 2 0 252
1369 : 3 0 2 0 277
1370 : 3 0 2 0 101
1376 : 3 0 2 0 389
1378 : 3 0 2 0 57
1379 : 3 0 2 0 249
1380 : 3 0 2 0 377
1388 : 3 0 2 0 169
1878 : 3 1 1 0 85
1394 : 3 0 2 0 113
1395 : 3 0 2 0 497
1396 : 3 0 2 0 177
1399 : 3 0 2 0 337
1403 : 3 0 2 0 353
1404 : 3 0 2 0 417
1424 : 3 0 2 0 142
1405 : 3 0 2 0 65
1406 : 3 0 2 0 449
1442 : 3 0 2 0 58
1473 : 3 0 2 0 12
840 : 3 1 0 0 157
1409 : 3 0 2 0 6
1410 : 3 0 2 0 30
537 : 3 0 1 0 279
1411 : 3 0 2 0 126
1412 : 3 0 2 0 510
337 : 3 0 0 1 410
2 : 3 0 0 2 3
1413 : 3 0 2 0 190
1418 : 3 0 2 0 46
464 : 3 0 0 2 408
1029 : 3 0 1 1 383
1421 : 3 0 2 0 430
1435 : 3 0 2 0 486
2238 : 3 2 0 0 450
1422 : 3 0 2 0 78
1427 : 3 0 2 0 246
1636 : 3 1 0 1 377
1448 : 3 0 2 0 154
1428 : 3 0 2 0 374
1429 : 3 0 2 0 438
1516 : 3 0 2 0 424
1430 : 3 0 2 0 86
1433 : 3 0 2 0 278
165 : 3 0 0 1 117
1434 : 3 0 2 0 102
1546 : 3 1 0 1 287
1439 : 3 0 2 0 326
1440 : 3 0 2 0 390
1443 : 3 0 2 0 250
1445 : 3 0 2 0 442
1597 : 3 1 0 1 291
1415 : 3 0 2 0 222
1446 : 3 0 2 0 90
1449 : 3 0 2 0 282
78 : 3 0 0 2 219
1021 : 3 1 0 0 448
1451 : 3 0 2 0 490
1452 : 3 0 2 0 170
1594 : 3 1 0 1 99
1324 : 3 0 2 0 363
1456 : 3 0 2 0 394
2079 : 3 2 0 0 455
1457 : 3 0 2 0 18
1460 : 3 0 2 0 178
1461 : 3 0 2 0 306
1631 : 3 1 0 1 325
1469 : 3 0 2 0 66
1476 : 3 0 2 0 380
349 : 3 0 0 1 458
1478 : 3 0 2 0 92
1480 : 3 0 2 0 156
1484 : 3 0 2 0 172
826 : 3 1 0 0 227
1486 : 3 0 2 0 204
65 : 3 0 0 1 391
323 : 3 0 0 1 26
1487 : 3 0 2 0 332
1489 : 3 0 2 0 20
