2304
9 0.06695 0.39704 0.53591 0.00000 0.00009 0.00000 0.00000 0.00000 0.00000 
9 0.00701 0.00907 0.00009 0.98378 0.00002 0.00000 0.00000 0.00000 0.00003 
8 0.92905 0.00000 0.07080 0.00000 0.00000 0.00015 0.00000 0.00000 
7 0.00314 0.60714 0.00460 0.00000 0.00010 0.00000 0.38501 
6 0.00007 0.00000 0.00000 0.00000 0.00000 0.99991 
5 0.00178 0.00044 0.27642 0.00044 0.72092 
4 0.25000 0.25000 0.25000 0.25000 
3 0.45898 0.08203 0.45898 
2 0.50000 0.50000 
1 1.00000 
1 1.00000 
2 0.50000 0.50000 
1 1.00000 
1 1.00000 
3 0.33333 0.33333 0.33333 
2 0.50000 0.50000 
1 1.00000 
1 1.00000 
2 0.50000 0.50000 
1 1.00000 
1 1.00000 
4 0.00000 0.00000 0.00000 1.00000 
3 0.33333 0.33333 0.33333 
2 0.50000 0.50000 
1 1.00000 
1 1.00000 
2 0.50000 0.50000 
1 1.00000 
1 1.00000 
3 0.00795 0.00073 0.99132 
2 0.50000 0.50000 
1 1.00000 
1 1.00000 
2 0.50000 0.50000 
1 1.00000 
1 1.00000 
5 0.00001 0.00001 0.99998 0.00001 0.00001 
4 0.00000 0.00000 0.00000 1.00000 
3 0.33333 0.33333 0.33333 
2 0.50000 0.50000 
1 1.00000 
1 1.00000 
2 0.50000 0.50000 
1 1.00000 
1 1.00000 
3 0.00008 0.00000 0.99992 
2 0.50000 0.50000 
1 1.00000 
1 1.00000 
2 0.00008 0.99992 
1 1.00000 
1 1.00000 
4 0.00000 0.00001 0.00000 0.99999 
3 0.00000 0.00000 1.00000 
2 0.50000 0.50000 
1 1.00000 
1 1.00000 
2 0.00000 1.00000 
1 1.00000 
1 1.00000 
3 0.00001 0.00001 0.99998 
2 0.50000 0.50000 
1 1.00000 
1 1.00000 
2 0.50000 0.50000 
1 1.00000 
1 1.00000 
6 0.00084 0.00081 0.00081 0.00081 0.00081 0.99592 
5 0.04934 0.00000 0.95066 0.00000 0.00000 
4 0.23638 0.23638 0.23638 0.29086 
3 0.50000 0.00000 0.50000 
2 0.50000 0.50000 
1 1.00000 
1 1.00000 
2 0.50000 0.50000 
1 1.00000 
1 1.00000 
3 0.31517 0.31517 0.36965 
2 0.50000 0.50000 
1 1.00000 
1 1.00000 
2 0.47276 0.52724 
1 1.00000 
1 1.00000 
4 0.00000 0.50000 0.00000 0.50000 
3 0.33333 0.33333 0.33333 
2 0.50000 0.50000 
1 1.00000 
1 1.00000 
2 0.50000 0.50000 
1 1.00000 
1 1.00000 
3 0.50000 0.00000 0.50000 
2 0.50000 0.50000 
1 1.00000 
1 1.00000 
2 0.50000 0.50000 
1 1.00000 
1 1.00000 
5 0.00092 0.00092 0.99634 0.00092 0.00092 
4 0.00000 0.00014 0.00000 0.99986 
3 0.33333 0.33333 0.33333 
2 0.50000 0.50000 
1 1.00000 
1 1.00000 
2 0.50000 0.50000 
1 1.00000 
1 1.00000 
3 0.50000 0.00000 0.50000 
2 0.50000 0.50000 
1 1.00000 
1 1.00000 
2 0.50000 0.50000 
1 1.00000 
1 1.00000 
4 0.00101 0.00101 0.00000 0.99799 
3 0.33333 0.33333 0.33333 
2 0.00570 0.99430 
1 1.00000 
1 1.00000 
2 0.50000 0.50000 
1 1.00000 
1 1.00000 
3 0.00162 0.00162 0.99676 
2 0.50000 0.50000 
1 1.00000 
1 1.00000 
2 0.00243 0.99757 
1 1.00000 
1 1.00000 
7 0.00000 0.99992 0.00000 0.00000 0.00000 0.00000 0.00008 
6 0.00346 0.00014 0.00260 0.00000 0.00000 0.99380 
5 0.20000 0.20000 0.20000 0.20000 0.20000 
4 0.00000 0.00000 0.00000 1.00000 
3 0.33333 0.33333 0.33333 
2 0.50000 0.50000 
1 1.00000 
1 1.00000 
2 0.50000 0.50000 
1 1.00000 
1 1.00000 
3 0.00059 0.00059 0.99882 
2 0.50000 0.50000 
1 1.00000 
1 1.00000 
2 0.07076 0.92924 
1 1.00000 
1 1.00000 
4 0.25000 0.25000 0.25000 0.25000 
3 0.00000 0.00000 1.00000 
2 0.50000 0.50000 
1 1.00000 
1 1.00000 
2 0.00000 1.00000 
1 1.00000 
1 1.00000 
3 0.33333 0.33333 0.33333 
2 0.00115 0.99885 
1 1.00000 
1 1.00000 
2 0.50000 0.50000 
1 1.00000 
1 1.00000 
5 0.00015 0.00030 0.71490 0.00000 0.28466 
4 0.00000 0.00007 0.00000 0.99993 
3 0.00000 0.00000 1.00000 
2 0.50000 0.50000 
1 1.00000 
1 1.00000 
2 0.00000 1.00000 
1 1.00000 
1 1.00000 
3 0.00006 0.00002 0.99992 
2 0.01194 0.98806 
1 1.00000 
1 1.00000 
2 0.00007 0.99993 
1 1.00000 
1 1.00000 
4 0.00000 0.00000 0.00000 1.00000 
3 0.33333 0.33333 0.33333 
2 0.50000 0.50000 
1 1.00000 
1 1.00000 
2 0.50000 0.50000 
1 1.00000 
1 1.00000 
3 0.00000 0.00000 1.00000 
2 0.50000 0.50000 
1 1.00000 
1 1.00000 
2 0.00000 1.00000 
1 1.00000 
1 1.00000 
6 0.16816 0.00000 0.00000 0.00000 0.00000 0.83184 
5 0.00071 0.00071 0.19048 0.00071 0.80738 
4 0.00011 0.00011 0.00011 0.99968 
3 0.33333 0.33333 0.33333 
2 0.50000 0.50000 
1 1.00000 
1 1.00000 
2 0.50000 0.50000 
1 1.00000 
1 1.00000 
3 0.00014 0.00014 0.99972 
2 0.50000 0.50000 
1 1.00000 
1 1.00000 
2 0.00021 0.99979 
1 1.00000 
1 1.00000 
4 0.00000 0.00000 0.00000 1.00000 
3 0.33333 0.33333 0.33333 
2 0.50000 0.50000 
1 1.00000 
1 1.00000 
2 0.50000 0.50000 
1 1.00000 
1 1.00000 
3 0.00119 0.00119 0.99762 
2 0.50000 0.50000 
1 1.00000 
1 1.00000 
2 0.50000 0.50000 
1 1.00000 
1 1.00000 
5 0.00001 0.00001 0.99994 0.00001 0.00001 
4 0.00000 0.00000 0.00000 1.00000 
3 0.33333 0.33333 0.33333 
2 0.50000 0.50000 
1 1.00000 
1 1.00000 
2 0.50000 0.50000 
1 1.00000 
1 1.00000 
3 0.00000 0.00000 1.00000 
2 0.50000 0.50000 
1 1.00000 
1 1.00000 
2 0.00000 1.00000 
1 1.00000 
1 1.00000 
4 0.00000 0.00000 0.00000 1.00000 
3 0.00000 0.00000 1.00000 
2 0.50000 0.50000 
1 1.00000 
1 1.00000 
2 0.00000 1.00000 
1 1.00000 
1 1.00000 
3 0.00005 0.00005 0.99990 
2 0.50000 0.50000 
1 1.00000 
1 1.00000 
2 0.50000 0.50000 
1 1.00000 
1 1.00000 
8 0.01191 0.00009 0.98799 0.00000 0.00000 0.00000 0.00000 0.00000 
7 0.00002 0.99972 0.00006 0.00000 0.00008 0.00000 0.00012 
6 0.00595 0.00001 0.00001 0.00003 0.00001 0.99398 
5 0.00000 0.00000 1.00000 0.00000 0.00000 
4 0.00067 0.00067 0.00067 0.99800 
3 0.33333 0.33333 0.33333 
2 0.50000 0.50000 
1 1.00000 
1 1.00000 
2 0.50000 0.50000 
1 1.00000 
1 1.00000 
3 0.00089 0.00089 0.99822 
2 0.50000 0.50000 
1 1.00000 
1 1.00000 
2 0.00134 0.99866 
1 1.00000 
1 1.00000 
4 0.00000 0.00000 0.00000 1.00000 
3 0.33333 0.33333 0.33333 
2 0.50000 0.50000 
1 1.00000 
1 1.00000 
2 0.50000 0.50000 
1 1.00000 
1 1.00000 
3 0.03252 0.03252 0.93497 
2 0.50000 0.50000 
1 1.00000 
1 1.00000 
2 0.50000 0.50000 
1 1.00000 
1 1.00000 
5 0.00002 0.00002 0.99992 0.00002 0.00002 
4 0.00002 0.00002 0.00002 0.99995 
3 0.33333 0.33333 0.33333 
2 0.50000 0.50000 
1 1.00000 
1 1.00000 
2 0.50000 0.50000 
1 1.00000 
1 1.00000 
3 0.00002 0.00002 0.99996 
2 0.50000 0.50000 
1 1.00000 
1 1.00000 
2 0.00012 0.99988 
1 1.00000 
1 1.00000 
4 0.00003 0.00025 0.00002 0.99970 
3 0.00000 0.00000 1.00000 
2 0.28478 0.71522 
1 1.00000 
1 1.00000 
2 0.00000 1.00000 
1 1.00000 
1 1.00000 
3 0.33333 0.33333 0.33333 
2 0.50000 0.50000 
1 1.00000 
1 1.00000 
2 0.50000 0.50000 
1 1.00000 
1 1.00000 
6 0.00011 0.00000 0.00000 0.00000 0.00000 0.99989 
5 0.01515 0.01142 0.97009 0.00167 0.00167 
4 0.20813 0.20813 0.20813 0.37560 
3 0.04215 0.04215 0.91571 
2 0.50000 0.50000 
1 1.00000 
1 1.00000 
2 0.06322 0.93678 
1 1.00000 
1 1.00000 
3 0.27751 0.27751 0.44497 
2 0.07680 0.92320 
1 1.00000 
1 1.00000 
2 0.50000 0.50000 
1 1.00000 
1 1.00000 
4 0.19140 0.00734 0.00208 0.79918 
3 0.33333 0.33333 0.33333 
2 0.00540 0.99460 
1 1.00000 
1 1.00000 
2 0.50000 0.50000 
1 1.00000 
1 1.00000 
3 0.00278 0.00278 0.99445 
2 0.50000 0.50000 
1 1.00000 
1 1.00000 
2 0.00416 0.99584 
1 1.00000 
1 1.00000 
5 0.00000 0.00000 1.00000 0.00000 0.00000 
4 0.00002 0.00001 0.00000 0.99998 
3 0.33333 0.33333 0.33333 
2 0.00654 0.99346 
1 1.00000 
1 1.00000 
2 0.50000 0.50000 
1 1.00000 
1 1.00000 
3 0.00000 0.00000 1.00000 
2 0.50000 0.50000 
1 1.00000 
1 1.00000 
2 0.00000 1.00000 
1 1.00000 
1 1.00000 
4 0.00000 0.00000 0.00000 1.00000 
3 0.09816 0.09816 0.80368 
2 0.50000 0.50000 
1 1.00000 
1 1.00000 
2 0.14724 0.85276 
1 1.00000 
1 1.00000 
3 0.00000 0.00000 1.00000 
2 0.16539 0.83461 
1 1.00000 
1 1.00000 
2 0.50000 0.50000 
1 1.00000 
1 1.00000 
7 0.00023 0.99169 0.00171 0.00000 0.00000 0.00000 0.00636 
6 0.09930 0.00000 0.00000 0.00000 0.00000 0.90070 
5 0.00037 0.00037 0.06044 0.00037 0.93845 
4 0.00044 0.00044 0.00044 0.99867 
3 0.33333 0.33333 0.33333 
2 0.50000 0.50000 
1 1.00000 
1 1.00000 
2 0.50000 0.50000 
1 1.00000 
1 1.00000 
3 0.00069 0.00069 0.99862 
2 0.50000 0.50000 
1 1.00000 
1 1.00000 
2 0.00137 0.99863 
1 1.00000 
1 1.00000 
4 0.00000 0.00000 0.00000 1.00000 
3 0.33333 0.33333 0.33333 
2 0.50000 0.50000 
1 1.00000 
1 1.00000 
2 0.50000 0.50000 
1 1.00000 
1 1.00000 
3 0.00062 0.00062 0.99877 
2 0.50000 0.50000 
1 1.00000 
1 1.00000 
2 0.00092 0.99908 
1 1.00000 
1 1.00000 
5 0.00000 0.00000 0.99999 0.00000 0.00000 
4 0.00000 0.00008 0.00000 0.99992 
3 0.33333 0.33333 0.33333 
2 0.25384 0.74616 
1 1.00000 
1 1.00000 
2 0.50000 0.50000 
1 1.00000 
1 1.00000 
3 0.00000 0.00000 1.00000 
2 0.50000 0.50000 
1 1.00000 
1 1.00000 
2 0.00000 1.00000 
1 1.00000 
1 1.00000 
4 0.00000 0.00000 0.00000 1.00000 
3 0.00000 0.00000 1.00000 
2 0.50000 0.50000 
1 1.00000 
1 1.00000 
2 0.00000 1.00000 
1 1.00000 
1 1.00000 
3 0.00001 0.00001 0.99997 
2 0.50000 0.50000 
1 1.00000 
1 1.00000 
2 0.00008 0.99992 
1 1.00000 
1 1.00000 
6 0.00030 0.00000 0.00000 0.00000 0.00000 0.99969 
5 0.20000 0.20000 0.20000 0.20000 0.20000 
4 0.03069 0.03069 0.03069 0.90792 
3 0.33333 0.33333 0.33333 
2 0.50000 0.50000 
1 1.00000 
1 1.00000 
2 0.50000 0.50000 
1 1.00000 
1 1.00000 
3 0.02947 0.02947 0.94107 
2 0.50000 0.50000 
1 1.00000 
1 1.00000 
2 0.06139 0.93861 
1 1.00000 
1 1.00000 
4 0.25000 0.25000 0.25000 0.25000 
3 0.33333 0.33333 0.33333 
2 0.50000 0.50000 
1 1.00000 
1 1.00000 
2 0.50000 0.50000 
1 1.00000 
1 1.00000 
3 0.33333 0.33333 0.33333 
2 0.50000 0.50000 
1 1.00000 
1 1.00000 
2 0.50000 0.50000 
1 1.00000 
1 1.00000 
5 0.00001 0.00001 0.99987 0.00001 0.00012 
4 0.00000 0.00000 0.00000 1.00000 
3 0.37353 0.25294 0.37353 
2 0.50000 0.50000 
1 1.00000 
1 1.00000 
2 0.50000 0.50000 
1 1.00000 
1 1.00000 
3 0.00000 0.00000 1.00000 
2 0.50000 0.50000 
1 1.00000 
1 1.00000 
2 0.00000 1.00000 
1 1.00000 
1 1.00000 
4 0.00000 0.00000 0.00000 1.00000 
3 0.33333 0.33333 0.33333 
2 0.50000 0.50000 
1 1.00000 
1 1.00000 
2 0.50000 0.50000 
1 1.00000 
1 1.00000 
3 0.00000 0.00000 1.00000 
2 0.50000 0.50000 
1 1.00000 
1 1.00000 
2 0.00000 1.00000 
1 1.00000 
1 1.00000 
9 0.00417 0.00738 0.98839 0.00000 0.00001 0.00004 0.00000 0.00000 0.00000 
7 0.11644 0.00249 0.00000 0.00032 0.00000 0.00000 0.88074 
5 0.05220 0.03680 0.00003 0.00000 0.91097 
3 0.00000 0.00000 1.00000 
1 1.00000 
2 0.00000 1.00000 
1 1.00000 
2 0.00000 1.00000 
1 1.00000 
1 1.00000 
4 0.00000 0.00000 0.00000 1.00000 
2 0.50000 0.50000 
1 1.00000 
1 1.00000 
3 0.02045 0.00000 0.97955 
1 1.00000 
2 0.00000 1.00000 
1 1.00000 
4 0.00000 0.00000 0.00000 1.00000 
2 0.50000 0.50000 
1 1.00000 
1 1.00000 
3 0.00000 0.00000 1.00000 
1 1.00000 
2 0.00000 1.00000 
1 1.00000 
3 0.33333 0.33333 0.33333 
1 1.00000 
2 0.50000 0.50000 
1 1.00000 
2 0.00000 1.00000 
1 1.00000 
1 1.00000 
6 0.00197 0.00007 0.99712 0.00000 0.00000 0.00084 
4 0.00000 0.00000 0.00000 1.00000 
2 0.50000 0.50000 
1 1.00000 
1 1.00000 
3 0.00000 0.00000 1.00000 
1 1.00000 
2 0.00000 1.00000 
1 1.00000 
3 0.00000 0.00000 1.00000 
1 1.00000 
2 0.00000 1.00000 
1 1.00000 
2 0.00000 1.00000 
1 1.00000 
1 1.00000 
5 0.00000 0.00000 0.00000 0.00000 1.00000 
3 0.33333 0.33333 0.33333 
1 1.00000 
2 0.50000 0.50000 
1 1.00000 
2 0.50000 0.50000 
1 1.00000 
1 1.00000 
4 0.00621 0.00546 0.00000 0.98833 
2 0.00000 1.00000 
1 1.00000 
1 1.00000 
3 0.00000 0.00000 1.00000 
1 1.00000 
2 0.00000 1.00000 
1 1.00000 
6 0.00003 0.00022 0.99904 0.00003 0.00003 0.00065 
4 0.00000 0.00000 0.00000 1.00000 
2 0.50000 0.50000 
1 1.00000 
1 1.00000 
3 0.00000 0.00000 1.00000 
1 1.00000 
2 0.00000 1.00000 
1 1.00000 
3 0.00000 0.00000 1.00000 
1 1.00000 
2 0.00000 1.00000 
1 1.00000 
2 0.00000 1.00000 
1 1.00000 
1 1.00000 
5 0.00020 0.00454 0.00017 0.00000 0.99509 
3 0.00000 0.00000 1.00000 
1 1.00000 
2 0.00000 1.00000 
1 1.00000 
2 0.00000 1.00000 
1 1.00000 
1 1.00000 
4 0.00000 0.00000 0.00000 1.00000 
2 0.50000 0.50000 
1 1.00000 
1 1.00000 
3 0.00000 0.00000 1.00000 
1 1.00000 
2 0.00000 1.00000 
1 1.00000 
5 0.00000 0.00000 0.00000 0.00000 1.00000 
3 0.00000 0.00000 1.00000 
1 1.00000 
2 0.00000 1.00000 
1 1.00000 
2 0.00000 1.00000 
1 1.00000 
1 1.00000 
4 0.00002 0.00000 0.00000 0.99998 
2 0.00000 1.00000 
1 1.00000 
1 1.00000 
3 0.00000 0.00000 1.00000 
1 1.00000 
2 0.00000 1.00000 
1 1.00000 
4 0.00000 0.00000 0.00000 1.00000 
2 0.50000 0.50000 
1 1.00000 
1 1.00000 
3 0.00000 0.00000 1.00000 
1 1.00000 
2 0.00000 1.00000 
1 1.00000 
3 0.00000 0.00000 1.00000 
1 1.00000 
2 0.00000 1.00000 
1 1.00000 
2 0.00000 1.00000 
1 1.00000 
1 1.00000 
8 0.01063 0.98931 0.00002 0.00000 0.00000 0.00000 0.00000 0.00004 
6 0.00001 0.00011 0.99987 0.00001 0.00001 0.00001 
4 0.00000 0.00000 0.00000 1.00000 
2 0.50000 0.50000 
1 1.00000 
1 1.00000 
3 0.00000 0.00000 1.00000 
1 1.00000 
2 0.00000 1.00000 
1 1.00000 
3 0.00000 0.00000 1.00000 
1 1.00000 
2 0.00000 1.00000 
1 1.00000 
2 0.00000 1.00000 
1 1.00000 
1 1.00000 
5 0.00001 0.00000 0.00488 0.00000 0.99511 
3 0.00000 0.00000 1.00000 
1 1.00000 
2 0.00000 1.00000 
1 1.00000 
2 0.50000 0.50000 
1 1.00000 
1 1.00000 
4 0.00123 0.00075 0.00000 0.99802 
2 0.00000 1.00000 
1 1.00000 
1 1.00000 
3 0.00000 0.00000 1.00000 
1 1.00000 
2 0.00000 1.00000 
1 1.00000 
5 0.00002 0.00001 0.00000 0.00000 0.99997 
3 0.00000 0.00000 1.00000 
1 1.00000 
2 0.00000 1.00000 
1 1.00000 
2 0.00000 1.00000 
1 1.00000 
1 1.00000 
4 0.00005 0.00000 0.00000 0.99995 
2 0.00000 1.00000 
1 1.00000 
1 1.00000 
3 0.00006 0.00000 0.99994 
1 1.00000 
2 0.00000 1.00000 
1 1.00000 
4 0.00000 0.00000 0.00000 1.00000 
2 0.50000 0.50000 
1 1.00000 
1 1.00000 
3 0.00000 0.00000 1.00000 
1 1.00000 
2 0.00000 1.00000 
1 1.00000 
3 0.00000 0.00000 1.00000 
1 1.00000 
2 0.00000 1.00000 
1 1.00000 
2 0.00000 1.00000 
1 1.00000 
1 1.00000 
7 0.99436 0.00006 0.00156 0.00000 0.00000 0.00000 0.00401 
5 0.00003 0.00001 0.00007 0.00000 0.99989 
3 0.00000 0.00000 1.00000 
1 1.00000 
2 0.00000 1.00000 
1 1.00000 
2 0.00000 1.00000 
1 1.00000 
1 1.00000 
4 0.00001 0.00009 0.00000 0.99990 
2 0.00000 1.00000 
1 1.00000 
1 1.00000 
3 0.00000 0.00000 1.00000 
1 1.00000 
2 0.00000 1.00000 
1 1.00000 
4 0.03249 0.00034 0.00000 0.96717 
2 0.00000 1.00000 
1 1.00000 
1 1.00000 
3 0.00000 0.00000 1.00000 
1 1.00000 
2 0.00000 1.00000 
1 1.00000 
3 0.00000 0.00000 1.00000 
1 1.00000 
2 0.00000 1.00000 
1 1.00000 
2 0.00000 1.00000 
1 1.00000 
1 1.00000 
6 0.00000 0.00003 0.99996 0.00000 0.00000 0.00000 
4 0.00000 0.00000 0.00000 1.00000 
2 0.50000 0.50000 
1 1.00000 
1 1.00000 
3 0.00000 0.00000 1.00000 
1 1.00000 
2 0.00000 1.00000 
1 1.00000 
3 0.15127 0.00000 0.84873 
1 1.00000 
2 0.00000 1.00000 
1 1.00000 
2 0.00000 1.00000 
1 1.00000 
1 1.00000 
5 0.00004 0.00003 0.00002 0.00000 0.99991 
3 0.00000 0.00000 1.00000 
1 1.00000 
2 0.00000 1.00000 
1 1.00000 
2 0.00000 1.00000 
1 1.00000 
1 1.00000 
4 0.00000 0.00000 0.00000 1.00000 
2 0.50000 0.50000 
1 1.00000 
1 1.00000 
3 0.00000 0.00000 1.00000 
1 1.00000 
2 0.00000 1.00000 
1 1.00000 
9 0.00665 0.01086 0.00003 0.00000 0.98242 0.00000 0.00000 0.00000 0.00003 
7 0.02741 0.00007 0.97237 0.00007 0.00007 0.00000 0.00000 
5 0.00000 0.00000 0.00000 0.00000 1.00000 
3 0.00000 0.00000 1.00000 
1 1.00000 
2 0.00000 1.00000 
1 1.00000 
2 0.00000 1.00000 
1 1.00000 
1 1.00000 
4 0.99707 0.00027 0.00000 0.00266 
2 0.00000 1.00000 
1 1.00000 
1 1.00000 
3 0.00000 0.00000 1.00000 
1 1.00000 
2 0.00000 1.00000 
1 1.00000 
4 0.10775 0.07998 0.00000 0.81226 
2 0.00000 1.00000 
1 1.00000 
1 1.00000 
3 0.00000 0.00000 1.00000 
1 1.00000 
2 0.00000 1.00000 
1 1.00000 
3 0.00000 0.00000 1.00000 
1 1.00000 
2 0.00000 1.00000 
1 1.00000 
2 0.00000 1.00000 
1 1.00000 
1 1.00000 
6 0.00000 0.00000 0.00000 0.00000 0.00000 1.00000 
4 0.00000 0.00000 0.00000 1.00000 
2 0.00000 1.00000 
1 1.00000 
1 1.00000 
3 0.00000 0.00000 1.00000 
1 1.00000 
2 0.00000 1.00000 
1 1.00000 
3 0.00000 0.00000 1.00000 
1 1.00000 
2 0.00000 1.00000 
1 1.00000 
2 0.00000 1.00000 
1 1.00000 
1 1.00000 
5 0.00222 0.00001 0.00001 0.00000 0.99777 
3 0.00000 0.00000 1.00000 
1 1.00000 
2 0.00000 1.00000 
1 1.00000 
2 0.00000 1.00000 
1 1.00000 
1 1.00000 
4 0.00567 0.00150 0.53321 0.45962 
2 0.00000 1.00000 
1 1.00000 
1 1.00000 
3 0.00000 0.00000 1.00000 
1 1.00000 
2 0.00000 1.00000 
1 1.00000 
6 0.00000 0.00254 0.00000 0.00000 0.00000 0.99746 
4 0.00000 0.00000 0.00000 1.00000 
2 0.00000 1.00000 
1 1.00000 
1 1.00000 
3 0.00000 0.00000 1.00000 
1 1.00000 
2 0.00000 1.00000 
1 1.00000 
3 0.00000 0.00000 1.00000 
1 1.00000 
2 0.00000 1.00000 
1 1.00000 
2 0.00000 1.00000 
1 1.00000 
1 1.00000 
5 0.05107 0.00004 0.00003 0.00000 0.94886 
3 0.00000 0.00000 1.00000 
1 1.00000 
2 0.00000 1.00000 
1 1.00000 
2 0.00000 1.00000 
1 1.00000 
1 1.00000 
4 0.00383 0.27906 0.71683 0.00028 
2 0.00000 1.00000 
1 1.00000 
1 1.00000 
3 0.00000 0.00000 1.00000 
1 1.00000 
2 0.00000 1.00000 
1 1.00000 
5 0.10923 0.00000 0.00000 0.00000 0.89077 
3 0.00000 0.00000 1.00000 
1 1.00000 
2 0.00000 1.00000 
1 1.00000 
2 0.00000 1.00000 
1 1.00000 
1 1.00000 
4 0.00000 0.00000 0.00000 1.00000 
2 0.00000 1.00000 
1 1.00000 
1 1.00000 
3 0.00000 0.00000 1.00000 
1 1.00000 
2 0.00000 1.00000 
1 1.00000 
4 0.28186 0.06125 0.00000 0.65690 
2 0.00000 1.00000 
1 1.00000 
1 1.00000 
3 0.00000 0.00000 1.00000 
1 1.00000 
2 0.00000 1.00000 
1 1.00000 
3 0.00000 0.00000 1.00000 
1 1.00000 
2 0.00000 1.00000 
1 1.00000 
2 0.00000 1.00000 
1 1.00000 
1 1.00000 
8 0.01730 0.00004 0.00000 0.98265 0.00000 0.00000 0.00000 0.00001 
6 0.00355 0.00044 0.00043 0.00069 0.00000 0.99489 
4 0.26423 0.00000 0.00000 0.73577 
2 0.00000 1.00000 
1 1.00000 
1 1.00000 
3 0.00000 0.00000 1.00000 
1 1.00000 
2 0.00000 1.00000 
1 1.00000 
3 0.00000 0.00000 1.00000 
1 1.00000 
2 0.00000 1.00000 
1 1.00000 
2 0.00000 1.00000 
1 1.00000 
1 1.00000 
5 0.12006 0.00044 0.00000 0.00000 0.87950 
3 0.00000 0.00000 1.00000 
1 1.00000 
2 0.00000 1.00000 
1 1.00000 
2 0.00000 1.00000 
1 1.00000 
1 1.00000 
4 0.00082 0.00009 0.99890 0.00019 
2 0.00000 1.00000 
1 1.00000 
1 1.00000 
3 0.00000 0.00000 1.00000 
1 1.00000 
2 0.00000 1.00000 
1 1.00000 
5 0.00000 0.00000 0.00000 0.00000 1.00000 
3 0.00000 0.00000 1.00000 
1 1.00000 
2 0.00000 1.00000 
1 1.00000 
2 0.00000 1.00000 
1 1.00000 
1 1.00000 
4 0.00000 0.00000 0.40462 0.59538 
2 0.00000 1.00000 
1 1.00000 
1 1.00000 
3 0.00000 0.00000 1.00000 
1 1.00000 
2 0.00000 1.00000 
1 1.00000 
4 0.00000 0.00000 0.00000 1.00000 
2 0.00000 1.00000 
1 1.00000 
1 1.00000 
3 0.00000 0.00000 1.00000 
1 1.00000 
2 0.00000 1.00000 
1 1.00000 
3 0.00000 0.00000 1.00000 
1 1.00000 
2 0.00000 1.00000 
1 1.00000 
2 0.00000 1.00000 
1 1.00000 
1 1.00000 
7 0.00002 0.00000 0.99997 0.00000 0.00000 0.00000 0.00000 
5 0.00000 0.00000 0.00000 0.00000 1.00000 
3 0.00000 0.00000 1.00000 
1 1.00000 
2 0.00000 1.00000 
1 1.00000 
2 0.00000 1.00000 
1 1.00000 
1 1.00000 
4 0.10714 0.00000 0.57974 0.31312 
2 0.00000 1.00000 
1 1.00000 
1 1.00000 
3 0.00000 0.00000 1.00000 
1 1.00000 
2 0.00000 1.00000 
1 1.00000 
4 0.11535 0.08652 0.00000 0.79813 
2 0.00000 1.00000 
1 1.00000 
1 1.00000 
3 0.00000 0.00000 1.00000 
1 1.00000 
2 0.00000 1.00000 
1 1.00000 
3 0.00000 0.00000 1.00000 
1 1.00000 
2 0.00000 1.00000 
1 1.00000 
2 0.00000 1.00000 
1 1.00000 
1 1.00000 
6 0.00000 0.00000 0.00000 0.00000 0.00000 1.00000 
4 0.00000 0.00000 0.00000 1.00000 
2 0.00000 1.00000 
1 1.00000 
1 1.00000 
3 0.00000 0.00000 1.00000 
1 1.00000 
2 0.00000 1.00000 
1 1.00000 
3 0.00000 0.00000 1.00000 
1 1.00000 
2 0.00000 1.00000 
1 1.00000 
2 0.00000 1.00000 
1 1.00000 
1 1.00000 
5 0.00000 0.00000 0.00000 0.00000 1.00000 
3 0.00000 0.00000 1.00000 
1 1.00000 
2 0.00000 1.00000 
1 1.00000 
2 0.00000 1.00000 
1 1.00000 
1 1.00000 
4 0.06961 0.05016 0.88021 0.00002 
2 0.00000 1.00000 
1 1.00000 
1 1.00000 
3 0.00000 0.00000 1.00000 
1 1.00000 
2 0.00000 1.00000 
1 1.00000 
9 0.34072 0.42214 0.10864 0.00023 0.12826 0.00000 0.00000 0.00000 0.00000 
8 0.21926 0.00706 0.77365 0.00003 0.00000 0.00000 0.00000 0.00000 
6 0.00356 0.00000 0.00002 0.00000 0.00000 0.99642 
4 0.00002 0.00002 0.00002 0.99994 
2 0.50000 0.50000 
1 1.00000 
1 1.00000 
3 0.00003 0.00003 0.99994 
1 1.00000 
2 0.00004 0.99996 
1 1.00000 
3 0.33333 0.33333 0.33333 
1 1.00000 
2 0.50000 0.50000 
1 1.00000 
2 0.00787 0.99213 
1 1.00000 
1 1.00000 
5 0.00000 0.00000 0.00000 0.00000 1.00000 
3 0.33333 0.33333 0.33333 
1 1.00000 
2 0.50000 0.50000 
1 1.00000 
2 0.50000 0.50000 
1 1.00000 
1 1.00000 
4 0.00000 0.00000 0.00000 1.00000 
2 0.50000 0.50000 
1 1.00000 
1 1.00000 
3 0.00000 0.00000 1.00000 
1 1.00000 
2 0.50000 0.50000 
1 1.00000 
5 0.00001 0.00001 0.00001 0.00001 0.99998 
3 0.33333 0.33333 0.33333 
1 1.00000 
2 0.50000 0.50000 
1 1.00000 
2 0.50000 0.50000 
1 1.00000 
1 1.00000 
4 0.00001 0.00001 0.00001 0.99998 
2 0.50000 0.50000 
1 1.00000 
1 1.00000 
3 0.00001 0.00001 0.99998 
1 1.00000 
2 0.00001 0.99999 
1 1.00000 
4 0.00000 0.00000 0.00000 1.00000 
2 0.50000 0.50000 
1 1.00000 
1 1.00000 
3 0.00000 0.00000 1.00000 
1 1.00000 
2 0.00000 1.00000 
1 1.00000 
3 0.00216 0.00216 0.99567 
1 1.00000 
2 0.00325 0.99675 
1 1.00000 
2 0.50000 0.50000 
1 1.00000 
1 1.00000 
7 0.00006 0.00029 0.00000 0.00000 0.00000 0.00000 0.99965 
5 0.00000 0.00000 0.07207 0.00000 0.92793 
3 0.33333 0.33333 0.33333 
1 1.00000 
2 0.50000 0.50000 
1 1.00000 
2 0.50000 0.50000 
1 1.00000 
1 1.00000 
4 0.00000 0.00000 0.00000 1.00000 
2 0.50000 0.50000 
1 1.00000 
1 1.00000 
3 0.00000 0.00000 1.00000 
1 1.00000 
2 0.00000 1.00000 
1 1.00000 
4 0.00019 0.00019 0.00019 0.99944 
2 0.50000 0.50000 
1 1.00000 
1 1.00000 
3 0.00025 0.00025 0.99950 
1 1.00000 
2 0.00037 0.99963 
1 1.00000 
3 0.33333 0.33333 0.33333 
1 1.00000 
2 0.50000 0.50000 
1 1.00000 
2 0.50000 0.50000 
1 1.00000 
1 1.00000 
6 0.41596 0.00019 0.00003 0.00000 0.00000 0.58382 
4 0.00000 0.00000 0.00000 1.00000 
2 0.50000 0.50000 
1 1.00000 
1 1.00000 
3 0.00000 0.00000 1.00000 
1 1.00000 
2 0.00000 1.00000 
1 1.00000 
3 0.00044 0.00044 0.99912 
1 1.00000 
2 0.04193 0.95807 
1 1.00000 
2 0.00372 0.99628 
1 1.00000 
1 1.00000 
5 0.00000 0.00000 0.00000 0.00000 1.00000 
3 0.33333 0.33333 0.33333 
1 1.00000 
2 0.50000 0.50000 
1 1.00000 
2 0.50000 0.50000 
1 1.00000 
1 1.00000 
4 0.00000 0.00000 0.00000 1.00000 
2 0.50000 0.50000 
1 1.00000 
1 1.00000 
3 0.00001 0.00001 0.99998 
1 1.00000 
2 0.50000 0.50000 
1 1.00000 
7 0.00007 0.00001 0.00003 0.00000 0.00000 0.00000 0.99989 
5 0.00000 0.00000 0.00000 0.00000 1.00000 
3 0.33333 0.33333 0.33333 
1 1.00000 
2 0.50000 0.50000 
1 1.00000 
2 0.50000 0.50000 
1 1.00000 
1 1.00000 
4 0.00000 0.00000 0.00000 1.00000 
2 0.50000 0.50000 
1 1.00000 
1 1.00000 
3 0.00000 0.00000 1.00000 
1 1.00000 
2 0.00000 1.00000 
1 1.00000 
4 0.00310 0.00310 0.00310 0.99069 
2 0.50000 0.50000 
1 1.00000 
1 1.00000 
3 0.00414 0.00414 0.99172 
1 1.00000 
2 0.00621 0.99379 
1 1.00000 
3 0.00197 0.00197 0.99606 
1 1.00000 
2 0.00295 0.99705 
1 1.00000 
2 0.50000 0.50000 
1 1.00000 
1 1.00000 
6 0.00032 0.00004 0.00026 0.00001 0.00001 0.99935 
4 0.00913 0.00913 0.00913 0.97261 
2 0.50000 0.50000 
1 1.00000 
1 1.00000 
3 0.01217 0.01217 0.97566 
1 1.00000 
2 0.01826 0.98174 
1 1.00000 
3 0.09256 0.09256 0.81488 
1 1.00000 
2 0.42619 0.57381 
1 1.00000 
2 0.02267 0.97733 
1 1.00000 
1 1.00000 
5 0.00011 0.00000 0.00000 0.00000 0.99988 
3 0.00792 0.00792 0.98416 
1 1.00000 
2 0.01188 0.98812 
1 1.00000 
2 0.50000 0.50000 
1 1.00000 
1 1.00000 
4 0.00000 0.00000 0.00000 0.99999 
2 0.50000 0.50000 
1 1.00000 
1 1.00000 
3 0.00000 0.00000 0.99999 
1 1.00000 
2 0.00000 1.00000 
1 1.00000 
6 0.99908 0.00000 0.00000 0.00000 0.00000 0.00091 
4 0.00000 0.00000 0.00000 1.00000 
2 0.50000 0.50000 
1 1.00000 
1 1.00000 
3 0.00000 0.00000 1.00000 
1 1.00000 
2 0.00000 1.00000 
1 1.00000 
3 0.28560 0.28560 0.42880 
1 1.00000 
2 0.50000 0.50000 
1 1.00000 
2 0.50000 0.50000 
1 1.00000 
1 1.00000 
5 0.99965 0.00000 0.00000 0.00000 0.00035 
3 0.00000 0.00000 1.00000 
1 1.00000 
2 0.00000 1.00000 
1 1.00000 
2 0.50000 0.50000 
1 1.00000 
1 1.00000 
4 0.00000 0.00000 0.00000 1.00000 
2 0.50000 0.50000 
1 1.00000 
1 1.00000 
3 0.00000 0.00000 0.99999 
1 1.00000 
2 0.00013 0.99987 
1 1.00000 
5 0.39868 0.00000 0.03103 0.00000 0.57029 
3 0.00037 0.00037 0.99925 
1 1.00000 
2 0.00056 0.99944 
1 1.00000 
2 0.50000 0.50000 
1 1.00000 
1 1.00000 
4 0.00000 0.00000 0.00000 1.00000 
2 0.50000 0.50000 
1 1.00000 
1 1.00000 
3 0.00000 0.00000 1.00000 
1 1.00000 
2 0.00000 1.00000 
1 1.00000 
4 0.00000 0.00000 0.00000 1.00000 
2 0.50000 0.50000 
1 1.00000 
1 1.00000 
3 0.00000 0.00000 1.00000 
1 1.00000 
2 0.00000 1.00000 
1 1.00000 
3 0.33333 0.33333 0.33333 
1 1.00000 
2 0.50000 0.50000 
1 1.00000 
2 0.50000 0.50000 
1 1.00000 
1 1.00000 
9 0.29793 0.33435 0.36755 0.00017 0.00000 0.00000 0.00000 0.00000 0.00000 
8 0.04972 0.94641 0.00000 0.00000 0.00000 0.00000 0.00000 0.00387 
6 0.00001 0.00001 0.99994 0.00001 0.00001 0.00001 
4 0.25000 0.25000 0.25000 0.25000 
2 0.50000 0.50000 
1 1.00000 
1 1.00000 
3 0.33333 0.33333 0.33333 
1 1.00000 
2 0.50000 0.50000 
1 1.00000 
3 0.33333 0.33333 0.33333 
1 1.00000 
2 0.50000 0.50000 
1 1.00000 
2 0.00004 0.99996 
1 1.00000 
1 1.00000 
5 0.00000 0.00000 0.00000 0.00000 1.00000 
3 0.33333 0.33333 0.33333 
1 1.00000 
2 0.50000 0.50000 
1 1.00000 
2 0.50000 0.50000 
1 1.00000 
1 1.00000 
4 0.00000 0.00000 0.00000 1.00000 
2 0.50000 0.50000 
1 1.00000 
1 1.00000 
3 0.00000 0.00000 1.00000 
1 1.00000 
2 0.00000 1.00000 
1 1.00000 
5 0.00000 0.00000 0.00000 0.00000 1.00000 
3 0.33333 0.33333 0.33333 
1 1.00000 
2 0.50000 0.50000 
1 1.00000 
2 0.50000 0.50000 
1 1.00000 
1 1.00000 
4 0.00000 0.00000 0.00000 1.00000 
2 0.50000 0.50000 
1 1.00000 
1 1.00000 
3 0.00000 0.00000 1.00000 
1 1.00000 
2 0.00000 1.00000 
1 1.00000 
4 0.25000 0.25000 0.25000 0.25000 
2 0.50000 0.50000 
1 1.00000 
1 1.00000 
3 0.33333 0.33333 0.33333 
1 1.00000 
2 0.50000 0.50000 
1 1.00000 
3 0.33333 0.33333 0.33333 
1 1.00000 
2 0.50000 0.50000 
1 1.00000 
2 0.50000 0.50000 
1 1.00000 
1 1.00000 
7 1.00000 0.00000 0.00000 0.00000 0.00000 0.00000 0.00000 
5 0.00000 0.00011 0.00000 0.00000 0.99989 
3 0.33333 0.33333 0.33333 
1 1.00000 
2 0.50000 0.50000 
1 1.00000 
2 0.50000 0.50000 
1 1.00000 
1 1.00000 
4 0.00001 0.00000 0.00000 0.99999 
2 0.50000 0.50000 
1 1.00000 
1 1.00000 
3 0.00046 0.00046 0.99907 
1 1.00000 
2 0.00000 1.00000 
1 1.00000 
4 0.25000 0.25000 0.25000 0.25000 
2 0.50000 0.50000 
1 1.00000 
1 1.00000 
3 0.33333 0.33333 0.33333 
1 1.00000 
2 0.50000 0.50000 
1 1.00000 
3 0.33333 0.33333 0.33333 
1 1.00000 
2 0.50000 0.50000 
1 1.00000 
2 0.50000 0.50000 
1 1.00000 
1 1.00000 
6 0.00000 0.00000 1.00000 0.00000 0.00000 0.00000 
4 0.25000 0.25000 0.25000 0.25000 
2 0.50000 0.50000 
1 1.00000 
1 1.00000 
3 0.33333 0.33333 0.33333 
1 1.00000 
2 0.50000 0.50000 
1 1.00000 
3 0.33333 0.33333 0.33333 
1 1.00000 
2 0.50000 0.50000 
1 1.00000 
2 0.00000 1.00000 
1 1.00000 
1 1.00000 
5 0.00000 0.00000 0.00000 0.00000 1.00000 
3 0.33333 0.33333 0.33333 
1 1.00000 
2 0.50000 0.50000 
1 1.00000 
2 0.50000 0.50000 
1 1.00000 
1 1.00000 
4 0.00000 0.00000 0.00000 1.00000 
2 0.50000 0.50000 
1 1.00000 
1 1.00000 
3 0.00000 0.00000 1.00000 
1 1.00000 
2 0.00000 1.00000 
1 1.00000 
7 1.00000 0.00000 0.00000 0.00000 0.00000 0.00000 0.00000 
5 0.00001 0.00001 0.00001 0.00001 0.99998 
3 0.22971 0.22971 0.54058 
1 1.00000 
2 0.50000 0.50000 
1 1.00000 
2 0.50000 0.50000 
1 1.00000 
1 1.00000 
4 0.00002 0.00000 0.00000 0.99998 
2 0.50000 0.50000 
1 1.00000 
1 1.00000 
3 0.00001 0.00001 0.99998 
1 1.00000 
2 0.00016 0.99984 
1 1.00000 
4 0.25000 0.25000 0.25000 0.25000 
2 0.50000 0.50000 
1 1.00000 
1 1.00000 
3 0.33333 0.33333 0.33333 
1 1.00000 
2 0.50000 0.50000 
1 1.00000 
3 0.33333 0.33333 0.33333 
1 1.00000 
2 0.50000 0.50000 
1 1.00000 
2 0.50000 0.50000 
1 1.00000 
1 1.00000 
6 0.00000 0.00000 1.00000 0.00000 0.00000 0.00000 
4 0.25000 0.25000 0.25000 0.25000 
2 0.50000 0.50000 
1 1.00000 
1 1.00000 
3 0.33333 0.33333 0.33333 
1 1.00000 
2 0.50000 0.50000 
1 1.00000 
3 0.33333 0.33333 0.33333 
1 1.00000 
2 0.50000 0.50000 
1 1.00000 
2 0.00002 0.99998 
1 1.00000 
1 1.00000 
5 0.00000 0.00000 0.00000 0.00000 1.00000 
3 0.33333 0.33333 0.33333 
1 1.00000 
2 0.50000 0.50000 
1 1.00000 
2 0.50000 0.50000 
1 1.00000 
1 1.00000 
4 0.00000 0.00000 0.00000 1.00000 
2 0.50000 0.50000 
1 1.00000 
1 1.00000 
3 0.00000 0.00000 1.00000 
1 1.00000 
2 0.00000 1.00000 
1 1.00000 
6 0.00000 0.00000 1.00000 0.00000 0.00000 0.00000 
4 0.25000 0.25000 0.25000 0.25000 
2 0.50000 0.50000 
1 1.00000 
1 1.00000 
3 0.33333 0.33333 0.33333 
1 1.00000 
2 0.50000 0.50000 
1 1.00000 
3 0.33333 0.33333 0.33333 
1 1.00000 
2 0.50000 0.50000 
1 1.00000 
2 0.00000 1.00000 
1 1.00000 
1 1.00000 
5 0.00000 0.00000 0.00000 0.00000 1.00000 
3 0.33333 0.33333 0.33333 
1 1.00000 
2 0.50000 0.50000 
1 1.00000 
2 0.50000 0.50000 
1 1.00000 
1 1.00000 
4 0.00000 0.00000 0.00000 1.00000 
2 0.50000 0.50000 
1 1.00000 
1 1.00000 
3 0.00000 0.00000 1.00000 
1 1.00000 
2 0.00000 1.00000 
1 1.00000 
5 0.00000 0.18843 0.00000 0.00000 0.81157 
3 0.33333 0.33333 0.33333 
1 1.00000 
2 0.50000 0.50000 
1 1.00000 
2 0.40390 0.59610 
1 1.00000 
1 1.00000 
4 0.50000 0.00000 0.00000 0.50000 
2 0.50000 0.50000 
1 1.00000 
1 1.00000 
3 0.33333 0.33333 0.33333 
1 1.00000 
2 0.00000 1.00000 
1 1.00000 
4 0.25000 0.25000 0.25000 0.25000 
2 0.50000 0.50000 
1 1.00000 
1 1.00000 
3 0.33333 0.33333 0.33333 
1 1.00000 
2 0.50000 0.50000 
1 1.00000 
3 0.33333 0.33333 0.33333 
1 1.00000 
2 0.50000 0.50000 
1 1.00000 
2 0.50000 0.50000 
1 1.00000 
1 1.00000 
9 0.16948 0.21482 0.49701 0.00001 0.01016 0.10852 0.00000 0.00000 0.00000 
8 0.64174 0.00001 0.10361 0.25464 0.00000 0.00000 0.00000 0.00000 
6 0.00000 0.00000 0.00000 0.00000 0.00000 0.99999 
4 0.25000 0.25000 0.25000 0.25000 
2 0.50000 0.50000 
1 1.00000 
1 1.00000 
3 0.33333 0.33333 0.33333 
1 1.00000 
2 0.50000 0.50000 
1 1.00000 
3 0.33333 0.33333 0.33333 
1 1.00000 
2 0.50000 0.50000 
1 1.00000 
2 0.50000 0.50000 
1 1.00000 
1 1.00000 
5 0.00001 0.00000 0.00000 0.00000 0.99999 
3 0.33333 0.33333 0.33333 
1 1.00000 
2 0.50000 0.50000 
1 1.00000 
2 0.10938 0.89062 
1 1.00000 
1 1.00000 
4 0.00000 0.00000 0.00000 1.00000 
2 0.50000 0.50000 
1 1.00000 
1 1.00000 
3 0.00000 0.00000 1.00000 
1 1.00000 
2 0.00000 1.00000 
1 1.00000 
5 0.38323 0.28573 0.09073 0.01923 0.22108 
3 0.01526 0.01526 0.96947 
1 1.00000 
2 0.02290 0.97710 
1 1.00000 
2 0.03035 0.96965 
1 1.00000 
1 1.00000 
4 0.02403 0.02403 0.02403 0.92790 
2 0.50000 0.50000 
1 1.00000 
1 1.00000 
3 0.03204 0.03204 0.93591 
1 1.00000 
2 0.04807 0.95193 
1 1.00000 
4 0.00000 0.00000 0.00000 0.99999 
2 0.50000 0.50000 
1 1.00000 
1 1.00000 
3 0.00000 0.00000 1.00000 
1 1.00000 
2 0.00000 1.00000 
1 1.00000 
3 0.00001 0.00001 0.99999 
1 1.00000 
2 0.00001 0.99999 
1 1.00000 
2 0.06385 0.93615 
1 1.00000 
1 1.00000 
7 0.01660 0.52191 0.46150 0.00000 0.00000 0.00000 0.00000 
5 0.00000 0.00000 0.00000 0.00000 1.00000 
3 0.33333 0.33333 0.33333 
1 1.00000 
2 0.50000 0.50000 
1 1.00000 
2 0.50000 0.50000 
1 1.00000 
1 1.00000 
4 0.00000 0.00000 0.00000 1.00000 
2 0.50000 0.50000 
1 1.00000 
1 1.00000 
3 0.00000 0.00000 1.00000 
1 1.00000 
2 0.00000 1.00000 
1 1.00000 
4 0.00000 0.00000 0.00000 1.00000 
2 0.50000 0.50000 
1 1.00000 
1 1.00000 
3 0.00000 0.00000 0.99999 
1 1.00000 
2 0.00001 0.99999 
1 1.00000 
3 0.00001 0.00001 0.99999 
1 1.00000 
2 0.00020 0.99980 
1 1.00000 
2 0.50000 0.50000 
1 1.00000 
1 1.00000 
6 0.00000 0.00000 0.00000 0.00000 0.00000 1.00000 
4 0.25000 0.25000 0.25000 0.25000 
2 0.50000 0.50000 
1 1.00000 
1 1.00000 
3 0.33333 0.33333 0.33333 
1 1.00000 
2 0.50000 0.50000 
1 1.00000 
3 0.33333 0.33333 0.33333 
1 1.00000 
2 0.50000 0.50000 
1 1.00000 
2 0.50000 0.50000 
1 1.00000 
1 1.00000 
5 0.00001 0.32010 0.57200 0.00000 0.10788 
3 0.13049 0.13049 0.73902 
1 1.00000 
2 0.50000 0.50000 
1 1.00000 
2 0.00000 1.00000 
1 1.00000 
1 1.00000 
4 0.00000 0.00000 0.00000 1.00000 
2 0.50000 0.50000 
1 1.00000 
1 1.00000 
3 0.00000 0.00000 1.00000 
1 1.00000 
2 0.00000 1.00000 
1 1.00000 
7 0.00002 0.00028 0.99971 0.00000 0.00000 0.00000 0.00000 
5 0.20000 0.20000 0.20000 0.20000 0.20000 
3 0.33333 0.33333 0.33333 
1 1.00000 
2 0.50000 0.50000 
1 1.00000 
2 0.50000 0.50000 
1 1.00000 
1 1.00000 
4 0.02097 0.02097 0.02097 0.93709 
2 0.50000 0.50000 
1 1.00000 
1 1.00000 
3 0.33333 0.33333 0.33333 
1 1.00000 
2 0.50000 0.50000 
1 1.00000 
4 0.04235 0.04235 0.04235 0.87296 
2 0.50000 0.50000 
1 1.00000 
1 1.00000 
3 0.00162 0.00162 0.99676 
1 1.00000 
2 0.00243 0.99757 
1 1.00000 
3 0.00002 0.00002 0.99996 
1 1.00000 
2 0.00005 0.99995 
1 1.00000 
2 0.50000 0.50000 
1 1.00000 
1 1.00000 
6 0.00000 0.00000 0.00000 0.00000 0.00000 1.00000 
4 0.25000 0.25000 0.25000 0.25000 
2 0.50000 0.50000 
1 1.00000 
1 1.00000 
3 0.33333 0.33333 0.33333 
1 1.00000 
2 0.50000 0.50000 
1 1.00000 
3 0.33333 0.33333 0.33333 
1 1.00000 
2 0.50000 0.50000 
1 1.00000 
2 0.50000 0.50000 
1 1.00000 
1 1.00000 
5 0.22544 0.00000 0.00000 0.00000 0.77456 
3 0.00000 0.00000 1.00000 
1 1.00000 
2 0.00000 1.00000 
1 1.00000 
2 0.50000 0.50000 
1 1.00000 
1 1.00000 
4 0.00000 0.00000 0.00000 1.00000 
2 0.50000 0.50000 
1 1.00000 
1 1.00000 
3 0.00000 0.00000 1.00000 
1 1.00000 
2 0.00000 1.00000 
1 1.00000 
6 0.00000 0.00000 0.00000 0.00000 0.00000 1.00000 
4 0.25000 0.25000 0.25000 0.25000 
2 0.50000 0.50000 
1 1.00000 
1 1.00000 
3 0.33333 0.33333 0.33333 
1 1.00000 
2 0.50000 0.50000 
1 1.00000 
3 0.33333 0.33333 0.33333 
1 1.00000 
2 0.50000 0.50000 
1 1.00000 
2 0.50000 0.50000 
1 1.00000 
1 1.00000 
5 0.00033 0.00000 0.00001 0.00000 0.99966 
3 0.01473 0.01473 0.97055 
1 1.00000 
2 0.02209 0.97791 
1 1.00000 
2 0.14543 0.85457 
1 1.00000 
1 1.00000 
4 0.00000 0.00000 0.00000 0.99999 
2 0.50000 0.50000 
1 1.00000 
1 1.00000 
3 0.00000 0.00000 1.00000 
1 1.00000 
2 0.00000 1.00000 
1 1.00000 
5 0.46654 0.00812 0.20546 0.00000 0.31989 
3 0.00000 0.00000 1.00000 
1 1.00000 
2 0.00000 1.00000 
1 1.00000 
2 0.50000 0.50000 
1 1.00000 
1 1.00000 
4 0.00000 0.00000 0.00000 1.00000 
2 0.50000 0.50000 
1 1.00000 
1 1.00000 
3 0.00000 0.00000 1.00000 
1 1.00000 
2 0.00000 1.00000 
1 1.00000 
4 0.00001 0.00001 0.00001 0.99996 
2 0.50000 0.50000 
1 1.00000 
1 1.00000 
3 0.00002 0.00002 0.99997 
1 1.00000 
2 0.00002 0.99998 
1 1.00000 
3 0.00023 0.00023 0.99955 
1 1.00000 
2 0.00044 0.99956 
1 1.00000 
2 0.50000 0.50000 
1 1.00000 
1 1.00000 
9 0.30175 0.21714 0.45468 0.00006 0.00005 0.02632 0.00000 0.00000 0.00000 
8 0.23560 0.00000 0.00000 0.00001 0.00000 0.00000 0.00000 0.76439 
6 0.00298 0.00000 0.00001 0.00000 0.00000 0.99701 
4 0.00002 0.00002 0.00000 0.99995 
2 0.00000 1.00000 
1 1.00000 
1 1.00000 
3 0.00000 0.00000 1.00000 
1 1.00000 
2 0.00000 1.00000 
1 1.00000 
3 0.00000 0.00000 1.00000 
1 1.00000 
2 0.00000 1.00000 
1 1.00000 
2 0.00000 1.00000 
1 1.00000 
1 1.00000 
5 0.00000 0.00000 0.00000 0.00000 1.00000 
3 0.00000 0.00000 1.00000 
1 1.00000 
2 0.00000 1.00000 
1 1.00000 
2 0.00000 1.00000 
1 1.00000 
1 1.00000 
4 0.00600 0.00600 0.00000 0.98800 
2 0.00000 1.00000 
1 1.00000 
1 1.00000 
3 0.00000 0.00000 1.00000 
1 1.00000 
2 0.00000 1.00000 
1 1.00000 
5 0.02445 0.00000 0.00000 0.00000 0.97555 
3 0.00000 0.00000 1.00000 
1 1.00000 
2 0.00000 1.00000 
1 1.00000 
2 0.00000 1.00000 
1 1.00000 
1 1.00000 
4 0.27095 0.03973 0.00000 0.68932 
2 0.00000 1.00000 
1 1.00000 
1 1.00000 
3 0.00000 0.00000 1.00000 
1 1.00000 
2 0.00000 1.00000 
1 1.00000 
4 0.25775 0.01321 0.00000 0.72905 
2 0.00000 1.00000 
1 1.00000 
1 1.00000 
3 0.00000 0.00000 1.00000 
1 1.00000 
2 0.00000 1.00000 
1 1.00000 
3 0.00000 0.00000 1.00000 
1 1.00000 
2 0.00000 1.00000 
1 1.00000 
2 0.00000 1.00000 
1 1.00000 
1 1.00000 
7 0.03104 0.03552 0.93344 0.00000 0.00000 0.00000 0.00000 
5 0.00000 0.00000 0.00000 0.00000 1.00000 
3 0.00000 0.00000 1.00000 
1 1.00000 
2 0.00000 1.00000 
1 1.00000 
2 0.00000 1.00000 
1 1.00000 
1 1.00000 
4 0.05677 0.05677 0.00000 0.88646 
2 0.00000 1.00000 
1 1.00000 
1 1.00000 
3 0.00000 0.00000 1.00000 
1 1.00000 
2 0.00000 1.00000 
1 1.00000 
4 0.00001 0.00001 0.00000 0.99999 
2 0.00000 1.00000 
1 1.00000 
1 1.00000 
3 0.00000 0.00000 1.00000 
1 1.00000 
2 0.00000 1.00000 
1 1.00000 
3 0.00000 0.00000 1.00000 
1 1.00000 
2 0.00000 1.00000 
1 1.00000 
2 0.00000 1.00000 
1 1.00000 
1 1.00000 
6 0.00006 0.00006 0.00002 0.00000 0.00000 0.99986 
4 0.00220 0.00220 0.00000 0.99561 
2 0.00000 1.00000 
1 1.00000 
1 1.00000 
3 0.00000 0.00000 1.00000 
1 1.00000 
2 0.00000 1.00000 
1 1.00000 
3 0.00000 0.00000 1.00000 
1 1.00000 
2 0.00000 1.00000 
1 1.00000 
2 0.00000 1.00000 
1 1.00000 
1 1.00000 
5 0.00000 0.00000 0.00000 0.00000 1.00000 
3 0.00000 0.00000 1.00000 
1 1.00000 
2 0.00000 1.00000 
1 1.00000 
2 0.00000 1.00000 
1 1.00000 
1 1.00000 
4 0.00000 0.00000 0.00000 0.99999 
2 0.00000 1.00000 
1 1.00000 
1 1.00000 
3 0.00000 0.00000 1.00000 
1 1.00000 
2 0.00000 1.00000 
1 1.00000 
7 0.00013 0.00000 0.99987 0.00000 0.00000 0.00000 0.00000 
5 0.00197 0.00000 0.00000 0.00000 0.99803 
3 0.00000 0.00000 1.00000 
1 1.00000 
2 0.00000 1.00000 
1 1.00000 
2 0.00000 1.00000 
1 1.00000 
1 1.00000 
4 0.00320 0.00320 0.00000 0.99360 
2 0.00000 1.00000 
1 1.00000 
1 1.00000 
3 0.00000 0.00000 1.00000 
1 1.00000 
2 0.00000 1.00000 
1 1.00000 
4 0.50000 0.50000 0.00000 0.00000 
2 0.00000 1.00000 
1 1.00000 
1 1.00000 
3 0.00000 0.00000 1.00000 
1 1.00000 
2 0.00000 1.00000 
1 1.00000 
3 0.00000 0.00000 1.00000 
1 1.00000 
2 0.00000 1.00000 
1 1.00000 
2 0.00000 1.00000 
1 1.00000 
1 1.00000 
6 0.00024 0.39209 0.00001 0.00000 0.00000 0.60766 
4 0.00079 0.00079 0.00000 0.99842 
2 0.00000 1.00000 
1 1.00000 
1 1.00000 
3 0.00000 0.00000 1.00000 
1 1.00000 
2 0.00000 1.00000 
1 1.00000 
3 0.00000 0.00000 1.00000 
1 1.00000 
2 0.00000 1.00000 
1 1.00000 
2 0.00000 1.00000 
1 1.00000 
1 1.00000 
5 0.00000 0.00000 0.00000 0.00000 1.00000 
3 0.00000 0.00000 1.00000 
1 1.00000 
2 0.00000 1.00000 
1 1.00000 
2 0.00000 1.00000 
1 1.00000 
1 1.00000 
4 0.00000 0.00000 0.00000 1.00000 
2 0.00000 1.00000 
1 1.00000 
1 1.00000 
3 0.00000 0.00000 1.00000 
1 1.00000 
2 0.00000 1.00000 
1 1.00000 
6 0.00137 0.00119 0.00001 0.00000 0.00000 0.99743 
4 0.00007 0.00007 0.00000 0.99987 
2 0.00000 1.00000 
1 1.00000 
1 1.00000 
3 0.00000 0.00000 1.00000 
1 1.00000 
2 0.00000 1.00000 
1 1.00000 
3 0.00000 0.00000 1.00000 
1 1.00000 
2 0.00000 1.00000 
1 1.00000 
2 0.00000 1.00000 
1 1.00000 
1 1.00000 
5 0.00000 0.00000 0.00000 0.00000 1.00000 
3 0.00000 0.00000 1.00000 
1 1.00000 
2 0.00000 1.00000 
1 1.00000 
2 0.00000 1.00000 
1 1.00000 
1 1.00000 
4 0.00000 0.00000 0.00000 1.00000 
2 0.00000 1.00000 
1 1.00000 
1 1.00000 
3 0.00000 0.00000 1.00000 
1 1.00000 
2 0.00000 1.00000 
1 1.00000 
5 0.00249 0.00000 0.00000 0.00000 0.99751 
3 0.00000 0.00000 1.00000 
1 1.00000 
2 0.00000 1.00000 
1 1.00000 
2 0.00000 1.00000 
1 1.00000 
1 1.00000 
4 0.01492 0.01492 0.00000 0.97016 
2 0.00000 1.00000 
1 1.00000 
1 1.00000 
3 0.00000 0.00000 1.00000 
1 1.00000 
2 0.00000 1.00000 
1 1.00000 
4 0.00494 0.00494 0.00000 0.99012 
2 0.00000 1.00000 
1 1.00000 
1 1.00000 
3 0.00000 0.00000 1.00000 
1 1.00000 
2 0.00000 1.00000 
1 1.00000 
3 0.00000 0.00000 1.00000 
1 1.00000 
2 0.00000 1.00000 
1 1.00000 
2 0.00000 1.00000 
1 1.00000 
1 1.00000 
9 0.00002 0.00004 0.99983 0.00000 0.00000 0.00011 0.00000 0.00000 0.00000 
8 0.00412 0.00000 0.00000 0.99588 0.00000 0.00000 0.00000 0.00000 
6 0.16667 0.16667 0.16667 0.16667 0.16667 0.16667 
4 0.25000 0.25000 0.25000 0.25000 
2 0.50000 0.50000 
1 1.00000 
1 1.00000 
3 0.33333 0.33333 0.33333 
1 1.00000 
2 0.50000 0.50000 
1 1.00000 
3 0.33333 0.33333 0.33333 
1 1.00000 
2 0.50000 0.50000 
1 1.00000 
2 0.50000 0.50000 
1 1.00000 
1 1.00000 
5 0.20000 0.20000 0.20000 0.20000 0.20000 
3 0.33333 0.33333 0.33333 
1 1.00000 
2 0.50000 0.50000 
1 1.00000 
2 0.50000 0.50000 
1 1.00000 
1 1.00000 
4 0.25000 0.25000 0.25000 0.25000 
2 0.50000 0.50000 
1 1.00000 
1 1.00000 
3 0.33333 0.33333 0.33333 
1 1.00000 
2 0.50000 0.50000 
1 1.00000 
5 0.20000 0.20000 0.20000 0.20000 0.20000 
3 0.33333 0.33333 0.33333 
1 1.00000 
2 0.50000 0.50000 
1 1.00000 
2 0.50000 0.50000 
1 1.00000 
1 1.00000 
4 0.25000 0.25000 0.25000 0.25000 
2 0.50000 0.50000 
1 1.00000 
1 1.00000 
3 0.33333 0.33333 0.33333 
1 1.00000 
2 0.50000 0.50000 
1 1.00000 
4 0.25000 0.25000 0.25000 0.25000 
2 0.50000 0.50000 
1 1.00000 
1 1.00000 
3 0.33333 0.33333 0.33333 
1 1.00000 
2 0.50000 0.50000 
1 1.00000 
3 0.00000 0.20190 0.79810 
1 1.00000 
2 0.16994 0.83006 
1 1.00000 
2 0.50000 0.50000 
1 1.00000 
1 1.00000 
7 0.00000 0.00000 1.00000 0.00000 0.00000 0.00000 0.00000 
5 0.20000 0.20000 0.20000 0.20000 0.20000 
3 0.33333 0.33333 0.33333 
1 1.00000 
2 0.50000 0.50000 
1 1.00000 
2 0.50000 0.50000 
1 1.00000 
1 1.00000 
4 0.25000 0.25000 0.25000 0.25000 
2 0.50000 0.50000 
1 1.00000 
1 1.00000 
3 0.33333 0.33333 0.33333 
1 1.00000 
2 0.50000 0.50000 
1 1.00000 
4 0.25000 0.25000 0.25000 0.25000 
2 0.50000 0.50000 
1 1.00000 
1 1.00000 
3 0.33333 0.33333 0.33333 
1 1.00000 
2 0.50000 0.50000 
1 1.00000 
3 0.00000 0.50000 0.50000 
1 1.00000 
2 0.50000 0.50000 
1 1.00000 
2 0.50000 0.50000 
1 1.00000 
1 1.00000 
6 0.00000 0.48569 0.00000 0.00000 0.00000 0.51431 
4 0.25000 0.25000 0.25000 0.25000 
2 0.50000 0.50000 
1 1.00000 
1 1.00000 
3 0.33333 0.33333 0.33333 
1 1.00000 
2 0.50000 0.50000 
1 1.00000 
3 0.20086 0.20086 0.59828 
1 1.00000 
2 0.45205 0.54795 
1 1.00000 
2 0.50000 0.50000 
1 1.00000 
1 1.00000 
5 0.50000 0.00000 0.00000 0.00000 0.50000 
3 0.33333 0.33333 0.33333 
1 1.00000 
2 0.50000 0.50000 
1 1.00000 
2 0.50000 0.50000 
1 1.00000 
1 1.00000 
4 0.00000 0.00000 1.00000 0.00000 
2 0.50000 0.50000 
1 1.00000 
1 1.00000 
3 0.00000 0.00000 1.00000 
1 1.00000 
2 0.50000 0.50000 
1 1.00000 
7 0.03649 0.05753 0.90598 0.00000 0.00000 0.00000 0.00000 
5 0.16658 0.00000 0.00000 0.00000 0.83342 
3 0.00000 0.50000 0.50000 
1 1.00000 
2 0.50000 0.50000 
1 1.00000 
2 0.50000 0.50000 
1 1.00000 
1 1.00000 
4 0.00000 0.00000 1.00000 0.00000 
2 0.50000 0.50000 
1 1.00000 
1 1.00000 
3 0.00000 0.00000 1.00000 
1 1.00000 
2 0.00000 1.00000 
1 1.00000 
4 0.00000 0.00000 1.00000 0.00000 
2 0.50000 0.50000 
1 1.00000 
1 1.00000 
3 0.00000 0.50000 0.50000 
1 1.00000 
2 0.00000 1.00000 
1 1.00000 
3 0.00000 0.49832 0.50168 
1 1.00000 
2 0.05986 0.94014 
1 1.00000 
2 0.50000 0.50000 
1 1.00000 
1 1.00000 
6 0.00000 0.28564 0.00000 0.00000 0.00000 0.71436 
4 0.25000 0.25000 0.25000 0.25000 
2 0.50000 0.50000 
1 1.00000 
1 1.00000 
3 0.33333 0.33333 0.33333 
1 1.00000 
2 0.50000 0.50000 
1 1.00000 
3 0.26774 0.26774 0.46451 
1 1.00000 
2 0.50000 0.50000 
1 1.00000 
2 0.50000 0.50000 
1 1.00000 
1 1.00000 
5 0.34512 0.00000 0.00000 0.00000 0.65488 
3 0.05107 0.05107 0.89787 
1 1.00000 
2 0.07660 0.92340 
1 1.00000 
2 0.50000 0.50000 
1 1.00000 
1 1.00000 
4 0.00000 0.00000 1.00000 0.00000 
2 0.50000 0.50000 
1 1.00000 
1 1.00000 
3 0.00000 0.02200 0.97800 
1 1.00000 
2 0.50000 0.50000 
1 1.00000 
6 0.00000 0.48923 0.00000 0.00000 0.00000 0.51077 
4 0.25000 0.25000 0.25000 0.25000 
2 0.50000 0.50000 
1 1.00000 
1 1.00000 
3 0.33333 0.33333 0.33333 
1 1.00000 
2 0.50000 0.50000 
1 1.00000 
3 0.00001 0.00001 0.99998 
1 1.00000 
2 0.00008 0.99992 
1 1.00000 
2 0.50000 0.50000 
1 1.00000 
1 1.00000 
5 0.27748 0.00000 0.00000 0.00000 0.72252 
3 0.00006 0.00006 0.99989 
1 1.00000 
2 0.00025 0.99975 
1 1.00000 
2 0.50000 0.50000 
1 1.00000 
1 1.00000 
4 0.00000 0.00000 1.00000 0.00000 
2 0.50000 0.50000 
1 1.00000 
1 1.00000 
3 0.00000 0.50000 0.50000 
1 1.00000 
2 0.00005 0.99995 
1 1.00000 
5 0.20000 0.20000 0.20000 0.20000 0.20000 
3 0.33333 0.33333 0.33333 
1 1.00000 
2 0.50000 0.50000 
1 1.00000 
2 0.50000 0.50000 
1 1.00000 
1 1.00000 
4 0.25000 0.25000 0.25000 0.25000 
2 0.50000 0.50000 
1 1.00000 
1 1.00000 
3 0.33333 0.33333 0.33333 
1 1.00000 
2 0.50000 0.50000 
1 1.00000 
4 0.25000 0.25000 0.25000 0.25000 
2 0.50000 0.50000 
1 1.00000 
1 1.00000 
3 0.33333 0.33333 0.33333 
1 1.00000 
2 0.50000 0.50000 
1 1.00000 
3 0.14143 0.42928 0.42928 
1 1.00000 
2 0.50000 0.50000 
1 1.00000 
2 0.50000 0.50000 
1 1.00000 
1 1.00000 
