0 0 2.36877 
1 0 1.18439 
2 0.037037 0.789591 
3 0.0277778 1.12982 
4 0.921405 1.33551 
5 0.767837 1.33461 
6 0.991865 1.30909 
7 1.25958 1.15519 
8 1.11962 1.02683 
9 1.05208 0.928312 
10 1.0175 0.844256 
11 1.29526 0.901106 
12 1.20496 0.911882 
13 1.12771 0.919238 
14 1.04538 0.899297 
15 0.99304 0.843091 
16 1.08578 0.825443 
17 1.05843 0.780611 
18 1.11923 0.742769 
19 1.08291 0.726635 
20 1.03684 0.702373 
21 1.05477 0.700579 
22 1.03835 0.688234 
23 0.992493 0.704578 
24 0.96944 0.681217 
25 0.935762 0.665082 
26 0.949218 0.657052 
27 0.942736 0.668362 
28 0.919186 0.650708 
29 0.967748 0.629018 
30 0.963472 0.613657 
31 0.946439 0.601791 
32 0.927052 0.58625 
33 0.934227 0.572429 
34 0.920797 0.558309 
35 0.903226 0.569467 
36 0.888752 0.556641 
37 0.885838 0.543947 
38 0.872353 0.538478 
39 0.859465 0.526243 
40 0.839368 0.515375 
41 0.824086 0.509095 
42 0.80753 0.502563 
43 0.795586 0.49975 
44 0.786575 0.487855 
45 0.789681 0.482234 
46 0.782651 0.48143 
47 0.769299 0.477763 
48 0.768379 0.467074 
49 0.753139 0.455978 
50 0.743867 0.446611 
51 0.744192 0.444292 
52 0.73496 0.458796 
53 0.722224 0.450299 
54 0.709531 0.444583 
55 0.717163 0.4438 
56 0.703985 0.436014 
57 0.699471 0.439275 
58 0.689162 0.437158 
59 0.67708 0.429888 
60 0.664718 0.423886 
61 0.660041 0.416998 
62 0.651963 0.409646 
63 0.647586 0.416781 
64 0.633952 0.411616 
65 0.633268 0.420867 
66 0.626374 0.414586 
67 0.626807 0.411 
68 0.617355 0.409946 
69 0.612562 0.402798 
70 0.603062 0.399615 
71 0.594157 0.394065 
72 0.584362 0.393357 
73 0.573206 0.388041 
74 0.5837 0.385452 
75 0.572538 0.381238 
76 0.571459 0.376297 
77 0.566125 0.371473 
78 0.563371 0.366771 
79 0.564357 0.364414 
80 0.564762 0.360734 
81 0.55735 0.356907 
82 0.551059 0.354531 
83 0.550053 0.350757 
84 0.548572 0.349704 
85 0.536245 0.34491 
86 0.526793 0.341376 
87 0.520607 0.339379 
88 0.517813 0.336572 
89 0.51731 0.332634 
90 0.515959 0.328979 
91 0.515919 0.324743 
92 0.511744 0.330327 
93 0.507982 0.326813 
94 0.500632 0.325528 
95 0.500111 0.32542 
96 0.499815 0.322065 
97 0.498827 0.319582 
98 0.499619 0.316354 
99 0.494623 0.315147 
100 0.494251 0.312613 
101 0.492571 0.31118 
102 0.49 0.308549 
103 0.489436 0.307255 
104 0.489577 0.30521 
105 0.483071 0.302572 
106 0.480468 0.299744 
107 0.473583 0.298092 
108 0.471224 0.297495 
109 0.467241 0.294441 
110 0.464795 0.291788 
111 0.462173 0.293868 
112 0.458916 0.294245 
113 0.461156 0.291379 
114 0.459691 0.292526 
115 0.458072 0.291597 
116 0.455117 0.288633 
117 0.45222 0.288966 
118 0.449281 0.286525 
119 0.444655 0.284326 
120 0.444972 0.283628 
121 0.444183 0.282797 
122 0.440988 0.280837 
123 0.434959 0.278572 
124 0.432137 0.277441 
125 0.431076 0.275825 
126 0.433039 0.273653 
127 0.430347 0.272356 
128 0.427998 0.270245 
129 0.425291 0.26923 
130 0.425652 0.267307 
131 0.419754 0.264672 
132 0.421755 0.262871 
133 0.417904 0.260909 
134 0.415298 0.262424 
135 0.410628 0.259536 
136 0.406425 0.258431 
137 0.403772 0.256558 
138 0.399434 0.256711 
139 0.400356 0.255933 
140 0.399929 0.253875 
141 0.396265 0.253011 
142 0.392524 0.250893 
143 0.39263 0.249151 
144 0.389123 0.250398 
145 0.39134 0.248309 
146 0.389981 0.24692 
147 0.391076 0.244714 
148 0.388492 0.243071 
149 0.387814 0.240107 
150 0.386023 0.238865 
151 0.383434 0.237554 
152 0.37953 0.237776 
153 0.377103 0.239495 
154 0.374691 0.238098 
155 0.372384 0.236049 
156 0.370057 0.235213 
157 0.367845 0.235772 
158 0.365531 0.236655 
159 0.365738 0.234084 
160 0.369288 0.234364 
161 0.367504 0.236275 
162 0.364391 0.235228 
163 0.362294 0.233165 
164 0.359969 0.232336 
165 0.356654 0.23015 
166 0.357094 0.229099 
167 0.358336 0.227735 
168 0.355753 0.227715 
169 0.352735 0.227808 
170 0.349711 0.227748 
171 0.350651 0.226576 
172 0.348624 0.225934 
173 0.346959 0.22591 
174 0.347399 0.224619 
175 0.347234 0.223652 
176 0.34652 0.222388 
177 0.344582 0.221695 
178 0.342696 0.220174 
179 0.341994 0.218902 
180 0.339882 0.220249 
181 0.338615 0.217778 
182 0.336267 0.2168 
183 0.334376 0.217149 
184 0.332794 0.215656 
185 0.332648 0.214475 
186 0.331441 0.213352 
187 0.329668 0.210661 
188 0.330753 0.209781 
189 0.329532 0.208677 
190 0.32758 0.208382 
191 0.325945 0.209568 
192 0.32624 0.20655 
193 0.32447 0.206045 
194 0.322908 0.205115 
195 0.320677 0.204025 
196 0.320066 0.20443 
197 0.318355 0.205757 
198 0.316768 0.204617 
199 0.315197 0.203423 
200 0.313518 0.204141 
201 0.312069 0.20324 
202 0.310415 0.200781 
203 0.309232 0.200879 
204 0.307465 0.200145 
205 0.305815 0.199823 
206 0.304355 0.198601 
207 0.302716 0.197647 
208 0.299758 0.1982 
209 0.297922 0.197717 
210 0.297701 0.199082 
211 0.29597 0.199296 
212 0.294749 0.199969 
213 0.291987 0.200158 
214 0.290676 0.200091 
215 0.293508 0.198959 
216 0.29152 0.198042 
217 0.2907 0.195398 
218 0.287221 0.196376 
219 0.285411 0.195484 
220 0.283268 0.195208 
221 0.282742 0.19675 
222 0.280854 0.195923 
223 0.27997 0.195928 
224 0.278208 0.195298 
225 0.276977 0.196207 
226 0.275167 0.195787 
227 0.273031 0.194625 
228 0.273083 0.193775 
229 0.270793 0.192933 
230 0.273782 0.192098 
231 0.271562 0.19127 
232 0.270397 0.190876 
233 0.269658 0.190061 
234 0.268428 0.189276 
235 0.270032 0.188474 
236 0.268646 0.18889 
237 0.267195 0.188096 
238 0.266737 0.187309 
239 0.266733 0.186461 
240 0.266411 0.186197 
241 0.266841 0.186269 
242 0.264975 0.185062 
243 0.263739 0.185365 
244 0.262663 0.184778 
245 0.261487 0.184047 
246 0.258936 0.183672 
247 0.260337 0.182831 
248 0.258938 0.182871 
249 0.259932 0.182139 
250 0.259175 0.181414 
251 0.256563 0.181733 
252 0.25481 0.181486 
253 0.2539 0.182009 
254 0.251223 0.180615 
255 0.251628 0.179909 
256 0.253274 0.179076 
257 0.253678 0.178307 
258 0.253394 0.177347 
259 0.253044 0.176762 
260 0.255 0.177284 
261 0.254042 0.178281 
262 0.253079 0.177603 
263 0.25247 0.176931 
264 0.251575 0.175878 
265 0.250632 0.175217 
266 0.250745 0.174864 
267 0.249822 0.174866 
268 0.249595 0.174684 
269 0.248774 0.174037 
270 0.248629 0.173395 
271 0.247901 0.173023 
272 0.247135 0.172389 
273 0.247775 0.171262 
274 0.246874 0.17064 
275 0.246621 0.171227 
276 0.245731 0.172719 
277 0.245148 0.172869 
278 0.24427 0.172802 
279 0.243394 0.17145 
280 0.243966 0.170418 
281 0.244911 0.169814 
282 0.244336 0.17001 
283 0.243405 0.169411 
284 0.242551 0.169368 
285 0.241903 0.168775 
286 0.241061 0.168409 
287 0.24228 0.167347 
288 0.241799 0.167965 
289 0.242086 0.167386 
290 0.242311 0.167541 
291 0.240795 0.166572 
292 0.240645 0.166737 
293 0.240832 0.16617 
294 0.239647 0.165607 
295 0.240304 0.165914 
296 0.239495 0.166433 
297 0.238633 0.165874 
298 0.237525 0.165968 
299 0.237211 0.165152 
300 0.236364 0.164604 
301 0.236176 0.164059 
302 0.235396 0.162912 
303 0.235389 0.162377 
304 0.234617 0.161316 
305 0.233399 0.161882 
306 0.232351 0.160101 
307 0.231597 0.159581 
308 0.230895 0.160011 
309 0.22975 0.158877 
310 0.229012 0.157647 
311 0.22737 0.157142 
312 0.228408 0.158712 
313 0.227358 0.158212 
314 0.225772 0.159481 
315 0.224451 0.158183 
316 0.223551 0.158683 
317 0.223711 0.157313 
318 0.22301 0.157277 
319 0.222086 0.156785 
320 0.221394 0.155871 
321 0.221417 0.155387 
322 0.221113 0.15566 
323 0.221861 0.154742 
324 0.221179 0.154266 
325 0.2205 0.154767 
326 0.220173 0.154435 
327 0.219357 0.154346 
328 0.21976 0.153877 
329 0.219701 0.153247 
330 0.219432 0.152145 
331 0.218755 0.152821 
332 0.218054 0.152657 
333 0.217749 0.1522 
334 0.217099 0.151365 
335 0.21758 0.150914 
336 0.216934 0.15115 
337 0.216199 0.150703 
338 0.215034 0.151313 
339 0.213915 0.151326 
340 0.212877 0.151913 
341 0.212514 0.152266 
342 0.211875 0.151677 
343 0.210599 0.150916 
344 0.209988 0.15122 
345 0.209194 0.150783 
346 0.207735 0.150969 
347 0.207154 0.150535 
348 0.206456 0.150615 
349 0.205864 0.150185 
350 0.205529 0.149122 
351 0.205072 0.148698 
352 0.203374 0.148108 
353 0.202226 0.14769 
354 0.201331 0.147337 
355 0.202447 0.14725 
356 0.202375 0.146837 
357 0.201687 0.146462 
358 0.201543 0.145428 
359 0.199672 0.145216 
360 0.198464 0.144813 
361 0.19849 0.145096 
362 0.198458 0.144697 
363 0.19787 0.144299 
364 0.197572 0.143904 
365 0.196173 0.143511 
366 0.195948 0.14312 
367 0.195277 0.143309 
368 0.194244 0.142528 
369 0.193336 0.141947 
370 0.19204 0.141153 
371 0.191523 0.140858 
372 0.190268 0.14048 
373 0.189537 0.140105 
374 0.189541 0.140108 
375 0.190527 0.139585 
376 0.190021 0.139003 
377 0.189659 0.138136 
378 0.190483 0.138276 
379 0.189955 0.137766 
380 0.190236 0.137339 
381 0.189784 0.13698 
382 0.188283 0.136403 
383 0.187607 0.135577 
384 0.187394 0.135577 
385 0.188099 0.135076 
386 0.187118 0.134658 
387 0.186127 0.134853 
388 0.186046 0.135073 
389 0.185069 0.135129 
390 0.184668 0.134784 
391 0.18511 0.134942 
392 0.186003 0.134509 
393 0.186225 0.134168 
394 0.187276 0.133828 
395 0.186238 0.133432 
396 0.187068 0.133096 
397 0.186422 0.132762 
398 0.185955 0.132429 
399 0.18549 0.132098 
400 0.185027 0.132027 
401 0.185533 0.131603 
402 0.184632 0.131169 
403 0.183437 0.130845 
404 0.182662 0.130855 
405 0.181974 0.130692 
406 0.182293 0.130798 
407 0.181406 0.130019 
408 0.1821 0.129722 
409 0.181184 0.129406 
410 0.180022 0.128955 
411 0.179188 0.128642 
412 0.179818 0.12833 
413 0.178896 0.127796 
414 0.178967 0.127246 
415 0.179311 0.127113 
416 0.178433 0.126551 
417 0.179022 0.126248 
418 0.17861 0.125674 
419 0.178375 0.125375 
420 0.178371 0.125145 
421 0.177495 0.124514 
422 0.177695 0.124219 
423 0.17859 0.124655 
424 0.177366 0.125001 
425 0.177312 0.124171 
426 0.177818 0.123667 
427 0.177861 0.122986 
428 0.178303 0.122664 
429 0.177479 0.122379 
430 0.176901 0.122095 
431 0.177222 0.122048 
432 0.177044 0.121135 
433 0.177064 0.121478 
434 0.176567 0.121199 
435 0.176365 0.120774 
436 0.175823 0.120934 
437 0.176194 0.120471 
438 0.175654 0.120039 
439 0.174687 0.119728 
440 0.174048 0.119488 
441 0.173655 0.11914 
442 0.172251 0.119059 
443 0.171696 0.119284 
444 0.170014 0.119016 
445 0.170752 0.118863 
446 0.170775 0.118982 
447 0.170787 0.119057 
448 0.169919 0.119069 
449 0.169784 0.118866 
450 0.169483 0.118603 
451 0.168824 0.118195 
452 0.168706 0.118072 
453 0.168366 0.117574 
454 0.16749 0.117315 
455 0.167044 0.116796 
456 0.166137 0.11654 
457 0.166124 0.116304 
458 0.166923 0.116604 
459 0.165294 0.116335 
460 0.165933 0.116586 
461 0.165099 0.116153 
462 0.164267 0.115902 
463 0.164101 0.115652 
464 0.162326 0.115403 
465 0.161466 0.114808 
466 0.161965 0.114361 
467 0.161164 0.113784 
468 0.161055 0.113561 
469 0.1614 0.112852 
470 0.162413 0.112613 
471 0.161595 0.111931 
472 0.160966 0.112277 
473 0.161331 0.111801 
474 0.160371 0.111566 
475 0.161395 0.111015 
476 0.161047 0.110782 
477 0.160029 0.110946 
478 0.159309 0.111129 
479 0.159498 0.110966 
480 0.16027 0.111295 
481 0.159436 0.111119 
482 0.159241 0.110957 
483 0.159308 0.110746 
484 0.160082 0.110934 
485 0.160173 0.110706 
486 0.159455 0.110907 
487 0.159393 0.110919 
488 0.158716 0.110388 
489 0.158461 0.110307 
490 0.159148 0.110083 
491 0.159119 0.109466 
492 0.158598 0.109417 
493 0.15871 0.108824 
494 0.15857 0.108624 
495 0.158686 0.107996 
496 0.159281 0.107881 
497 0.160034 0.108044 
498 0.159746 0.108023 
499 0.159093 0.107443 
500 0.158787 0.106859 
501 0.15902 0.107099 
502 0.159064 0.107213 
503 0.159088 0.106651 
504 0.159721 0.10644 
505 0.159239 0.105956 
506 0.159496 0.106171 
507 0.159512 0.106028 
508 0.159728 0.106133 
509 0.159524 0.105925 
510 0.159294 0.105222 
511 0.159803 0.105392 
512 0.159629 0.105512 
513 0.159838 0.105673 
514 0.159568 0.106421 
515 0.159258 0.106084 
516 0.159513 0.105591 
517 0.159205 0.10507 
518 0.158801 0.104868 
519 0.158444 0.104922 
520 0.158463 0.104762 
521 0.158096 0.104616 
522 0.15778 0.104454 
523 0.157235 0.104306 
524 0.157146 0.104262 
525 0.156613 0.104064 
526 0.156518 0.103998 
527 0.156397 0.103866 
528 0.156488 0.103483 
529 0.156799 0.103287 
530 0.157531 0.103093 
531 0.158029 0.102974 
532 0.157462 0.102488 
533 0.157579 0.102179 
534 0.156982 0.10225 
535 0.156707 0.102685 
536 0.155941 0.10258 
537 0.155962 0.10239 
538 0.155371 0.102411 
539 0.155083 0.102221 
540 0.155416 0.101756 
541 0.155231 0.101567 
542 0.154879 0.10138 
543 0.154969 0.101231 
544 0.154592 0.101245 
545 0.154308 0.100996 
546 0.154928 0.100812 
547 0.155152 0.100564 
548 0.155281 0.100381 
549 0.155256 0.100199 
550 0.154963 0.100376 
551 0.154872 0.100406 
552 0.154175 0.100341 
553 0.153897 0.100361 
554 0.154494 0.100862 
555 0.153997 0.100671 
556 0.15368 0.100613 
557 0.153711 0.100433 
558 0.153717 0.100253 
559 0.153328 0.100074 
560 0.152659 0.0998961 
561 0.152329 0.100168 
562 0.151498 0.0999709 
563 0.151269 0.100107 
564 0.150627 0.1 
565 0.149753 0.0998237 
566 0.150342 0.0996791 
567 0.149588 0.0993879 
568 0.148905 0.0992132 
569 0.149551 0.0990392 
570 0.149552 0.0988288 
571 0.149291 0.0987288 
572 0.149755 0.0987529 
573 0.148785 0.0986826 
574 0.148437 0.098586 
575 0.148629 0.0985586 
576 0.148756 0.0985339 
577 0.148411 0.0984722 
578 0.147387 0.0981406 
579 0.147897 0.0981035 
580 0.147919 0.0980337 
581 0.147924 0.0979312 
582 0.146803 0.0977632 
583 0.146552 0.097395 
584 0.146093 0.097318 
585 0.145572 0.0971257 
586 0.145628 0.0969109 
587 0.145126 0.0967408 
588 0.14595 0.0966355 
589 0.14599 0.0965274 
590 0.145981 0.096364 
591 0.145758 0.0962013 
592 0.14599 0.0960173 
593 0.145223 0.0958557 
594 0.146007 0.0957421 
595 0.146682 0.0955814 
596 0.145845 0.0956109 
597 0.146161 0.095451 
598 0.146132 0.0952607 
599 0.146719 0.0951442 
600 0.146664 0.0949859 
601 0.147204 0.0948198 
602 0.147419 0.0952509 
603 0.147581 0.0955331 
604 0.14647 0.0953752 
605 0.14627 0.0952826 
606 0.146871 0.0953003 
607 0.146443 0.094882 
608 0.146014 0.0947262 
609 0.145391 0.0943632 
610 0.144867 0.094286 
611 0.145281 0.0940329 
612 0.145259 0.0938795 
613 0.144982 0.0937551 
614 0.144746 0.0936027 
615 0.14483 0.093432 
616 0.14426 0.0932239 
617 0.144507 0.0930915 
618 0.143341 0.0928919 
619 0.142678 0.0926813 
620 0.14195 0.0923173 
621 0.141225 0.0921159 
622 0.140898 0.0920293 
623 0.141686 0.0919357 
624 0.141169 0.0917886 
625 0.140472 0.091531 
626 0.140483 0.0917717 
627 0.140473 0.0916769 
628 0.139626 0.0915312 
629 0.138848 0.0914632 
630 0.138488 0.0913183 
631 0.138535 0.0912485 
632 0.137646 0.09086 
633 0.13838 0.0907167 
634 0.13745 0.0906147 
635 0.136436 0.0904951 
636 0.135458 0.0904246 
637 0.136037 0.0899762 
638 0.13583 0.0899705 
639 0.134796 0.0898374 
640 0.135548 0.0897655 
641 0.135467 0.0896257 
642 0.135345 0.0894863 
643 0.135554 0.0894243 
644 0.135344 0.0889166 
645 0.134823 0.0887126 
646 0.135815 0.0885448 
647 0.135432 0.0884082 
648 0.134467 0.0882865 
649 0.135298 0.0885706 
650 0.135542 0.0884345 
651 0.136128 0.0883159 
652 0.136293 0.088185 
653 0.135235 0.0883682 
654 0.134244 0.0882333 
655 0.133707 0.0880988 
656 0.134247 0.0879647 
657 0.134724 0.087831 
658 0.135272 0.0876977 
659 0.134782 0.0875648 
660 0.135198 0.0874323 
661 0.134451 0.0873003 
662 0.135175 0.0870061 
663 0.135587 0.0871933 
664 0.135851 0.0870622 
665 0.136308 0.086898 
666 0.136024 0.0867677 
667 0.135518 0.0864695 
668 0.134937 0.0865101 
669 0.134307 0.086381 
670 0.133694 0.0862523 
671 0.133891 0.0861246 
672 0.133127 0.0859969 
673 0.133722 0.0858693 
674 0.134604 0.0860685 
675 0.134969 0.0859412 
676 0.134605 0.0861302 
677 0.133971 0.086297 
678 0.133512 0.0862338 
679 0.133812 0.0863509 
680 0.134005 0.0861262 
681 0.134286 0.0861958 
682 0.133833 0.0860696 
683 0.134087 0.0859438 
684 0.133994 0.0858659 
685 0.133266 0.0856639 
686 0.13255 0.0853696 
687 0.1326 0.0851775 
688 0.131494 0.0849797 
689 0.131071 0.0849465 
690 0.130281 0.0848236 
691 0.130063 0.0845617 
692 0.128892 0.0844397 
693 0.128449 0.0843739 
694 0.128559 0.0844948 
695 0.128159 0.0842981 
696 0.127639 0.0840132 
697 0.127064 0.0841276 
698 0.127656 0.0838382 
699 0.127671 0.0837184 
700 0.127322 0.0835666 
701 0.127025 0.0836288 
702 0.126689 0.0836708 
703 0.127164 0.083552 
704 0.126845 0.0835509 
705 0.126796 0.0835932 
706 0.126616 0.0835545 
707 0.126315 0.0835896 
708 0.125648 0.0834717 
709 0.125067 0.0831158 
710 0.126162 0.0829989 
711 0.126188 0.0827847 
712 0.126011 0.0827335 
713 0.125717 0.0826404 
714 0.12588 0.0825248 
715 0.125946 0.0825716 
716 0.125716 0.0824564 
717 0.125471 0.0823406 
718 0.125295 0.0823336 
719 0.125707 0.0822192 
720 0.125063 0.0822311 
721 0.124487 0.0820481 
722 0.125089 0.0821218 
723 0.125547 0.0821627 
724 0.125223 0.0820493 
725 0.125037 0.0818371 
726 0.125247 0.0818417 
727 0.124821 0.0818258 
728 0.125014 0.0818184 
729 0.124523 0.0815448 
730 0.124034 0.0814677 
731 0.124125 0.0813715 
732 0.124478 0.0812605 
733 0.124889 0.0811498 
734 0.12516 0.0810394 
735 0.124979 0.0809293 
736 0.124437 0.0807321 
737 0.124483 0.0805774 
738 0.124772 0.0804683 
739 0.124352 0.0802754 
740 0.123725 0.0802395 
741 0.123817 0.0801313 
742 0.123317 0.0801849 
743 0.123574 0.0800115 
744 0.123733 0.0798609 
745 0.123144 0.079873 
746 0.122964 0.0797661 
747 0.122786 0.0795949 
748 0.122926 0.0795407 
749 0.123165 0.0793813 
750 0.1231 0.0793189 
751 0.123248 0.0792134 
752 0.123266 0.0789483 
753 0.123037 0.0787839 
754 0.123774 0.0784838 
755 0.123814 0.0783575 
756 0.123466 0.0782199 
757 0.123196 0.0778943 
758 0.123158 0.0777916 
759 0.122839 0.0779281 
760 0.122525 0.0778257 
761 0.122179 0.0777236 
762 0.121734 0.0776143 
763 0.121889 0.077445 
764 0.122162 0.0773438 
765 0.122419 0.0773699 
766 0.121814 0.077269 
767 0.121744 0.0775412 
768 0.121254 0.0774737 
769 0.121416 0.0774505 
770 0.121258 0.0773604 
771 0.121157 0.0772033 
772 0.120995 0.0767238 
773 0.120368 0.0766246 
774 0.120208 0.076141 
775 0.120047 0.0760429 
776 0.120108 0.0755911 
777 0.120005 0.0757624 
778 0.120164 0.0760887 
779 0.119843 0.0759911 
780 0.119737 0.0758938 
781 0.119156 0.0754382 
782 0.119004 0.0753418 
783 0.118895 0.075664 
784 0.118654 0.0755048 
785 0.117902 0.0754226 
786 0.117948 0.0753267 
787 0.117798 0.0752311 
788 0.117907 0.0751358 
789 0.118627 0.0747225 
790 0.119335 0.074628 
791 0.118984 0.0745338 
792 0.118834 0.0744004 
793 0.118684 0.0743067 
794 0.118913 0.074549 
795 0.11851 0.0742971 
796 0.119147 0.0742039 
797 0.118695 0.0742435 
798 0.118585 0.0741633 
799 0.118524 0.0740227 
800 0.118216 0.0739302 
801 0.118069 0.0738396 
802 0.118308 0.0737476 
803 0.117303 0.0737303 
804 0.116801 0.0736962 
805 0.116271 0.0736833 
806 0.116832 0.073592 
807 0.11701 0.0735612 
808 0.116751 0.0734747 
809 0.117295 0.0733502 
810 0.11688 0.0732694 
811 0.117293 0.0731812 
812 0.117021 0.0730912 
813 0.117279 0.0730014 
814 0.117148 0.0729118 
815 0.117396 0.0728225 
816 0.117607 0.0727333 
817 0.117184 0.0726444 
818 0.117041 0.0725557 
819 0.11759 0.0724673 
820 0.117493 0.0723667 
821 0.117658 0.0722787 
822 0.117777 0.0721909 
823 0.118468 0.0721033 
824 0.118363 0.0720159 
825 0.118834 0.0719255 
826 0.1195 0.0718333 
827 0.119356 0.0717407 
828 0.119736 0.0716748 
829 0.120325 0.0715885 
830 0.11997 0.0715023 
831 0.11967 0.0714164 
832 0.119297 0.0713306 
833 0.119643 0.0711716 
834 0.118924 0.0710863 
835 0.118781 0.0710007 
836 0.119356 0.0709676 
837 0.118613 0.0708829 
838 0.118189 0.0707505 
839 0.118755 0.0706663 
840 0.117984 0.0705823 
841 0.117523 0.0704992 
842 0.117358 0.0704156 
843 0.117913 0.070422 
844 0.117129 0.0703386 
845 0.117684 0.0703283 
846 0.1169 0.0702452 
847 0.116988 0.0701631 
848 0.116934 0.0700805 
849 0.116776 0.069998 
850 0.116635 0.0699158 
851 0.116431 0.0698337 
852 0.116294 0.0697518 
853 0.116232 0.06973 
854 0.116456 0.0696484 
855 0.116495 0.0696168 
856 0.115729 0.0695355 
857 0.115747 0.0694545 
858 0.115752 0.0693736 
859 0.115493 0.069293 
860 0.11471 0.0692125 
861 0.114604 0.0691238 
862 0.114624 0.0690437 
863 0.114541 0.0689388 
864 0.114127 0.0688591 
865 0.113983 0.0687796 
866 0.113741 0.0687002 
867 0.113571 0.0686211 
868 0.113488 0.0685421 
869 0.113393 0.0684633 
870 0.113374 0.0683901 
871 0.112975 0.0683117 
872 0.112786 0.0682335 
873 0.113245 0.0681554 
874 0.11322 0.0680775 
875 0.113181 0.0679998 
876 0.113582 0.0679222 
877 0.113453 0.0678449 
878 0.113099 0.0677677 
879 0.113656 0.0676907 
880 0.113377 0.0676139 
881 0.113248 0.0675372 
882 0.113217 0.0674607 
883 0.113152 0.0673844 
884 0.113276 0.0673083 
885 0.112513 0.0672323 
886 0.113067 0.0671565 
887 0.112726 0.0670809 
888 0.112786 0.0671687 
889 0.112025 0.0670932 
890 0.112068 0.0669988 
891 0.112061 0.0669237 
892 0.111654 0.0668487 
893 0.112151 0.0667739 
894 0.112141 0.0666993 
895 0.112048 0.0668475 
896 0.111923 0.0668484 
897 0.111769 0.0667373 
898 0.111645 0.0666631 
899 0.111521 0.066575 
900 0.111059 0.0665011 
901 0.111486 0.0664274 
902 0.111362 0.0663538 
903 0.111342 0.0662804 
904 0.111311 0.0662072 
905 0.110748 0.0658534 
906 0.110626 0.0657808 
907 0.110631 0.0657083 
908 0.110045 0.065636 
909 0.110493 0.0656038 
910 0.110377 0.0655763 
911 0.110352 0.0655044 
912 0.110184 0.0654326 
913 0.110565 0.0652883 
914 0.110389 0.065217 
915 0.110353 0.0651458 
916 0.110786 0.065123 
917 0.110704 0.0652135 
918 0.110543 0.0651426 
919 0.110422 0.0650718 
920 0.109895 0.0649349 
921 0.109609 0.0649168 
922 0.109587 0.0648464 
923 0.109433 0.0647762 
924 0.109477 0.0647062 
925 0.10941 0.0646363 
926 0.109292 0.0646395 
927 0.109224 0.0645699 
928 0.109637 0.0645004 
929 0.109519 0.064431 
930 0.109489 0.0643618 
931 0.109805 0.0645744 
932 0.109677 0.0644799 
933 0.109175 0.0641259 
934 0.109423 0.0640574 
935 0.108901 0.064019 
936 0.108785 0.0638989 
937 0.108903 0.0638027 
938 0.108669 0.0636384 
939 0.108554 0.0635707 
940 0.108016 0.0635031 
941 0.108462 0.0634357 
942 0.107931 0.063251 
943 0.107816 0.0630291 
944 0.107336 0.0629624 
945 0.107162 0.0628959 
946 0.106894 0.0626887 
947 0.106543 0.0624293 
948 0.106431 0.0623636 
949 0.106319 0.0622979 
950 0.106201 0.0624028 
951 0.105812 0.0623372 
952 0.10568 0.0623904 
953 0.105638 0.062325 
954 0.105527 0.0622597 
955 0.105256 0.0621946 
956 0.105709 0.0621296 
957 0.105598 0.0620647 
958 0.105488 0.062 
959 0.105341 0.0619955 
960 0.105291 0.061931 
961 0.105584 0.0619356 
962 0.105474 0.0617206 
963 0.105046 0.0617066 
964 0.104786 0.0616427 
965 0.105083 0.0616262 
966 0.104778 0.061709 
967 0.10444 0.0621322 
968 0.104332 0.0620681 
969 0.10422 0.0620236 
970 0.104668 0.0617615 
971 0.104214 0.0614766 
972 0.103832 0.0614135 
973 0.103725 0.0613997 
974 0.103674 0.0612712 
975 0.103409 0.0612084 
976 0.103303 0.0611827 
977 0.103147 0.0609879 
978 0.103237 0.0613742 
979 0.102922 0.061275 
980 0.102818 0.0612126 
981 0.102697 0.0611503 
982 0.102688 0.061088 
983 0.103033 0.061144 
984 0.103446 0.0610819 
985 0.103341 0.0611269 
986 0.103236 0.061065 
987 0.10326 0.0610723 
988 0.103613 0.0610105 
989 0.103622 0.0609489 
990 0.103518 0.0608874 
991 0.103431 0.060826 
992 0.103327 0.0607648 
993 0.103335 0.0605944 
994 0.103845 0.0605335 
995 0.10374 0.0604728 
996 0.103276 0.0604121 
997 0.102894 0.0604057 
998 0.102509 0.0603452 
999 0.102147 0.0602849 
1000 0.102636 0.0606322 
1100 0.0920634 0.0567729 
1200 0.0887399 0.0518173 
1300 0.085914 0.0481573 
1400 0.0827103 0.0449641 
1500 0.07883 0.0430105 
1600 0.0710024 0.040672 
1700 0.0716446 0.0393647 
1800 0.0697435 0.0372878 
1900 0.0660787 0.0354378 
2000 0.0604363 0.0340825 
2100 0.0580958 0.0328905 
2200 0.0554247 0.031855 
2300 0.0548321 0.0303862 
2400 0.0572703 0.0290411 
2500 0.0566444 0.0285148 
2600 0.0545057 0.0272336 
2700 0.0552887 0.0265046 
2800 0.0535542 0.0264828 
2900 0.0523508 0.0258364 
3000 0.0508961 0.0247801 
3100 0.0482748 0.0240945 
3200 0.0448404 0.0234687 
3300 0.044498 0.0225577 
3400 0.0438595 0.0221449 
3500 0.0435188 0.0217452 
3600 0.0436736 0.0212977 
3700 0.0419923 0.0207053 
3800 0.0426448 0.0207664 
3900 0.0422376 0.0199223 
4000 0.0408081 0.0194048 
4100 0.0402808 0.0198453 
4200 0.0393564 0.0197918 
4300 0.03824 0.0194677 
4400 0.0375882 0.019375 
4500 0.0366343 0.018701 
4600 0.0357762 0.0184015 
4700 0.0356018 0.0181752 
4800 0.0358696 0.017881 
4900 0.0341841 0.0177332 
5000 0.0339155 0.0173458 
5100 0.0330334 0.0174016 
5200 0.0326535 0.0173143 
5300 0.0323621 0.0171364 
5400 0.0319609 0.0167734 
5500 0.0310915 0.0172617 
5600 0.0319863 0.0170526 
5700 0.0319763 0.0168301 
5800 0.0315347 0.0168704 
5900 0.0311302 0.0166656 
6000 0.0306286 0.016382 
6100 0.0301993 0.016007 
6200 0.0296976 0.0155287 
6300 0.0292861 0.0154751 
6400 0.0287764 0.0154019 
6500 0.0285713 0.0153685 
6600 0.0281309 0.015108 
6700 0.0278621 0.0149664 
6800 0.0274834 0.01474 
6900 0.0270878 0.0145073 
7000 0.0262638 0.0141302 
7100 0.026435 0.0139717 
7200 0.0260869 0.0138385 
7300 0.0257296 0.0141742 
7400 0.0254182 0.0140721 
7500 0.02508 0.0139644 
7600 0.0247034 0.0135885 
7700 0.024328 0.0135864 
7800 0.0241285 0.0134039 
7900 0.0237709 0.0133068 
8000 0.0236086 0.0136543 
8100 0.0234574 0.0135766 
8200 0.0232002 0.0134872 
8300 0.0229499 0.0133298 
8400 0.0227075 0.0129796 
8500 0.0224669 0.0128418 
8600 0.0223795 0.0128849 
8700 0.0221356 0.0126526 
8800 0.0218755 0.0124266 
8900 0.0216226 0.0124272 
9000 0.0213589 0.0123758 
9100 0.021156 0.0124139 
9200 0.0207544 0.0123439 
9300 0.0207792 0.0125503 
9400 0.0205695 0.01245 
9500 0.020345 0.0124168 
9600 0.0201453 0.0124924 
9700 0.0200469 0.0123638 
9800 0.0197683 0.012277 
9900 0.0195679 0.012177 
10000 0.0195567 0.0121227 
10100 0.019542 0.0120384 
10200 0.0193725 0.0119453 
10300 0.0192051 0.01192 
10400 0.018906 0.0118354 
10500 0.0187675 0.0118685 
10600 0.0185787 0.0116604 
10700 0.0183337 0.0111149 
10800 0.0183043 0.0110754 
10900 0.0181223 0.0111864 
11000 0.0180188 0.0111469 
11100 0.0179021 0.0113732 
11200 0.0177989 0.0113839 
11300 0.0175609 0.0111036 
11400 0.0174933 0.011096 
11500 0.0173276 0.0112002 
11600 0.0173815 0.0110525 
11700 0.0173428 0.0110817 
11800 0.0172511 0.0106428 
11900 0.017126 0.01076 
12000 0.0168943 0.0107014 
12100 0.0167909 0.0107104 
12200 0.0166073 0.0105504 
12300 0.0164857 0.0105641 
12400 0.0164201 0.0104699 
12500 0.0163632 0.0103396 
12600 0.0162359 0.0101447 
12700 0.0161886 0.0102275 
12800 0.0160622 0.0104216 
12900 0.0159377 0.0102916 
13000 0.0158151 0.0101246 
13100 0.0156944 0.0102473 
13200 0.0155755 0.0103761 
13300 0.0154584 0.010303 
13400 0.015343 0.0103015 
13500 0.0152294 0.0102666 
13600 0.0151174 0.0100386 
13700 0.0150071 0.0100922 
13800 0.0148983 0.0100052 
13900 0.0147912 0.00980252 
14000 0.0146855 0.0096825 
14100 0.0145814 0.00965403 
14200 0.0144787 0.00953125 
14300 0.0143775 0.0095128 
14400 0.0142776 0.00948452 
14500 0.0141792 0.00913541 
14600 0.0140821 0.00919368 
14700 0.0139863 0.00904937 
14800 0.0138702 0.00895247 
14900 0.0137286 0.00915296 
15000 0.013657 0.0090797 
15100 0.0136613 0.008681 
15200 0.0135714 0.0085293 
15300 0.0134827 0.00849725 
15400 0.0133952 0.00874226 
15500 0.0132746 0.00860759 
15600 0.0131539 0.00849512 
15700 0.0130336 0.00844856 
15800 0.0129553 0.00841706 
15900 0.0129099 0.00844629 
16000 0.0128796 0.00834341 
16100 0.0128216 0.00830885 
16200 0.0127424 0.00820647 
16300 0.0126642 0.00802281 
16400 0.012587 0.00805345 
16500 0.0125108 0.00819714 
16600 0.0124426 0.00813942 
16700 0.0123128 0.008301 
16800 0.0122794 0.00853229 
16900 0.0122095 0.00840317 
17000 0.0121751 0.00821424 
17100 0.0121039 0.00831194 
17200 0.0120335 0.00830729 
17300 0.011964 0.0083632 
17400 0.0118952 0.00823118 
17500 0.0118272 0.00807141 
17600 0.011736 0.00808472 
17700 0.011635 0.00805863 
17800 0.0114569 0.00807089 
17900 0.0114038 0.00795546 
18000 0.0114427 0.00784949 
18100 0.0113458 0.00774495 
18200 0.0112826 0.00789202 
18300 0.0113153 0.00803255 
18400 0.0112803 0.0079908 
18500 0.0112601 0.00792647 
18600 0.011195 0.00792646 
18700 0.0111884 0.00785431 
18800 0.0111407 0.00783772 
18900 0.0110817 0.00776062 
19000 0.0110234 0.00779251 
19100 0.0109657 0.0077029 
19200 0.0109086 0.0077245 
19300 0.0108521 0.00776439 
19400 0.0107961 0.00751203 
19500 0.0107408 0.00749605 
19600 0.010686 0.00743098 
19700 0.0106317 0.00729371 
19800 0.010578 0.00737668 
19900 0.0105249 0.00739629 
20000 0.0104723 0.00754323 
20100 0.0104202 0.00749139 
20200 0.0103686 0.00737005 
20300 0.0103175 0.00728293 
20400 0.0102715 0.00741379 
20500 0.0102437 0.00745231 
20600 0.010164 0.00737106 
20700 0.0100288 0.00721451 
20800 0.00995056 0.00717888 
20900 0.00997905 0.00722676 
21000 0.00999215 0.00724643 
21100 0.0100186 0.00715494 
21200 0.00995564 0.00725645 
21300 0.0098523 0.00718891 
21400 0.00979433 0.00723575 
21500 0.00971416 0.00730617 
21600 0.00963171 0.00731041 
21700 0.0096532 0.00715933 
21800 0.00965973 0.00714963 
21900 0.00966007 0.00704459 
22000 0.00961982 0.00693763 
22100 0.0096406 0.00696086 
22200 0.00959834 0.00695245 
22300 0.0095553 0.00702014 
22400 0.00950737 0.00702311 
22500 0.0094747 0.00701853 
22600 0.00942768 0.00717287 
22700 0.00935847 0.00710442 
22800 0.00931927 0.00719736 
22900 0.00930755 0.00708626 
23000 0.00927859 0.00715444 
23100 0.00919201 0.00715735 
23200 0.00911952 0.00700652 
23300 0.00914834 0.0068944 
23400 0.00914997 0.00689491 
23500 0.00913061 0.0068632 
23600 0.00909464 0.00662333 
23700 0.00906937 0.00657826 
23800 0.00904987 0.00660706 
23900 0.00894774 0.00661059 
24000 0.00888239 0.00658021 
24100 0.00885697 0.00672055 
24200 0.00890277 0.00692752 
24300 0.00883869 0.00704779 
24400 0.00885596 0.00702314 
24500 0.00884227 0.00703383 
24600 0.00881564 0.00707671 
24700 0.00878182 0.00697018 
24800 0.00876902 0.00690179 
24900 0.00873381 0.00699952 
25000 0.00869887 0.00694723 
25100 0.00866422 0.00682067 
25200 0.00862984 0.00684261 
25300 0.00859573 0.00682699 
25400 0.00856093 0.00682929 
25500 0.00850578 0.0067465 
25600 0.00847938 0.00683907 
25700 0.00845784 0.00688559 
25800 0.00836323 0.00696662 
25900 0.00840142 0.00696642 
26000 0.00839625 0.00692916 
26100 0.00835958 0.00691006 
26200 0.00833432 0.00686066 
26300 0.00831446 0.00680749 
26400 0.0082614 0.00680401 
26500 0.00824141 0.0067315 
26600 0.00818361 0.00672954 
26700 0.00817674 0.00665691 
26800 0.00816879 0.00663209 
26900 0.00816739 0.00662289 
27000 0.00813714 0.00663776 
27100 0.00810711 0.00667597 
27200 0.00807731 0.00669116 
27300 0.00804772 0.0066724 
27400 0.00801835 0.00654591 
27500 0.0079892 0.00649181 
27600 0.00796025 0.00650573 
27700 0.00793151 0.00641596 
27800 0.00790298 0.00642597 
27900 0.00787466 0.00644681 
28000 0.00784654 0.00648864 
28100 0.00781861 0.00654194 
28200 0.00779089 0.00651941 
28300 0.00776312 0.00642465 
28400 0.00774086 0.00642546 
28500 0.00771492 0.0064689 
28600 0.00769212 0.00648126 
28700 0.00765862 0.00657715 
28800 0.00763411 0.0065435 
28900 0.00757151 0.00648315 
29000 0.00761542 0.00652391 
29100 0.00760091 0.00658214 
29200 0.00757489 0.00660832 
29300 0.00754903 0.00663965 
29400 0.00752336 0.0064874 
29500 0.00749785 0.00644544 
29600 0.00747253 0.00646194 
29700 0.00744737 0.00638227 
29800 0.00742238 0.00642793 
29900 0.00739422 0.0063995 
30000 0.00734472 0.00637603 
30100 0.0072862 0.00638116 
30200 0.00717678 0.00637915 
30300 0.00717503 0.00642643 
30400 0.00724027 0.00638498 
30500 0.0072615 0.00635684 
30600 0.0072424 0.00635006 
30700 0.00721881 0.00639487 
30800 0.00719537 0.00641413 
30900 0.00717209 0.00637463 
31000 0.00714895 0.00639264 
31100 0.00712597 0.00637627 
31200 0.00710313 0.00635251 
31300 0.00708043 0.00643478 
31400 0.00705789 0.00644012 
31500 0.00703548 0.00641377 
31600 0.00701382 0.00639434 
31700 0.00698929 0.00642703 
31800 0.00696298 0.0063585 
31900 0.00696279 0.00638218 
32000 0.00694312 0.00636453 
32100 0.00692149 0.00628575 
32200 0.00689999 0.00623525 
32300 0.00687863 0.00622979 
32400 0.0068574 0.00618516 
32500 0.0068363 0.00616644 
32600 0.00681533 0.00618022 
32700 0.00679449 0.00615717 
32800 0.00677378 0.00621485 
32900 0.00675319 0.00622199 
33000 0.00673273 0.00607215 
33100 0.00671239 0.00606882 
33200 0.00669217 0.00600934 
33300 0.00667207 0.00597577 
33400 0.0066521 0.00596129 
33500 0.00663224 0.00596695 
33600 0.0066125 0.00596202 
33700 0.00659288 0.00593973 
33800 0.00657338 0.00595909 
33900 0.00655399 0.00602565 
34000 0.00653471 0.00602841 
34100 0.00651555 0.0060363 
34200 0.0064965 0.00601794 
34300 0.00647756 0.00594765 
34400 0.00645873 0.00600883 
34500 0.00644001 0.00593044 
34600 0.00642139 0.00590154 
34700 0.00640289 0.00585359 
34800 0.00638449 0.00579892 
34900 0.0063662 0.00571323 
35000 0.00634801 0.00576188 
35100 0.00632992 0.00569157 
35200 0.00631194 0.00567778 
35300 0.00629406 0.00565828 
35400 0.00627628 0.00565714 
35500 0.0062586 0.00568164 
35600 0.00624102 0.00557783 
35700 0.00622354 0.0055874 
35800 0.00620616 0.00560736 
35900 0.00618887 0.00563484 
36000 0.00617168 0.00569524 
36100 0.00615458 0.00573303 
36200 0.00613758 0.00578367 
36300 0.00612068 0.00579029 
36400 0.00610386 0.00581307 
36500 0.00608714 0.00588472 
36600 0.00607051 0.00588005 
36700 0.00605397 0.00586644 
36800 0.00603752 0.00585821 
36900 0.00602116 0.0058571 
37000 0.00600488 0.00579279 
37100 0.0059887 0.00577592 
37200 0.0059726 0.00580828 
37300 0.00595659 0.00582988 
37400 0.00594066 0.00583019 
37500 0.00592482 0.00583547 
37600 0.00590906 0.00578963 
37700 0.00589098 0.00572779 
37800 0.00585467 0.00573962 
37900 0.00582136 0.00569962 
38000 0.00584022 0.00566558 
38100 0.00584908 0.0056659 
38200 0.0058343 0.00558004 
38300 0.00581907 0.00550848 
38400 0.00580391 0.00550683 
38500 0.00578884 0.00548332 
38600 0.00577384 0.00549116 
38700 0.00575892 0.00547635 
38800 0.00574408 0.005526 
38900 0.00572931 0.00552256 
39000 0.00571462 0.00551648 
39100 0.00570001 0.00557105 
39200 0.00568547 0.00555115 
39300 0.005671 0.00556902 
39400 0.00565661 0.00561364 
39500 0.00564229 0.00563043 
39600 0.00562804 0.00561367 
39700 0.00561386 0.00564177 
39800 0.00559976 0.00563267 
39900 0.00558573 0.00559811 
40000 0.00557176 0.00561217 
40100 0.00555787 0.0055738 
40200 0.00554404 0.00555682 
40300 0.00553029 0.00558478 
40400 0.0055166 0.00560742 
40500 0.00550298 0.00559386 
40600 0.00548942 0.0055371 
40700 0.00547594 0.00548152 
40800 0.00546251 0.00547981 
40900 0.00544916 0.00545356 
41000 0.00543587 0.00532948 
41100 0.00542264 0.00524899 
41200 0.00540948 0.00529981 
41300 0.00539638 0.00530373 
41400 0.00538335 0.00526665 
41500 0.00537038 0.00529341 
41600 0.00535718 0.00531963 
41700 0.00531934 0.00532966 
41800 0.00531432 0.00532101 
41900 0.00533131 0.00531652 
42000 0.00533722 0.0053133 
42100 0.00533963 0.00530016 
42200 0.00533554 0.00531591 
42300 0.00533555 0.00534321 
42400 0.00532728 0.00530429 
42500 0.00532961 0.00532102 
42600 0.0053171 0.00524874 
42700 0.00530465 0.00532515 
42800 0.00529225 0.00525322 
42900 0.00527992 0.00526582 
43000 0.00526764 0.00524039 
43100 0.00525542 0.00517946 
43200 0.00524325 0.00519953 
43300 0.00523114 0.00520208 
43400 0.00521909 0.0052119 
43500 0.00520709 0.00517313 
43600 0.00519515 0.00517133 
43700 0.00518326 0.00517651 
43800 0.00517143 0.00514874 
43900 0.00515965 0.00523093 
44000 0.00514792 0.00521436 
44100 0.00513625 0.00523676 
44200 0.00512463 0.00525306 
44300 0.00511306 0.00525603 
44400 0.00510155 0.00520293 
44500 0.00509008 0.00517938 
44600 0.00507867 0.00518855 
44700 0.00506731 0.0051641 
44800 0.005056 0.00512063 
44900 0.00504474 0.00508231 
45000 0.00503353 0.00513542 
45100 0.00502237 0.00515094 
45200 0.00501126 0.00518421 
45300 0.00500019 0.00518593 
45400 0.00498918 0.0051573 
45500 0.00497822 0.00512806 
45600 0.0049673 0.00512696 
45700 0.00495643 0.0051066 
45800 0.00494561 0.00508195 
45900 0.00493483 0.00504692 
46000 0.00492411 0.00509262 
46100 0.00491342 0.00507572 
46200 0.00490279 0.00501421 
46300 0.0048922 0.00496728 
46400 0.00488166 0.00497992 
46500 0.00487116 0.00494016 
46600 0.00486071 0.00493971 
46700 0.0048503 0.00485309 
46800 0.00483994 0.00488138 
46900 0.00482962 0.00484513 
47000 0.00481934 0.00488469 
47100 0.00480911 0.00488067 
47200 0.00479892 0.004859 
47300 0.00478877 0.00485045 
47400 0.00477867 0.00480623 
47500 0.00476861 0.00471959 
47600 0.00475859 0.00467563 
47700 0.00474862 0.00465747 
47800 0.00473868 0.00468858 
47900 0.00472879 0.00467429 
48000 0.00471894 0.00457176 
48100 0.00470913 0.00459277 
48200 0.00469936 0.00452686 
48300 0.00468963 0.00448746 
48400 0.00467994 0.0045698 
48500 0.00467029 0.00454998 
48600 0.00466068 0.00452377 
48700 0.00465111 0.00455518 
48800 0.00464158 0.00450749 
48900 0.00463209 0.00448236 
49000 0.00462264 0.0044948 
49100 0.00461322 0.00449706 
49200 0.00460385 0.00443991 
49300 0.00459451 0.00440245 
49400 0.00458521 0.00430111 
49500 0.00457594 0.00428319 
49600 0.00456672 0.00426675 
49700 0.00455753 0.00418343 
49800 0.00454838 0.0042664 
49900 0.00453926 0.00423878 
50000 0.00453019 0.00423126 
50100 0.00452114 0.00426875 
50200 0.00451214 0.00433202 
50300 0.00450317 0.00437382 
50400 0.00449423 0.00442292 
50500 0.00448533 0.00442544 
50600 0.00447647 0.00442725 
50700 0.00446764 0.00434529 
50800 0.00445885 0.00434709 
50900 0.00445009 0.00431087 
51000 0.00444136 0.00430863 
51100 0.00443267 0.00430169 
51200 0.00442401 0.00431409 
51300 0.00441548 0.00429281 
51400 0.00440999 0.00434683 
51500 0.00440143 0.00440651 
51600 0.0043929 0.0043942 
51700 0.0043844 0.00442809 
51800 0.00437594 0.0044115 
51900 0.00436751 0.00437043 
52000 0.00435918 0.00439048 
52100 0.00435081 0.00441715 
52200 0.00433802 0.00445472 
52300 0.00433492 0.0044274 
52400 0.00433727 0.00444159 
52500 0.00433023 0.00439485 
52600 0.00432418 0.0043753 
52700 0.0043232 0.00432102 
52800 0.00432365 0.00433037 
52900 0.00431622 0.00431441 
53000 0.00430541 0.00425812 
53100 0.00430077 0.00421243 
53200 0.00429827 0.00424399 
53300 0.00428639 0.00418059 
53400 0.00427821 0.00418809 
53500 0.00427852 0.00416117 
53600 0.00427804 0.00415804 
53700 0.00427178 0.00415658 
53800 0.00426534 0.00414236 
53900 0.00425743 0.00418889 
54000 0.00424955 0.00416319 
54100 0.00424169 0.00421853 
54200 0.00423387 0.00422781 
54300 0.00422607 0.00422539 
54400 0.0042183 0.00423793 
54500 0.00421027 0.00421269 
54600 0.00420427 0.00422985 
54700 0.00418415 0.00421463 
54800 0.00414287 0.00418821 
54900 0.00415107 0.00417437 
55000 0.00409105 0.00420461 
55100 0.00407465 0.004102 
55200 0.00409006 0.00407603 
55300 0.00411397 0.00410518 
55400 0.00407248 0.00410457 
55500 0.00402361 0.00409578 
55600 0.00405725 0.00406188 
55700 0.00407219 0.00403305 
55800 0.00407059 0.00404181 
55900 0.0040664 0.00404529 
56000 0.00402706 0.00404597 
56100 0.00403774 0.00412531 
56200 0.00407677 0.00413839 
56300 0.00407186 0.0041045 
56400 0.00409474 0.00409051 
56500 0.00409885 0.00407071 
56600 0.00409085 0.00407491 
56700 0.00409323 0.00408986 
56800 0.00409997 0.00398976 
56900 0.00409745 0.00402427 
57000 0.00409323 0.00400403 
57100 0.00408818 0.00401443 
57200 0.00408104 0.00398415 
57300 0.00407529 0.00403249 
57400 0.00407082 0.00402209 
57500 0.00406888 0.00406514 
57600 0.00406408 0.00402294 
57700 0.00405884 0.00398769 
57800 0.00405511 0.00395299 
57900 0.00404969 0.00391747 
58000 0.00403399 0.00394988 
58100 0.00403563 0.00399269 
58200 0.00400506 0.00409079 
58300 0.0040158 0.00411926 
58400 0.00401808 0.00407748 
58500 0.00402389 0.00407252 
58600 0.00401727 0.00403274 
58700 0.00401043 0.00400867 
58800 0.00400361 0.0040312 
58900 0.00399681 0.004044 
59000 0.00399003 0.00409083 
59100 0.00398328 0.00409012 
59200 0.00397656 0.00406805 
59300 0.00396985 0.00401563 
59400 0.00396317 0.00396008 
59500 0.00395651 0.00398398 
59600 0.00394987 0.00398787 
59700 0.00394325 0.00412257 
59800 0.00393666 0.00416685 
59900 0.00393009 0.00417207 
60000 0.00392354 0.00419978 
60100 0.00391701 0.00420692 
60200 0.0039105 0.00421617 
60300 0.00390402 0.00421909 
60400 0.00389755 0.00423016 
60500 0.00389111 0.00419541 
60600 0.00388469 0.00422785 
60700 0.00387829 0.0042003 
60800 0.00387191 0.0041579 
60900 0.00386555 0.00417374 
61000 0.00385922 0.00415357 
61100 0.0038529 0.00411248 
61200 0.0038466 0.00410374 
61300 0.00384033 0.00410469 
61400 0.00383408 0.00410714 
61500 0.00382784 0.00415011 
61600 0.00382163 0.00414954 
61700 0.00381543 0.00411249 
61800 0.00380926 0.00411987 
61900 0.00380311 0.00412815 
62000 0.00379697 0.0041505 
62100 0.00379086 0.00415672 
62200 0.00378476 0.00411764 
62300 0.00377869 0.00409851 
62400 0.00377263 0.00415764 
62500 0.0037666 0.00416602 
62600 0.00376058 0.00417848 
62700 0.00375458 0.00414682 
62800 0.0037486 0.00418884 
62900 0.00374264 0.0041707 
63000 0.0037367 0.00419229 
63100 0.00373078 0.0041721 
63200 0.00372488 0.00417235 
63300 0.00371899 0.00415348 
63400 0.00371313 0.00415674 
63500 0.00370728 0.00412652 
63600 0.00370145 0.00413214 
63700 0.00369564 0.0041234 
63800 0.00368985 0.00411849 
63900 0.00368407 0.00410911 
64000 0.00367832 0.00404968 
64100 0.00367258 0.00400869 
64200 0.00366686 0.00401724 
64300 0.00366116 0.00401662 
64400 0.00365547 0.00407153 
64500 0.0036498 0.00407889 
64600 0.00364415 0.00406462 
64700 0.00363852 0.00404235 
64800 0.00363291 0.00402908 
64900 0.00362731 0.00399712 
65000 0.00362173 0.0039778 
65100 0.00361617 0.00394327 
65200 0.00361062 0.00392715 
65300 0.00360509 0.00389363 
65400 0.00359958 0.00391105 
65500 0.00359408 0.00395331 
65600 0.0035886 0.00396917 
65700 0.00358314 0.00399522 
65800 0.0035777 0.00397697 
65900 0.00357227 0.00395134 
66000 0.00356686 0.0038824 
66100 0.00356146 0.00391824 
66200 0.00355608 0.0038722 
66300 0.00355072 0.00383931 
66400 0.00354537 0.00380452 
66500 0.00354004 0.00379993 
66600 0.00353472 0.00384741 
66700 0.00352942 0.0038174 
66800 0.00352414 0.00383112 
66900 0.00351887 0.00382141 
67000 0.00351362 0.00378427 
67100 0.00350838 0.00376257 
67200 0.00350316 0.00372894 
67300 0.00349796 0.0037945 
67400 0.00349277 0.00379305 
67500 0.00348759 0.00378876 
67600 0.00348243 0.00378976 
67700 0.00347729 0.0037829 
67800 0.00347216 0.00381555 
67900 0.00346705 0.00379561 
68000 0.00346195 0.00385817 
68100 0.00345687 0.00385073 
68200 0.0034518 0.00384728 
68300 0.00344674 0.00385153 
68400 0.0034417 0.00389175 
68500 0.00343668 0.00391226 
68600 0.00343167 0.0039208 
68700 0.00342668 0.00394081 
68800 0.0034217 0.00392741 
68900 0.00341673 0.00390849 
69000 0.00341178 0.00388459 
69100 0.00340684 0.0038409 
69200 0.00340192 0.00384521 
69300 0.00339701 0.00387557 
69400 0.00339211 0.00389143 
69500 0.00338723 0.00384178 
69600 0.00338237 0.00383374 
69700 0.00337803 0.0038319 
69800 0.00337365 0.00381955 
69900 0.00337477 0.00378293 
70000 0.00337643 0.00376792 
70100 0.00335389 0.00376243 
70200 0.00335502 0.00381227 
70300 0.00336362 0.0038043 
70400 0.00336583 0.00381273 
70500 0.00336323 0.00380668 
70600 0.00335742 0.00380363 
70700 0.00336455 0.00380721 
70800 0.00336825 0.00381146 
70900 0.00335308 0.00379664 
71000 0.00335286 0.00378644 
71100 0.00335232 0.00375829 
71200 0.00334441 0.00376435 
71300 0.00334414 0.00373257 
71400 0.00333894 0.00372179 
71500 0.00334221 0.00368356 
71600 0.00334854 0.00365496 
71700 0.00334399 0.00370654 
71800 0.00334656 0.00368278 
71900 0.00334355 0.00364912 
72000 0.00333886 0.00367726 
72100 0.00333059 0.00369871 
72200 0.00333242 0.00369869 
72300 0.00333045 0.00368949 
72400 0.0033251 0.00364005 
72500 0.0033245 0.00359884 
72600 0.00332138 0.00361731 
72700 0.00332201 0.00357747 
72800 0.00331745 0.00352557 
72900 0.00331289 0.00352698 
73000 0.00330836 0.00350382 
73100 0.00330383 0.00354156 
73200 0.00329932 0.00350647 
73300 0.00329482 0.00348602 
73400 0.00329033 0.00350859 
73500 0.00328585 0.00354373 
73600 0.00328139 0.00348001 
73700 0.00327693 0.00353703 
73800 0.00327249 0.00345835 
73900 0.00326807 0.0034992 
74000 0.00326365 0.00349684 
74100 0.00325925 0.00349792 
74200 0.00325485 0.00348613 
74300 0.00325047 0.00347558 
74400 0.0032461 0.00348179 
74500 0.00324175 0.0034597 
74600 0.0032374 0.00345955 
74700 0.00323307 0.00343295 
74800 0.00322874 0.00340812 
74900 0.00322443 0.00338309 
75000 0.00322013 0.00337735 
75100 0.00321585 0.00340826 
75200 0.00321157 0.00341164 
75300 0.00320731 0.0034125 
75400 0.00320305 0.00341215 
75500 0.00319881 0.00343869 
75600 0.00319458 0.00342742 
75700 0.00319036 0.0034282 
75800 0.00318615 0.00338662 
75900 0.00318195 0.00338933 
76000 0.00317777 0.00336023 
76100 0.00317359 0.0033715 
76200 0.00316942 0.00335618 
76300 0.00316527 0.00335389 
76400 0.00316113 0.00332851 
76500 0.003157 0.00333502 
76600 0.00315287 0.00332467 
76700 0.00314876 0.0033544 
76800 0.00314466 0.00335598 
76900 0.00314057 0.003335 
77000 0.0031365 0.00331787 
77100 0.00313243 0.00332354 
77200 0.00312837 0.00327958 
77300 0.00312432 0.0033215 
77400 0.00312029 0.00332906 
77500 0.00311626 0.00333306 
77600 0.00311225 0.00333032 
77700 0.00310824 0.00330401 
77800 0.00310424 0.00330063 
77900 0.00310026 0.00327621 
78000 0.00309629 0.00330545 
78100 0.00309232 0.00331332 
78200 0.00308837 0.00329663 
78300 0.00308442 0.00326606 
78400 0.00308049 0.00325569 
78500 0.00307656 0.00325794 
78600 0.00307265 0.00321612 
78700 0.00306875 0.00326018 
78800 0.00306485 0.00330699 
78900 0.00306097 0.0033116 
79000 0.00305709 0.00326266 
79100 0.00305323 0.00331411 
79200 0.00304937 0.00328518 
79300 0.00304553 0.00330705 
79400 0.00304169 0.00328957 
79500 0.00303787 0.00327415 
79600 0.00303405 0.00334678 
79700 0.00303024 0.00335667 
79800 0.00302644 0.00336183 
79900 0.00302266 0.00333747 
80000 0.00301888 0.00334042 
80100 0.00301511 0.00331539 
80200 0.00301135 0.00328761 
80300 0.0030076 0.00325036 
80400 0.00300386 0.00324777 
80500 0.00300013 0.00327664 
80600 0.00299641 0.00327546 
80700 0.00299269 0.00328467 
80800 0.00298899 0.00328065 
80900 0.00298529 0.00325168 
81000 0.00298161 0.00330192 
81100 0.00297793 0.00327811 
81200 0.00297427 0.00326773 
81300 0.00297061 0.00325807 
81400 0.00296696 0.00325443 
81500 0.00296332 0.00317641 
81600 0.00295969 0.00320999 
81700 0.00295606 0.00322299 
81800 0.00295245 0.00322097 
81900 0.00294884 0.00324442 
82000 0.00294525 0.00325735 
82100 0.00294166 0.0032361 
82200 0.00293808 0.00327651 
82300 0.00293451 0.00327556 
82400 0.00293095 0.00329394 
82500 0.0029274 0.00330673 
82600 0.00292385 0.00326925 
82700 0.00292032 0.00325805 
82800 0.00291679 0.00320972 
82900 0.00291327 0.00320457 
83000 0.00290976 0.00320094 
83100 0.00290626 0.00323181 
83200 0.00290277 0.00318936 
83300 0.00289928 0.00318865 
83400 0.00289581 0.00314008 
83500 0.00289234 0.00313066 
83600 0.00288888 0.00317021 
83700 0.00288543 0.00320058 
83800 0.00288199 0.00320444 
83900 0.00287855 0.00321735 
84000 0.00287512 0.00326038 
84100 0.00287171 0.00325056 
84200 0.0028683 0.00325571 
84300 0.00286489 0.00327211 
84400 0.0028615 0.00325236 
84500 0.00285811 0.0032537 
84600 0.00285473 0.00326818 
84700 0.00285136 0.00325408 
84800 0.002848 0.00321589 
84900 0.00284465 0.00320661 
85000 0.0028413 0.00319194 
85100 0.00283796 0.00317391 
85200 0.00283463 0.00313363 
85300 0.00283131 0.00310429 
85400 0.00282799 0.00317028 
85500 0.00282468 0.00315756 
85600 0.00282138 0.00308724 
85700 0.00281809 0.00308856 
85800 0.00281481 0.0031008 
85900 0.00281153 0.00308671 
86000 0.00280826 0.00308686 
86100 0.002805 0.00307579 
86200 0.00280175 0.0031079 
86300 0.0027985 0.00310331 
86400 0.00279526 0.00313176 
86500 0.00279203 0.00315226 
86600 0.00278881 0.00312553 
86700 0.00278559 0.00312946 
86800 0.00278238 0.00311529 
86900 0.00277918 0.00306884 
87000 0.00277598 0.00309656 
87100 0.0027728 0.00306876 
87200 0.00276962 0.00309618 
87300 0.00276644 0.00308693 
87400 0.00276328 0.00306537 
87500 0.00276012 0.00306828 
87600 0.00275697 0.00307712 
87700 0.00275383 0.00303688 
87800 0.00275069 0.00303378 
87900 0.00274756 0.00304512 
88000 0.00274444 0.00302953 
88100 0.00274132 0.00305093 
88200 0.00273822 0.00304175 
88300 0.00273511 0.00305076 
88400 0.00273202 0.00307135 
88500 0.00272893 0.00310262 
88600 0.00272585 0.00312692 
88700 0.00272278 0.00312908 
88800 0.00271971 0.00312044 
88900 0.00271665 0.003128 
89000 0.0027136 0.00312999 
89100 0.00271056 0.00311629 
89200 0.00270752 0.00309688 
89300 0.00270449 0.00312561 
89400 0.00270146 0.0031118 
89500 0.00269844 0.00308178 
89600 0.00269543 0.0030508 
89700 0.00269243 0.00306461 
89800 0.00268943 0.00305586 
89900 0.00268644 0.00309078 
90000 0.00268345 0.00311351 
90100 0.00268047 0.00308965 
90200 0.0026775 0.00308646 
90300 0.00267454 0.00306747 
90400 0.00267158 0.00307484 
90500 0.00266863 0.00308212 
90600 0.00266568 0.00307378 
90700 0.00266274 0.0030601 
90800 0.00265981 0.00305688 
90900 0.00265688 0.00305911 
91000 0.00265396 0.00306649 
91100 0.00265105 0.00304784 
91200 0.00264814 0.00303417 
91300 0.00264524 0.003047 
91400 0.00264235 0.00304387 
91500 0.00263946 0.00303572 
91600 0.00263658 0.00297852 
91700 0.0026337 0.0029755 
91800 0.00263084 0.00297249 
91900 0.00262797 0.00297509 
92000 0.00262512 0.00297212 
92100 0.00262227 0.00294664 
92200 0.00261942 0.0029827 
92300 0.00261658 0.00302195 
92400 0.00261375 0.00302915 
92500 0.00261093 0.0030261 
92600 0.00260811 0.00299243 
92700 0.00260529 0.00296277 
92800 0.00260249 0.00301245 
92900 0.00259968 0.00301955 
93000 0.00259689 0.00303622 
93100 0.0025941 0.00301861 
93200 0.00259132 0.00300575 
93300 0.00258854 0.00302247 
93400 0.00258577 0.00302902 
93500 0.002583 0.00301643 
93600 0.00258024 0.00301337 
93700 0.00257749 0.00301042 
93800 0.00257474 0.00302648 
93900 0.002572 0.00303726 
94000 0.00256926 0.00304778 
94100 0.00256653 0.00309882 
94200 0.00256381 0.0031289 
94300 0.00256109 0.00313278 
94400 0.00255838 0.00313302 
94500 0.00255567 0.0031334 
94600 0.00255297 0.00312039 
94700 0.00255027 0.00312081 
94800 0.00254758 0.00313108 
94900 0.0025449 0.00314054 
95000 0.00254222 0.00311895 
95100 0.00253955 0.00311269 
95200 0.00253688 0.00311621 
95300 0.00253422 0.00311308 
95400 0.00253156 0.00311331 
95500 0.00252891 0.00310718 
95600 0.00252626 0.00310101 
95700 0.00252362 0.00306357 
95800 0.00252099 0.003068 
95900 0.00251836 0.00306884 
96000 0.00251574 0.00305145 
96100 0.00251312 0.00305584 
96200 0.00251051 0.0030419 
96300 0.0025079 0.00304279 
96400 0.0025053 0.00303259 
96500 0.0025027 0.00302204 
96600 0.00250011 0.00303805 
96700 0.00249753 0.0030426 
96800 0.00249495 0.0030214 
96900 0.00249237 0.00302596 
97000 0.0024898 0.00303048 
97100 0.00248724 0.00302396 
97200 0.00248468 0.00303186 
97300 0.00248213 0.00302211 
97400 0.00247958 0.00301917 
97500 0.00247703 0.00303044 
97600 0.0024745 0.00303093 
97700 0.00247196 0.00305084 
97800 0.00247006 0.00304494 
97900 0.00246797 0.00302289 
98000 0.00246546 0.00303317 
98100 0.00246294 0.00300002 
98200 0.00246043 0.00300087 
98300 0.00245793 0.00300176 
98400 0.00245543 0.00300919 
98500 0.00245294 0.00300309 
98600 0.00245045 0.00298995 
98700 0.00244797 0.00300755 
98800 0.00244549 0.00300146 
98900 0.00244302 0.00300216 
99000 0.00244055 0.0030027 
99100 0.00243809 0.00299339 
99200 0.00243563 0.00296308 
99300 0.00243318 0.00294557 
99400 0.00243073 0.00294674 
99500 0.00242829 0.00293257 
99600 0.00242585 0.00293383 
99700 0.00242342 0.00292358 
99800 0.00242099 0.00290512 
99900 0.00241857 0.00288604 
100000 0.00241615 0.0028751 
110000 0.0021965 0.002762 
120000 0.00201535 0.00257851 
130000 0.00189784 0.0024369 
140000 0.00176993 0.00221766 
150000 0.00165772 0.00204257 
160000 0.00155411 0.0020014 
170000 0.0014725 0.00181032 
180000 0.00139089 0.00176399 
190000 0.00135307 0.00166688 
200000 0.00129029 0.00157169 
210000 0.00122885 0.00145009 
220000 0.00117299 0.00142879 
230000 0.00112199 0.0013695 
240000 0.00107524 0.00149491 
250000 0.00103684 0.0015216 
260000 0.00101702 0.00154509 
270000 0.000979352 0.00147973 
280000 0.000949779 0.00147738 
290000 0.000922505 0.00145501 
300000 0.000909206 0.00144653 
310000 0.000892482 0.0014432 
320000 0.000900271 0.00143562 
330000 0.000892347 0.00138666 
340000 0.000866102 0.00133561 
350000 0.000841356 0.00136418 
360000 0.000819821 0.00128933 
370000 0.000797664 0.00115255 
380000 0.000778382 0.00127606 
390000 0.000771442 0.00136547 
400000 0.000753894 0.00131644 
410000 0.000735506 0.00133371 
420000 0.000717994 0.00132374 
430000 0.000709087 0.00126382 
440000 0.000692971 0.00127398 
450000 0.000678438 0.00126489 
460000 0.000665035 0.00126381 
470000 0.000650886 0.00120138 
480000 0.000637326 0.00119924 
490000 0.000624319 0.00118128 
500000 0.000611833 0.00116428 
510000 0.000599836 0.00117654 
520000 0.000588301 0.00119137 
530000 0.000559794 0.00120055 
540000 0.000571439 0.00116647 
550000 0.000562797 0.00120688 
560000 0.000552747 0.00116551 
570000 0.000544646 0.00114424 
580000 0.000539847 0.00108774 
590000 0.000530697 0.00113432 
600000 0.000521852 0.0011634 
610000 0.000513297 0.00111572 
620000 0.000505018 0.0010551 
630000 0.000497002 0.00105769 
640000 0.000489237 0.00105622 
650000 0.000464168 0.0011575 
660000 0.000485938 0.00115928 
670000 0.000478685 0.00115412 
680000 0.00047344 0.00115597 
690000 0.000466787 0.00115261 
700000 0.000460118 0.00113224 
710000 0.000453638 0.00112896 
720000 0.000447337 0.00110732 
730000 0.000441209 0.00109801 
740000 0.000435247 0.00103629 
750000 0.000429444 0.001041 
760000 0.000425335 0.00104373 
770000 0.000419811 0.00106383 
780000 0.000414785 0.00106213 
790000 0.000409535 0.00105485 
800000 0.000404416 0.00106037 
810000 0.000399423 0.00105976 
820000 0.000397501 0.00103151 
830000 0.000392712 0.000992777 
840000 0.000388037 0.000989862 
850000 0.000383472 0.000973007 
860000 0.000379829 0.000965638 
870000 0.000375463 0.000963776 
880000 0.000371197 0.000936108 
890000 0.000367026 0.000928158 
900000 0.000362948 0.000922789 
910000 0.000349775 0.000914213 
920000 0.000363035 0.000921777 
930000 0.000359132 0.000916103 
940000 0.000355311 0.000944484 
950000 0.000351571 0.000936184 
960000 0.000347909 0.000952319 
970000 0.000344322 0.000940934 
980000 0.000343036 0.00094327 
990000 0.000339663 0.000933742 
1000000 0.000336267 0.00092544 
1010000 0.000332937 0.000916896 
1020000 0.000329673 0.000908081 
1030000 0.00032742 0.000899445 
1040000 0.000324272 0.000896011 
1050000 0.000322444 0.000871226 
1060000 0.000319402 0.000855056 
1070000 0.000316417 0.00084807 
1080000 0.000313488 0.00085406 
1090000 0.000310612 0.000837786 
1100000 0.000307788 0.000827002 
1110000 0.000305015 0.00079072 
1120000 0.000302292 0.000797435 
1130000 0.000299617 0.000821553 
1140000 0.000296988 0.000790312 
1150000 0.000294406 0.000792872 
1160000 0.000291868 0.000765274 
1170000 0.000290465 0.000740623 
1180000 0.000288003 0.00078053 
1190000 0.000285583 0.000780225 
1200000 0.000283203 0.000741459 
1210000 0.000280863 0.000742733 
1220000 0.000278561 0.000705751 
1230000 0.000276296 0.00073414 
1240000 0.000275452 0.000749582 
1250000 0.000275884 0.000795109 
1260000 0.000273695 0.00080455 
1270000 0.00027154 0.000806617 
1280000 0.000269418 0.000797406 
1290000 0.00026733 0.000785553 
1300000 0.000265273 0.00079688 
1310000 0.000263248 0.000797445 
1320000 0.000261254 0.00078866 
1330000 0.00025929 0.000767199 
1340000 0.000257355 0.000732832 
1350000 0.000255449 0.000707647 
1360000 0.00025357 0.000683416 
1370000 0.000251719 0.000693037 
1380000 0.000249895 0.000713595 
1390000 0.000248097 0.000702866 
1400000 0.000246325 0.000698688 
1410000 0.000244578 0.000701651 
1420000 0.000242382 0.000698217 
1430000 0.000241526 0.000691878 
1440000 0.000239849 0.000689484 
1450000 0.000238194 0.000693578 
1460000 0.000236563 0.000687544 
1470000 0.000234954 0.000662166 
1480000 0.000233366 0.000654025 
1490000 0.000233065 0.000663038 
1500000 0.000231512 0.000649761 
1510000 0.000229978 0.000644824 
1520000 0.000228465 0.000643698 
1530000 0.000226972 0.000649591 
1540000 0.000225498 0.000616115 
1550000 0.000224043 0.000636212 
1560000 0.000222607 0.0006111 
1570000 0.000221189 0.00063739 
1580000 0.00022031 0.000658329 
1590000 0.000219358 0.000670939 
1600000 0.000217987 0.000666476 
1610000 0.000216633 0.000653546 
1620000 0.000215296 0.000644968 
1630000 0.000213975 0.00065861 
1640000 0.000212671 0.00064476 
1650000 0.000211382 0.000640355 
1660000 0.000210108 0.000591781 
1670000 0.00020885 0.000583018 
1680000 0.000207607 0.000585083 
1690000 0.000206378 0.000592493 
1700000 0.000205164 0.000587564 
1710000 0.000203965 0.000572726 
1720000 0.000203457 0.000583375 
1730000 0.000202786 0.000600663 
1740000 0.000201621 0.000591963 
1750000 0.000200469 0.000600879 
1760000 0.00019933 0.000610991 
1770000 0.000198204 0.000628945 
1780000 0.00019709 0.000633093 
1790000 0.000195989 0.000619728 
1800000 0.0001949 0.000605431 
1810000 0.000193823 0.000602967 
1820000 0.000192758 0.00059707 
1830000 0.000191705 0.000597062 
1840000 0.000190663 0.000612184 
1850000 0.000189633 0.000608224 
1860000 0.000188613 0.000612579 
1870000 0.000187605 0.000612869 
1880000 0.000186607 0.000602415 
1890000 0.000185619 0.000614508 
1900000 0.000184642 0.0006211 
1910000 0.000183676 0.000618989 
1920000 0.000182719 0.000613842 
1930000 0.000181772 0.000594011 
1940000 0.000180835 0.000591692 
1950000 0.000179908 0.000605972 
1960000 0.00017899 0.000602321 
1970000 0.000178081 0.00060908 
1980000 0.000177182 0.000613047 
1990000 0.000176292 0.000603162 
2000000 0.00017541 0.000591833 
2010000 0.000174538 0.000565825 
2020000 0.000173673 0.000581697 
2030000 0.000172818 0.000582487 
2040000 0.000171971 0.000585179 
2050000 0.000171132 0.000576735 
2060000 0.000170301 0.000570828 
2070000 0.000169478 0.000572121 
2080000 0.000168664 0.000567318 
2090000 0.000167857 0.000556316 
2100000 0.000167057 0.000556716 
2110000 0.000166266 0.000535586 
2120000 0.000165481 0.000536111 
2130000 0.000165058 0.000524899 
2140000 0.000164286 0.000528851 
2150000 0.000163522 0.000517333 
2160000 0.000162765 0.000525767 
2170000 0.000162015 0.000519133 
2180000 0.000161272 0.000510388 
2190000 0.000160535 0.000506448 
2200000 0.000159806 0.000523234 
2210000 0.000159083 0.000519789 
2220000 0.000158366 0.000503525 
2230000 0.000157656 0.000491035 
2240000 0.000156952 0.000505851 
2250000 0.000156583 0.000487908 
2260000 0.00015589 0.00050086 
2270000 0.000155203 0.000511101 
2280000 0.000154523 0.000528612 
2290000 0.000153848 0.000536493 
2300000 0.000153179 0.000519133 
2310000 0.000152516 0.000521676 
2320000 0.000151858 0.000513368 
2330000 0.000151207 0.00049609 
2340000 0.000150561 0.000497742 
2350000 0.00014992 0.000495129 
2360000 0.000149285 0.000489231 
2370000 0.000148655 0.000490762 
2380000 0.00014803 0.000488552 
2390000 0.000147411 0.000490408 
2400000 0.000146797 0.000506874 
2410000 0.000150026 0.00050493 
2420000 0.000151864 0.000500481 
2430000 0.000156006 0.000502018 
2440000 0.000156329 0.000500417 
2450000 0.000165071 0.000500638 
2460000 0.000164584 0.000499109 
2470000 0.000169388 0.000490028 
2480000 0.000168705 0.000479211 
2490000 0.000168027 0.000472795 
2500000 0.000167355 0.000484498 
2510000 0.000166688 0.000490325 
2520000 0.000166027 0.00046596 
2530000 0.000165371 0.000475175 
2540000 0.00016472 0.000460687 
2550000 0.000164074 0.000462131 
2560000 0.000163433 0.00046885 
2570000 0.000162797 0.000454832 
2580000 0.000162166 0.000454912 
2590000 0.00016154 0.000458891 
2600000 0.000160918 0.000460531 
2610000 0.000160302 0.000457234 
2620000 0.00015969 0.000455091 
2630000 0.000159083 0.000459092 
2640000 0.00015848 0.000455933 
2650000 0.000157882 0.00044438 
2660000 0.000157289 0.000456527 
2670000 0.0001567 0.000462557 
2680000 0.000156115 0.000441752 
2690000 0.000155535 0.000436941 
2700000 0.000154958 0.000444139 
2710000 0.000154387 0.000455082 
2720000 0.000153819 0.000449021 
2730000 0.000153256 0.000449103 
2740000 0.000152696 0.000449537 
2750000 0.000152141 0.000443271 
2760000 0.00015159 0.00045464 
2770000 0.000151043 0.000452402 
2780000 0.000150499 0.000443238 
2790000 0.00014996 0.000447049 
2800000 0.000149424 0.000443673 
2810000 0.000148893 0.000452095 
2820000 0.000148365 0.000447997 
2830000 0.00014784 0.000449523 
2840000 0.00014732 0.000443672 
2850000 0.000146803 0.000445519 
2860000 0.000146289 0.00044569 
2870000 0.00014578 0.000451231 
2880000 0.000145274 0.000428534 
2890000 0.000144771 0.000429342 
2900000 0.000144272 0.000429116 
2910000 0.000143776 0.000436231 
2920000 0.000141604 0.000427166 
2930000 0.000143052 0.000424083 
2940000 0.000142566 0.000415477 
2950000 0.000142082 0.000417724 
2960000 0.000141602 0.000412597 
2970000 0.000141126 0.000416864 
2980000 0.000140652 0.000428975 
2990000 0.000140591 0.000434184 
3000000 0.000140122 0.000435028 
3010000 0.000139657 0.000439253 
3020000 0.000139194 0.000435012 
3030000 0.000138735 0.000437182 
3040000 0.000138279 0.00043578 
3050000 0.000137825 0.000431949 
3060000 0.000137375 0.000433375 
3070000 0.000136927 0.000423684 
3080000 0.000136483 0.000422159 
3090000 0.000136041 0.0004239 
3100000 0.000135602 0.000420896 
3110000 0.000135166 0.000426957 
3120000 0.000134733 0.000433242 
3130000 0.000134303 0.00044168 
3140000 0.000133875 0.000432849 
3150000 0.00013345 0.000425467 
3160000 0.000133027 0.000419866 
3170000 0.000132608 0.000423728 
3180000 0.000132191 0.000432358 
3190000 0.000131776 0.000426716 
3200000 0.000131365 0.000418993 
3210000 0.000130955 0.000417902 
3220000 0.000130549 0.000423708 
3230000 0.000130206 0.000419581 
3240000 0.000129804 0.000416002 
3250000 0.000129405 0.000416846 
3260000 0.000129008 0.000412485 
3270000 0.000128614 0.000416809 
3280000 0.000128221 0.000415932 
3290000 0.000127832 0.000420888 
3300000 0.000127444 0.000418227 
3310000 0.000127059 0.000431312 
3320000 0.000126677 0.000430826 
3330000 0.000126296 0.00042725 
3340000 0.000125918 0.000428534 
3350000 0.000125542 0.000423737 
3360000 0.000125169 0.000425225 
3370000 0.000124797 0.000434165 
3380000 0.000124428 0.000435142 
3390000 0.000124061 0.000432361 
3400000 0.000123696 0.000431992 
3410000 0.000123333 0.000430349 
3420000 0.000122973 0.000425407 
3430000 0.000122614 0.000421357 
3440000 0.000122258 0.000428362 
3450000 0.000121903 0.000430027 
3460000 0.000121551 0.000421894 
3470000 0.000121201 0.000415929 
3480000 0.000120852 0.000417566 
3490000 0.000120506 0.000419482 
3500000 0.000120162 0.000421261 
3510000 0.000119819 0.00042394 
3520000 0.000119479 0.000424639 
3530000 0.000119141 0.000429003 
3540000 0.000118804 0.00042775 
3550000 0.000118469 0.00042765 
3560000 0.000118137 0.000426015 
3570000 0.000117806 0.000430245 
3580000 0.000117477 0.000434782 
3590000 0.000117149 0.000433464 
3600000 0.000116824 0.000431001 
3610000 0.0001165 0.000427752 
3620000 0.000116179 0.000428137 
3630000 0.000115858 0.000425359 
3640000 0.00011554 0.0004269 
3650000 0.000115224 0.000423588 
3660000 0.000114909 0.000427391 
3670000 0.000114596 0.000423456 
3680000 0.000114284 0.000418329 
3690000 0.000113975 0.000418167 
3700000 0.000113667 0.000418981 
3710000 0.00011336 0.000421552 
3720000 0.000113055 0.000419882 
3730000 0.000112752 0.000418604 
3740000 0.000112451 0.000411495 
3750000 0.000112151 0.000411128 
3760000 0.000111853 0.000406897 
3770000 0.000111556 0.000408482 
3780000 0.000111261 0.000411434 
3790000 0.000110967 0.000408823 
3800000 0.000110675 0.000403979 
3810000 0.000110385 0.00040205 
3820000 0.000110096 0.000396101 
3830000 0.000109808 0.000398238 
3840000 0.000109522 0.000395089 
3850000 0.000109238 0.000393938 
3860000 0.000108955 0.000390671 
3870000 0.000108673 0.000393216 
3880000 0.000108393 0.000398588 
3890000 0.000108115 0.000399118 
3900000 0.000107837 0.000407129 
3910000 0.000107562 0.000405116 
3920000 0.000107307 0.0004061 
3930000 0.000107034 0.000409761 
3940000 0.000106938 0.000409536 
3950000 0.000106667 0.000406221 
3960000 0.000106398 0.000406276 
3970000 0.00010613 0.000405109 
3980000 0.000105863 0.000402655 
3990000 0.000105598 0.000401136 
4000000 0.000105334 0.000399112 
4010000 0.000104414 0.000385902 
4020000 0.000103192 0.000381423 
4030000 0.000107035 0.000391606 
4040000 0.000106907 0.000389249 
4050000 0.000106643 0.000385106 
4060000 0.00010638 0.000379775 
4070000 0.000106119 0.000373037 
4080000 0.000105859 0.000371025 
4090000 0.0001056 0.000370255 
4100000 0.000105343 0.000365214 
4110000 0.000105086 0.000366814 
4120000 0.000104831 0.000373178 
4130000 0.000104577 0.000374949 
4140000 0.000104325 0.000377329 
4150000 0.000104073 0.000374835 
4160000 0.000103823 0.000375625 
4170000 0.000103574 0.00038098 
4180000 0.000103326 0.000377846 
4190000 0.00010308 0.000379386 
4200000 0.000102834 0.000379379 
4210000 0.00010259 0.000374585 
4220000 0.000102347 0.000370832 
4230000 0.000102105 0.000370936 
4240000 0.000101864 0.000363839 
4250000 0.000101625 0.000361751 
4260000 0.000101386 0.000362114 
4270000 0.000101149 0.000358746 
4280000 0.000100912 0.000364463 
4290000 0.000100677 0.000368821 
4300000 0.000100443 0.000368152 
4310000 0.000100563 0.000360653 
4320000 0.00010033 0.00035827 
4330000 0.000100098 0.000355713 
4340000 9.98677e-05 0.000346299 
4350000 9.96381e-05 0.000343806 
4360000 9.94096e-05 0.000334871 
4370000 9.91821e-05 0.000331423 
4380000 9.89557e-05 0.000328114 
4390000 9.87303e-05 0.000329733 
4400000 9.85059e-05 0.0003213 
4410000 9.82825e-05 0.000312139 
4420000 9.80602e-05 0.000312906 
4430000 9.78388e-05 0.000309362 
4440000 9.76185e-05 0.000300948 
4450000 9.73991e-05 0.000303332 
4460000 9.71807e-05 0.00030233 
4470000 9.69633e-05 0.00030831 
4480000 9.67469e-05 0.000311678 
4490000 9.53588e-05 0.000307536 
4500000 9.64706e-05 0.000309732 
4510000 9.62567e-05 0.000304638 
4520000 9.60437e-05 0.000305411 
4530000 9.58317e-05 0.000309559 
4540000 9.56206e-05 0.000307116 
4550000 9.54105e-05 0.000304884 
4560000 9.52012e-05 0.000297043 
4570000 9.49929e-05 0.000298419 
4580000 9.47855e-05 0.000294627 
4590000 9.4579e-05 0.00030071 
4600000 9.43734e-05 0.00030042 
4610000 9.41687e-05 0.000297343 
4620000 9.39648e-05 0.000293975 
4630000 9.37619e-05 0.000295156 
4640000 9.35598e-05 0.000298339 
4650000 9.33586e-05 0.000299405 
4660000 9.31583e-05 0.00029437 
4670000 9.29588e-05 0.000292759 
4680000 9.27602e-05 0.000302314 
4690000 9.25624e-05 0.000301533 
4700000 9.23654e-05 0.000297703 
4710000 9.21693e-05 0.000296769 
4720000 9.19741e-05 0.000299502 
4730000 9.17796e-05 0.000302002 
4740000 9.1586e-05 0.000293209 
4750000 9.13932e-05 0.00029357 
4760000 9.12012e-05 0.000291696 
4770000 9.101e-05 0.000296298 
4780000 9.08196e-05 0.000295215 
4790000 9.063e-05 0.000296826 
4800000 9.04412e-05 0.00030109 
4810000 9.02531e-05 0.0003067 
4820000 9.00659e-05 0.000310806 
4830000 8.98794e-05 0.000305681 
4840000 8.96937e-05 0.000311796 
4850000 8.95088e-05 0.000301528 
4860000 8.93246e-05 0.000302573 
4870000 8.97597e-05 0.000303657 
4880000 8.95757e-05 0.000307729 
4890000 8.93925e-05 0.000309977 
4900000 8.92101e-05 0.000307015 
4910000 8.90284e-05 0.000309275 
4920000 8.88475e-05 0.000316943 
4930000 8.86672e-05 0.000316728 
4940000 8.84878e-05 0.000321967 
4950000 8.8309e-05 0.000323141 
4960000 8.81309e-05 0.0003275 
4970000 8.79536e-05 0.000327151 
4980000 8.7777e-05 0.000326249 
4990000 8.76011e-05 0.000326702 
5000000 8.74259e-05 0.000326224 
5010000 8.72514e-05 0.000324903 
5020000 8.70776e-05 0.000327202 
5030000 8.69045e-05 0.000328509 
5040000 8.6732e-05 0.000326645 
5050000 8.65603e-05 0.000328699 
5060000 8.63892e-05 0.000328649 
5070000 8.62188e-05 0.000330413 
5080000 8.60491e-05 0.000329461 
5090000 8.58801e-05 0.000327617 
5100000 8.57117e-05 0.000326223 
5110000 8.55439e-05 0.000330547 
5120000 8.53769e-05 0.000331989 
5130000 8.52104e-05 0.000336822 
5140000 8.50447e-05 0.000336606 
5150000 8.48795e-05 0.000336647 
5160000 8.4715e-05 0.000335466 
5170000 8.45512e-05 0.000334578 
5180000 8.45794e-05 0.000334967 
5190000 8.44165e-05 0.000337354 
5200000 8.42541e-05 0.000336119 
5210000 8.40924e-05 0.00033636 
5220000 8.39313e-05 0.000334332 
5230000 8.37708e-05 0.000336548 
5240000 8.3611e-05 0.000337535 
5250000 8.34517e-05 0.00033682 
5260000 8.32931e-05 0.000336731 
5270000 8.3135e-05 0.000335748 
5280000 8.29775e-05 0.000335468 
5290000 8.28207e-05 0.000334717 
5300000 8.26644e-05 0.00033244 
5310000 8.25088e-05 0.000332961 
5320000 8.23537e-05 0.000333023 
5330000 8.22951e-05 0.000332106 
5340000 8.2141e-05 0.000329983 
5350000 8.19874e-05 0.000329265 
5360000 8.18345e-05 0.00032768 
5370000 8.16821e-05 0.000326225 
5380000 8.15303e-05 0.000325036 
5390000 8.1379e-05 0.000324405 
5400000 8.12283e-05 0.00032272 
5410000 8.10782e-05 0.000320274 
5420000 8.09286e-05 0.000318592 
5430000 8.07795e-05 0.000316803 
5440000 8.0631e-05 0.000315452 
5450000 8.04831e-05 0.000316832 
5460000 8.03357e-05 0.000319627 
5470000 8.01888e-05 0.000317567 
5480000 8.00425e-05 0.000317214 
5490000 7.98967e-05 0.000318019 
5500000 7.97514e-05 0.000317141 
5510000 7.96067e-05 0.00031827 
5520000 7.94625e-05 0.000319442 
5530000 7.93188e-05 0.000321303 
5540000 7.91756e-05 0.000321534 
5550000 7.90329e-05 0.00031988 
5560000 7.88908e-05 0.000321717 
5570000 7.87492e-05 0.000320977 
5580000 7.8608e-05 0.000319451 
5590000 7.84674e-05 0.000315355 
5600000 7.83273e-05 0.000311249 
5610000 7.81877e-05 0.000311576 
5620000 7.80485e-05 0.000311589 
5630000 7.79099e-05 0.00030922 
5640000 7.77718e-05 0.000309291 
5650000 7.76341e-05 0.000308097 
5660000 7.7497e-05 0.000306673 
5670000 7.73603e-05 0.000307103 
5680000 7.72241e-05 0.000307355 
5690000 7.70884e-05 0.000305574 
5700000 7.69531e-05 0.000307143 
5710000 7.68184e-05 0.000305354 
5720000 7.66841e-05 0.000306424 
5730000 7.65502e-05 0.000302107 
5740000 7.64169e-05 0.000297511 
5750000 7.6284e-05 0.000299492 
5760000 7.61515e-05 0.000293699 
5770000 7.60196e-05 0.0002961 
5780000 7.5888e-05 0.000295009 
5790000 7.5757e-05 0.000294471 
5800000 7.56264e-05 0.000292824 
5810000 7.54962e-05 0.0002913 
5820000 7.53665e-05 0.000290148 
5830000 7.52372e-05 0.000285458 
5840000 7.51084e-05 0.000282535 
5850000 7.498e-05 0.000279352 
5860000 7.4852e-05 0.000276715 
5870000 7.47245e-05 0.000276274 
5880000 7.45974e-05 0.000279048 
5890000 7.44708e-05 0.000278611 
5900000 7.43446e-05 0.000276416 
5910000 7.42188e-05 0.00027399 
5920000 7.40934e-05 0.000266098 
5930000 7.39684e-05 0.000267446 
5940000 7.38439e-05 0.000266086 
5950000 7.37198e-05 0.000262787 
5960000 7.35961e-05 0.000261288 
5970000 7.34728e-05 0.000259738 
5980000 7.335e-05 0.000247857 
5990000 7.32275e-05 0.000245457 
6000000 7.31055e-05 0.000251399 
6010000 7.29838e-05 0.000252494 
6020000 7.28626e-05 0.000256374 
6030000 7.27418e-05 0.000260232 
6040000 7.26213e-05 0.000260206 
6050000 7.25013e-05 0.000259707 
6060000 7.23817e-05 0.000262888 
6070000 7.22624e-05 0.000261773 
6080000 7.21436e-05 0.000259309 
6090000 7.20251e-05 0.000260914 
6100000 7.19385e-05 0.000258628 
6110000 7.18208e-05 0.000255893 
6120000 7.17034e-05 0.00025495 
6130000 7.15864e-05 0.000255769 
6140000 7.14698e-05 0.000253683 
6150000 7.13536e-05 0.000255722 
6160000 7.12378e-05 0.000258758 
6170000 7.11223e-05 0.000259607 
6180000 7.10073e-05 0.000252557 
6190000 7.08925e-05 0.00025331 
6200000 7.07782e-05 0.000255427 
6210000 7.06642e-05 0.000253723 
6220000 7.05506e-05 0.000249162 
6230000 7.04374e-05 0.000252409 
6240000 7.03245e-05 0.00024685 
6250000 7.0212e-05 0.000244456 
6260000 7.00998e-05 0.000236467 
6270000 6.9988e-05 0.000240282 
6280000 6.98766e-05 0.000244588 
6290000 6.97655e-05 0.000243414 
6300000 6.96547e-05 0.000249353 
6310000 6.95443e-05 0.000250644 
6320000 6.94343e-05 0.000246695 
6330000 6.93246e-05 0.000244775 
6340000 6.92153e-05 0.000245251 
6350000 6.91063e-05 0.000246553 
6360000 6.89976e-05 0.000242813 
6370000 6.88893e-05 0.000242731 
6380000 6.87813e-05 0.000238657 
6390000 6.86737e-05 0.000234543 
6400000 6.85751e-05 0.000233518 
6410000 6.85192e-05 0.000237003 
6420000 6.84125e-05 0.000234062 
6430000 6.83061e-05 0.000232704 
6440000 6.82e-05 0.00023673 
6450000 6.80943e-05 0.000234425 
6460000 6.79889e-05 0.000232941 
6470000 6.78838e-05 0.000235811 
6480000 6.7779e-05 0.000238087 
6490000 6.76746e-05 0.000235179 
6500000 6.75705e-05 0.000235285 
6510000 6.74667e-05 0.000238431 
6520000 6.73632e-05 0.000241325 
6530000 6.726e-05 0.000236758 
6540000 6.71572e-05 0.000233 
6550000 6.70547e-05 0.000233871 
6560000 6.69525e-05 0.000233089 
6570000 6.68505e-05 0.000234374 
6580000 6.6749e-05 0.000237877 
6590000 6.66477e-05 0.000229619 
6600000 6.65467e-05 0.000228857 
6610000 6.6446e-05 0.000235173 
6620000 6.63456e-05 0.000232486 
6630000 6.62456e-05 0.000232441 
6640000 6.61458e-05 0.000228757 
6650000 6.60463e-05 0.00022555 
6660000 6.59472e-05 0.000223934 
6670000 6.58483e-05 0.000222176 
6680000 6.57497e-05 0.000223403 
6690000 6.56514e-05 0.000227262 
6700000 6.55534e-05 0.000227823 
6710000 6.54558e-05 0.000226136 
6720000 6.53583e-05 0.000227152 
6730000 6.52612e-05 0.000226904 
6740000 6.51644e-05 0.000222204 
6750000 6.50679e-05 0.000224273 
6760000 6.49716e-05 0.000221559 
6770000 6.48756e-05 0.000225858 
6780000 6.478e-05 0.000224118 
6790000 6.46846e-05 0.000226303 
6800000 6.45894e-05 0.000227359 
6810000 6.44946e-05 0.000225449 
6820000 6.44e-05 0.000226075 
6830000 6.43057e-05 0.000230463 
6840000 6.42117e-05 0.000229688 
6850000 6.4118e-05 0.000225422 
6860000 6.40245e-05 0.000223976 
6870000 6.39313e-05 0.000224464 
6880000 6.38384e-05 0.000228636 
6890000 6.37457e-05 0.000223879 
6900000 6.36533e-05 0.000227626 
6910000 6.35612e-05 0.000223294 
6920000 6.34694e-05 0.000229345 
6930000 6.33778e-05 0.000230723 
6940000 6.32865e-05 0.000226836 
6950000 6.31954e-05 0.000223511 
6960000 6.31046e-05 0.000225792 
6970000 6.30141e-05 0.00022678 
6980000 6.29238e-05 0.000233091 
6990000 6.28338e-05 0.000235136 
7000000 6.2744e-05 0.000230792 
7010000 6.26545e-05 0.000230656 
7020000 6.25653e-05 0.000228039 
7030000 6.22879e-05 0.000229887 
7040000 6.2513e-05 0.00022899 
7050000 6.24243e-05 0.000225208 
7060000 6.23359e-05 0.000228378 
7070000 6.22477e-05 0.000229239 
7080000 6.21598e-05 0.000227121 
7090000 6.20722e-05 0.000232702 
7100000 6.21223e-05 0.000222626 
7110000 6.20794e-05 0.000225945 
7120000 6.19922e-05 0.000221139 
7130000 6.19052e-05 0.000220673 
7140000 6.18185e-05 0.000221144 
7150000 6.17321e-05 0.000219432 
7160000 6.16459e-05 0.000220278 
7170000 6.15599e-05 0.000224687 
7180000 6.14741e-05 0.000223545 
7190000 6.13886e-05 0.00022124 
7200000 6.13034e-05 0.000219049 
7210000 6.12184e-05 0.000218717 
7220000 6.11336e-05 0.000218204 
7230000 6.1049e-05 0.000214699 
7240000 6.09647e-05 0.000215795 
7250000 6.08806e-05 0.000218805 
7260000 6.07967e-05 0.000218626 
7270000 6.07131e-05 0.000215807 
7280000 6.06297e-05 0.000213146 
7290000 6.05466e-05 0.000215501 
7300000 6.05613e-05 0.000211449 
7310000 6.0537e-05 0.000216798 
7320000 6.04543e-05 0.000217611 
7330000 6.03719e-05 0.000219836 
7340000 6.02896e-05 0.000217785 
7350000 6.02076e-05 0.000212003 
7360000 6.01258e-05 0.000209836 
7370000 6.00442e-05 0.000205688 
7380000 5.99628e-05 0.000207507 
7390000 5.98817e-05 0.000206019 
7400000 5.98008e-05 0.000205838 
7410000 5.97201e-05 0.000206877 
7420000 5.96396e-05 0.00020529 
7430000 5.95593e-05 0.000204969 
7440000 5.94793e-05 0.000203227 
7450000 5.93994e-05 0.000207853 
7460000 5.93198e-05 0.000206702 
7470000 5.92404e-05 0.00020847 
7480000 5.91612e-05 0.00021001 
7490000 5.90822e-05 0.000210485 
7500000 5.90034e-05 0.000210455 
7510000 5.89249e-05 0.000209901 
7520000 5.88465e-05 0.000208614 
7530000 5.87684e-05 0.000210267 
7540000 5.86904e-05 0.000207142 
7550000 5.86127e-05 0.000208446 
7560000 5.85351e-05 0.000207648 
7570000 5.84578e-05 0.000207422 
7580000 5.83807e-05 0.000206922 
7590000 5.83038e-05 0.00020758 
7600000 5.82271e-05 0.000206307 
7610000 5.81506e-05 0.000201496 
7620000 5.80742e-05 0.000206199 
7630000 5.79981e-05 0.000201079 
7640000 5.79222e-05 0.000199798 
7650000 5.78465e-05 0.000201379 
7660000 5.7771e-05 0.000208018 
7670000 5.76957e-05 0.000202922 
7680000 5.76205e-05 0.000205878 
7690000 5.75456e-05 0.000202934 
7700000 5.74709e-05 0.000200756 
7710000 5.73963e-05 0.000202627 
7720000 5.7322e-05 0.000202859 
7730000 5.71464e-05 0.00020651 
7740000 5.76983e-05 0.00020537 
7750000 5.76238e-05 0.00020621 
7760000 5.75496e-05 0.000209997 
7770000 5.74755e-05 0.000210146 
7780000 5.74016e-05 0.000209693 
7790000 5.73279e-05 0.000213169 
7800000 5.72544e-05 0.000213059 
7810000 5.71811e-05 0.000213835 
7820000 5.7108e-05 0.000210556 
7830000 5.70351e-05 0.000204794 
7840000 5.69623e-05 0.000205737 
7850000 5.68898e-05 0.000212076 
7860000 5.68174e-05 0.000212281 
7870000 5.67452e-05 0.000214158 
7880000 5.66732e-05 0.000207187 
7890000 5.66014e-05 0.00021117 
7900000 5.65297e-05 0.000213055 
7910000 5.64582e-05 0.000211932 
7920000 5.6387e-05 0.000213582 
7930000 5.63158e-05 0.000216105 
7940000 5.62449e-05 0.000216029 
7950000 5.61742e-05 0.000216663 
7960000 5.61036e-05 0.000214251 
7970000 5.60332e-05 0.00021246 
7980000 5.5963e-05 0.000208193 
7990000 5.58929e-05 0.00020827 
8000000 5.58231e-05 0.000205984 
8010000 5.57534e-05 0.000206959 
8020000 5.56839e-05 0.000203935 
8030000 5.56145e-05 0.000208379 
8040000 5.55454e-05 0.000207177 
8050000 5.54764e-05 0.000206421 
8060000 5.54075e-05 0.000211578 
8070000 5.53389e-05 0.00020817 
8080000 5.52704e-05 0.000210535 
8090000 5.52021e-05 0.000212281 
8100000 5.51339e-05 0.000213435 
8110000 5.50659e-05 0.000214537 
8120000 5.49981e-05 0.000210535 
8130000 5.49305e-05 0.000214657 
8140000 5.4863e-05 0.000213695 
8150000 5.47957e-05 0.000214657 
8160000 5.47285e-05 0.000213853 
8170000 5.46615e-05 0.000212298 
8180000 5.45947e-05 0.000216789 
8190000 5.4528e-05 0.000215097 
8200000 5.44615e-05 0.000211011 
8210000 5.43952e-05 0.000215819 
8220000 5.4329e-05 0.000223409 
8230000 5.4263e-05 0.000222592 
8240000 5.41972e-05 0.000222855 
8250000 5.41315e-05 0.000220397 
8260000 5.40659e-05 0.000220879 
8270000 5.40006e-05 0.000222987 
8280000 5.39353e-05 0.000227495 
8290000 5.38703e-05 0.000227645 
8300000 5.38054e-05 0.000227696 
8310000 5.37406e-05 0.000225898 
8320000 5.3676e-05 0.000226763 
8330000 5.36116e-05 0.000228059 
8340000 5.35473e-05 0.000225815 
8350000 5.34832e-05 0.000224457 
8360000 5.34192e-05 0.000218138 
8370000 5.33554e-05 0.000215933 
8380000 5.32917e-05 0.000216338 
8390000 5.32282e-05 0.000223014 
8400000 5.31648e-05 0.000222656 
8410000 5.31016e-05 0.000220108 
8420000 5.30386e-05 0.0002213 
8430000 5.29756e-05 0.000223412 
8440000 5.29129e-05 0.000222502 
8450000 5.28503e-05 0.000219802 
8460000 5.27878e-05 0.000218135 
8470000 5.27255e-05 0.000222246 
8480000 5.26633e-05 0.000220703 
8490000 5.26013e-05 0.000217587 
8500000 5.25394e-05 0.000218395 
8510000 5.24776e-05 0.000212965 
8520000 5.2416e-05 0.000209186 
8530000 5.23546e-05 0.000209567 
8540000 5.22933e-05 0.000207544 
8550000 5.22321e-05 0.000208271 
8560000 5.21711e-05 0.000208971 
8570000 5.21102e-05 0.000208655 
8580000 5.20495e-05 0.000207513 
8590000 5.19889e-05 0.000207904 
8600000 5.19284e-05 0.000207663 
8610000 5.18681e-05 0.000206914 
8620000 5.1808e-05 0.000207557 
8630000 5.17479e-05 0.000206674 
8640000 5.1688e-05 0.00020718 
8650000 5.16283e-05 0.000209898 
8660000 5.15687e-05 0.000208979 
8670000 5.15092e-05 0.000209101 
8680000 5.14498e-05 0.000205542 
8690000 5.13906e-05 0.000207841 
8700000 5.13316e-05 0.000210947 
8710000 5.12726e-05 0.000208689 
8720000 5.12138e-05 0.000206819 
8730000 5.11552e-05 0.000205545 
8740000 5.10966e-05 0.000199451 
8750000 5.10382e-05 0.000201969 
8760000 5.098e-05 0.000208197 
8770000 5.09219e-05 0.000207522 
8780000 5.08639e-05 0.00020739 
8790000 5.0806e-05 0.000206645 
8800000 5.07483e-05 0.000203339 
8810000 5.06907e-05 0.00019628 
8820000 5.07262e-05 0.000201 
8830000 5.06687e-05 0.000207716 
8840000 5.06114e-05 0.000210342 
8850000 5.05542e-05 0.000209706 
8860000 5.04972e-05 0.000209655 
8870000 5.04402e-05 0.000211394 
8880000 5.03834e-05 0.000208501 
8890000 5.03267e-05 0.000208778 
8900000 5.02702e-05 0.000212452 
8910000 5.02138e-05 0.000213937 
8920000 5.01575e-05 0.000209419 
8930000 5.01013e-05 0.000209879 
8940000 5.00453e-05 0.000205494 
8950000 4.99894e-05 0.000204574 
8960000 4.99336e-05 0.000205187 
8970000 4.98779e-05 0.000207383 
8980000 4.98224e-05 0.000208649 
8990000 4.97669e-05 0.000210176 
9000000 4.97116e-05 0.000210651 
9010000 4.96565e-05 0.000209685 
9020000 4.96014e-05 0.000208897 
9030000 4.95465e-05 0.000207116 
9040000 4.94917e-05 0.000205049 
9050000 4.9437e-05 0.000206142 
9060000 4.93824e-05 0.000210435 
9070000 4.9328e-05 0.000213527 
9080000 4.92737e-05 0.000210047 
9090000 4.92194e-05 0.000210415 
9100000 4.91654e-05 0.000214193 
9110000 4.91114e-05 0.000209622 
9120000 4.90575e-05 0.000212863 
9130000 4.90038e-05 0.000215817 
9140000 4.89502e-05 0.000216843 
9150000 4.88967e-05 0.000219744 
9160000 4.88433e-05 0.000218617 
9170000 4.87901e-05 0.000213607 
9180000 4.87369e-05 0.000209765 
9190000 4.86839e-05 0.000210028 
9200000 4.8631e-05 0.000210459 
9210000 4.85782e-05 0.000208396 
9220000 4.85255e-05 0.000208237 
9230000 4.84729e-05 0.000205931 
9240000 4.84204e-05 0.000201841 
9250000 4.83681e-05 0.000197335 
9260000 4.83159e-05 0.000199605 
9270000 4.82637e-05 0.000202288 
9280000 4.82117e-05 0.000202751 
9290000 4.81598e-05 0.000201203 
9300000 4.8108e-05 0.000201557 
9310000 4.80564e-05 0.000204069 
9320000 4.80048e-05 0.000207615 
9330000 4.79534e-05 0.000205779 
9340000 4.7902e-05 0.000200921 
9350000 4.78508e-05 0.000199818 
9360000 4.77997e-05 0.00020068 
9370000 4.77486e-05 0.000205448 
9380000 4.76977e-05 0.000203655 
9390000 4.76469e-05 0.000204691 
9400000 4.75963e-05 0.000206247 
9410000 4.75457e-05 0.000208008 
9420000 4.74952e-05 0.000207684 
9430000 4.74448e-05 0.000211373 
9440000 4.73946e-05 0.000214363 
9450000 4.73444e-05 0.000213044 
9460000 4.72944e-05 0.000212389 
9470000 4.72444e-05 0.000217132 
9480000 4.71946e-05 0.000220344 
9490000 4.71449e-05 0.000220102 
9500000 4.70952e-05 0.000224973 
9510000 4.70457e-05 0.000223851 
9520000 4.69963e-05 0.000225874 
9530000 4.6947e-05 0.00022361 
9540000 4.68978e-05 0.0002187 
9550000 4.68487e-05 0.000216142 
9560000 4.67997e-05 0.000216535 
9570000 4.69583e-05 0.000215695 
9580000 4.69093e-05 0.000214566 
9590000 4.68604e-05 0.000212984 
9600000 4.68116e-05 0.000212372 
9610000 4.67629e-05 0.000211488 
9620000 4.67143e-05 0.000212051 
9630000 4.66657e-05 0.000210029 
9640000 4.66173e-05 0.000213542 
9650000 4.6569e-05 0.000212276 
9660000 4.65208e-05 0.000213255 
9670000 4.64727e-05 0.000212369 
9680000 4.64247e-05 0.000205931 
9690000 4.63768e-05 0.000206299 
9700000 4.6329e-05 0.000206008 
9710000 4.62813e-05 0.000205217 
9720000 4.62337e-05 0.000205903 
9730000 4.61861e-05 0.000199445 
9740000 4.61387e-05 0.000200955 
9750000 4.60914e-05 0.000200159 
9760000 4.60442e-05 0.000202572 
9770000 4.5997e-05 0.000200775 
9780000 4.595e-05 0.000204974 
9790000 4.59031e-05 0.000207129 
9800000 4.58562e-05 0.000203681 
9810000 4.58095e-05 0.000205158 
9820000 4.57628e-05 0.000207538 
9830000 4.57163e-05 0.000207225 
9840000 4.56698e-05 0.000209926 
9850000 4.56235e-05 0.000213487 
9860000 4.55772e-05 0.000208984 
9870000 4.5531e-05 0.000206929 
9880000 4.54849e-05 0.000205837 
9890000 4.54389e-05 0.000207709 
9900000 4.5393e-05 0.000209458 
9910000 4.53472e-05 0.000209832 
9920000 4.53015e-05 0.000209372 
9930000 4.52559e-05 0.000209605 
9940000 4.52104e-05 0.000209103 
9950000 4.51649e-05 0.000211969 
9960000 4.51196e-05 0.000213301 
9970000 4.50743e-05 0.000215149 
9980000 4.50963e-05 0.000210859 
9990000 4.51048e-05 0.000213383 
10000000 4.50597e-05 0.00021509 
