0 0 0 
1 0 4.49825 
2 0.00941315 2.99884 
3 0.00705986 2.24913 
4 0.00564789 1.7993 
5 1.67717 1.49942 
6 7.79428 2.71667 
7 6.81999 2.37708 
8 6.70182 2.11296 
9 6.03164 1.90167 
10 9.54705 2.64495 
11 8.75146 2.42454 
12 11.5018 2.23804 
13 13.8451 2.1061 
14 12.9221 1.96569 
15 14.8806 1.92741 
16 16.518 1.87751 
17 15.6003 1.7732 
18 14.8059 1.70979 
19 14.3677 2.09634 
20 13.6835 1.99651 
21 13.2245 1.96825 
22 12.6495 1.88267 
23 13.9824 1.80423 
24 13.6039 1.74315 
25 13.0807 1.6761 
26 12.618 1.75105 
27 13.7641 1.74833 
28 13.2895 1.77215 
29 12.8787 1.74864 
30 14.2026 2.07925 
31 15.4057 2.03291 
32 16.2267 1.99623 
33 16.2574 2.39936 
34 15.819 2.34069 
35 15.4037 2.33085 
36 15.0346 2.27249 
37 14.65 2.22319 
38 14.406 2.16618 
39 14.0701 2.17715 
40 13.8101 2.16217 
41 13.4852 2.18265 
42 14.188 2.21541 
43 14.4179 2.49912 
44 14.1093 2.44359 
45 13.8457 2.41595 
46 13.569 2.38448 
47 13.4046 2.39925 
48 13.1397 2.39352 
49 12.97 2.52965 
50 12.95 2.48456 
51 12.7015 2.43872 
52 12.4954 2.42479 
53 12.267 2.38197 
54 12.669 2.33866 
55 12.4471 2.47587 
56 12.2409 2.58528 
57 12.1001 2.54345 
58 11.9511 2.53425 
59 11.8532 2.50266 
60 11.7036 2.48687 
61 11.5334 2.46249 
62 11.3951 2.45868 
63 11.274 2.42554 
64 11.1157 2.40225 
65 10.99 2.37456 
66 10.8268 2.41802 
67 11.3109 2.38276 
68 11.9013 2.3593 
69 11.7655 2.32903 
70 11.6052 2.29636 
71 11.4719 2.30644 
72 11.3593 2.29386 
73 11.2468 2.26722 
74 11.1962 2.24204 
75 11.0878 2.21953 
76 10.9526 2.29359 
77 10.8722 2.29741 
78 10.7449 2.2689 
79 10.6119 2.24524 
80 10.5022 2.22049 
81 10.3752 2.19556 
82 10.275 2.16927 
83 10.1586 2.14554 
84 10.0854 2.1473 
85 9.99586 2.13374 
86 9.90531 2.11303 
87 9.79937 2.11576 
88 9.71319 2.09484 
89 9.62529 2.07177 
90 9.54246 2.05058 
91 9.45256 2.04418 
92 9.55628 2.02262 
93 9.48578 2.00377 
94 9.40558 2.00415 
95 9.49418 2.00132 
96 9.41363 1.98431 
97 9.32178 1.9642 
98 9.23194 1.99618 
99 9.16154 1.98139 
100 9.10783 1.96488 
101 9.08662 1.95328 
102 9.01447 1.93521 
103 8.94949 1.9268 
104 8.86836 1.91533 
105 8.80236 1.89744 
106 8.72891 1.88032 
107 8.64906 1.88669 
108 8.57111 1.87107 
109 8.52082 1.86392 
110 8.49656 1.85091 
111 8.44424 1.84792 
112 8.39256 1.83383 
113 8.34294 1.82579 
114 8.28032 1.81525 
115 8.32603 1.80466 
116 8.26603 1.80026 
117 8.25245 1.78506 
118 8.186 1.78266 
119 8.11917 1.77566 
120 8.06945 1.76159 
121 8.02954 1.7508 
122 7.98136 1.77921 
123 7.94734 1.77013 
124 7.89413 1.76029 
125 7.83857 1.75339 
126 7.79953 1.75433 
127 7.76207 1.74136 
128 7.72649 1.74564 
129 7.67596 1.73705 
130 7.62982 1.73227 
131 7.58111 1.73336 
132 7.52903 1.72179 
133 7.48253 1.83208 
134 7.43405 1.82047 
135 7.53936 1.81918 
136 7.50663 1.80935 
137 7.47044 1.80826 
138 7.43091 1.80158 
139 7.40654 1.79656 
140 7.43082 1.79309 
141 7.38997 1.78428 
142 7.34633 1.77251 
143 7.29497 1.76253 
144 7.25574 1.75851 
145 7.24135 1.75179 
146 7.20495 1.7403 
147 7.16507 1.73972 
148 7.11708 1.73597 
149 7.07144 1.73619 
150 7.03154 1.73113 
151 6.98781 1.7278 
152 6.94682 1.7347 
153 6.94406 1.72339 
154 6.90923 1.72728 
155 6.87414 1.72369 
156 6.84171 1.71601 
157 6.81775 1.71647 
158 6.77832 1.70807 
159 6.73602 1.70146 
160 6.72891 1.69132 
161 6.70132 1.69615 
162 6.66145 1.68634 
163 6.64658 1.67944 
164 6.6105 1.6692 
165 6.61883 1.66307 
166 6.59468 1.6535 
167 6.5592 1.6468 
168 6.53161 1.64056 
169 6.50553 1.63446 
170 6.56129 1.62606 
171 6.5233 1.61987 
172 6.49022 1.61111 
173 6.45467 1.61743 
174 6.49748 1.61948 
175 6.4717 1.61191 
176 6.43422 1.60571 
177 6.41287 1.59967 
178 6.38429 1.59077 
179 6.35707 1.58617 
180 6.33313 1.57789 
181 6.31103 1.56993 
182 6.28038 1.57852 
183 6.25121 1.5712 
184 6.22305 1.56293 
185 6.18993 1.55637 
186 6.15747 1.5664 
187 6.1287 1.55877 
188 6.10043 1.55279 
189 6.07329 1.545 
190 6.04375 1.55074 
191 6.01685 1.55184 
192 5.98434 1.54482 
193 5.97188 1.5369 
194 5.94606 1.52958 
195 5.91878 1.5279 
196 5.89679 1.52024 
197 5.88174 1.51489 
198 5.85214 1.51472 
199 5.84217 1.5085 
200 5.82441 1.50168 
201 5.81926 1.49704 
202 5.79828 1.49491 
203 5.77971 1.48872 
204 5.75868 1.48163 
205 5.73179 1.47502 
206 5.71024 1.47195 
207 5.68522 1.46727 
208 5.66131 1.46362 
209 5.63807 1.45798 
210 5.62218 1.45425 
211 5.60088 1.45018 
212 5.58474 1.44461 
213 5.56243 1.43726 
214 5.55741 1.43201 
215 5.53271 1.4278 
216 5.51129 1.45828 
217 5.48915 1.45592 
218 5.46755 1.45412 
219 5.44379 1.44829 
220 5.41915 1.44336 
221 5.39578 1.4411 
222 5.38119 1.43506 
223 5.35942 1.42869 
224 5.33717 1.42302 
225 5.31908 1.41777 
226 5.30046 1.41231 
227 5.28599 1.40613 
228 5.26209 1.40117 
229 5.24217 1.40324 
230 5.23502 1.39839 
231 5.22371 1.39263 
232 5.20786 1.39864 
233 5.18732 1.39472 
234 5.1691 1.38948 
235 5.148 1.4203 
236 5.12797 1.42408 
237 5.10908 1.42206 
238 5.09484 1.42812 
239 5.08135 1.42747 
240 5.06134 1.42374 
241 5.04131 1.41873 
242 5.03231 1.41421 
243 5.01599 1.41104 
244 5.00306 1.40941 
245 5.1013 1.41506 
246 5.09985 1.41107 
247 5.08355 1.40539 
248 5.06417 1.40027 
249 5.05092 1.3977 
250 5.03555 1.403 
251 5.02106 1.39914 
252 5.00572 1.39367 
253 4.9981 1.39439 
254 4.98131 1.39053 
255 4.96266 1.38553 
256 4.94974 1.3816 
257 4.94046 1.37794 
258 4.92357 1.37452 
259 4.90526 1.37034 
260 4.88992 1.36725 
261 4.87705 1.36724 
262 4.85771 1.36267 
263 4.84146 1.35795 
264 4.82346 1.35401 
265 4.80768 1.36123 
266 4.78962 1.35672 
267 4.77329 1.35244 
268 4.75563 1.37454 
269 4.73754 1.37256 
270 4.72215 1.37105 
271 4.70756 1.36821 
272 4.6926 1.36354 
273 4.68107 1.35931 
274 4.66751 1.35585 
275 4.65154 1.35089 
276 4.63845 1.34654 
277 4.63044 1.34753 
278 4.6179 1.3437 
279 4.61255 1.34007 
280 4.61154 1.33606 
281 4.59615 1.33213 
282 4.58131 1.33035 
283 4.58393 1.32991 
284 4.57158 1.32556 
285 4.55711 1.32319 
286 4.54211 1.32029 
287 4.52937 1.31947 
288 4.52507 1.31644 
289 4.51187 1.31452 
290 4.49867 1.31 
291 4.48571 1.30518 
292 4.47471 1.30102 
293 4.46133 1.29782 
294 4.44961 1.30458 
295 4.43849 1.30081 
296 4.42353 1.29725 
297 4.48296 1.2959 
298 4.47038 1.29157 
299 4.45653 1.28996 
300 4.44849 1.28716 
301 4.4342 1.2836 
302 4.42531 1.28118 
303 4.42104 1.27749 
304 4.41338 1.2733 
305 4.39849 1.27309 
306 4.38456 1.27006 
307 4.3697 1.2669 
308 4.35864 1.26412 
309 4.38113 1.26132 
310 4.37252 1.2574 
311 4.3606 1.25452 
312 4.34788 1.25176 
313 4.33718 1.25131 
314 4.32643 1.24918 
315 4.31571 1.24765 
316 4.3036 1.24451 
317 4.29189 1.24076 
318 4.27743 1.23729 
319 4.26691 1.23344 
320 4.25472 1.23107 
321 4.24284 1.22777 
322 4.2347 1.22401 
323 4.22224 1.2204 
324 4.2115 1.22176 
325 4.19971 1.22176 
326 4.18765 1.22197 
327 4.17644 1.21871 
328 4.16821 1.21635 
329 4.1559 1.21254 
330 4.14449 1.21042 
331 4.13362 1.20728 
332 4.12242 1.20708 
333 4.12047 1.20331 
334 4.14034 1.20041 
335 4.128 1.1973 
336 4.11758 1.19666 
337 4.11565 1.19391 
338 4.10663 1.19051 
339 4.10505 1.18799 
340 4.09687 1.1845 
341 4.08704 1.18118 
342 4.07891 1.19212 
343 4.08629 1.18965 
344 4.07747 1.18751 
345 4.06681 1.18626 
346 4.06824 1.18584 
347 4.05748 1.1825 
348 4.05015 1.1802 
349 4.04019 1.17698 
350 4.03097 1.17363 
351 4.02257 1.17065 
352 4.01079 1.16956 
353 4.0009 1.1669 
354 3.99299 1.16425 
355 3.98283 1.16145 
356 3.97221 1.15931 
357 3.96157 1.15755 
358 3.95279 1.15461 
359 3.9433 1.15192 
360 3.9341 1.14905 
361 3.92671 1.14739 
362 3.91748 1.14728 
363 3.90922 1.14649 
364 3.90297 1.14393 
365 3.89678 1.14201 
366 3.8903 1.14095 
367 3.88108 1.13893 
368 3.87139 1.1379 
369 3.86245 1.13635 
370 3.85334 1.13505 
371 3.84553 1.13281 
372 3.83712 1.13018 
373 3.8278 1.1297 
374 3.82128 1.12712 
375 3.81288 1.1251 
376 3.80483 1.12295 
377 3.80072 1.12066 
378 3.79134 1.1177 
379 3.7825 1.11494 
380 3.7754 1.11269 
381 3.76586 1.11138 
382 3.75729 1.10862 
383 3.74999 1.10652 
384 3.75124 1.10612 
385 3.74351 1.10331 
386 3.73262 1.10092 
387 3.72651 1.09809 
388 3.72261 1.09617 
389 3.71483 1.0938 
390 3.7058 1.09159 
391 3.69764 1.08885 
392 3.69458 1.08641 
393 3.6864 1.08621 
394 3.67972 1.08369 
395 3.67012 1.08153 
396 3.66212 1.08025 
397 3.6537 1.07992 
398 3.64429 1.0776 
399 3.63668 1.07525 
400 3.63022 1.07301 
401 3.62273 1.07108 
402 3.61587 1.06842 
403 3.60725 1.06671 
404 3.59967 1.06408 
405 3.60891 1.06142 
406 3.60286 1.05928 
407 3.59336 1.05636 
408 3.58992 1.05412 
409 3.58151 1.05167 
410 3.57405 1.0493 
411 3.57257 1.04717 
412 3.56649 1.04489 
413 3.56501 1.0426 
414 3.5609 1.04084 
415 3.55424 1.03903 
416 3.54579 1.0372 
417 3.54041 1.03508 
418 3.53294 1.03291 
419 3.52749 1.03233 
420 3.51938 1.03087 
421 3.51374 1.02875 
422 3.50704 1.02649 
423 3.49994 1.02412 
424 3.49183 1.02213 
425 3.48541 1.02027 
426 3.47962 1.0185 
427 3.47165 1.01613 
428 3.46585 1.01365 
429 3.47207 1.01123 
430 3.46408 1.00937 
431 3.4581 1.00704 
432 3.45251 1.00536 
433 3.44432 1.00452 
434 3.4398 1.00233 
435 3.43329 1.00003 
436 3.42898 0.998041 
437 3.42154 0.996089 
438 3.41651 0.99398 
439 3.4109 0.991909 
440 3.4091 0.989892 
441 3.40291 0.987589 
442 3.39685 0.986201 
443 3.39838 0.984684 
444 3.39154 0.982714 
445 3.38539 0.980901 
446 3.37914 0.979216 
447 3.37241 0.97751 
448 3.36665 0.975516 
449 3.35959 0.973765 
450 3.35264 0.971681 
451 3.34726 0.969749 
452 3.34197 0.968597 
453 3.33719 0.966424 
454 3.33128 0.964535 
455 3.32669 0.962426 
456 3.32042 0.960699 
457 3.31717 0.959042 
458 3.31247 0.957661 
459 3.31148 0.955696 
460 3.30467 0.954098 
461 3.31853 0.952952 
462 3.31256 0.950887 
463 3.30693 0.948837 
464 3.30257 0.946797 
465 3.29576 0.94674 
466 3.29016 0.945693 
467 3.28569 0.944566 
468 3.2792 0.943036 
469 3.29639 0.941224 
470 3.29055 0.939249 
471 3.28846 0.938511 
472 3.28391 0.936678 
473 3.27706 0.934702 
474 3.27598 0.932731 
475 3.27175 0.931068 
476 3.26734 0.929288 
477 3.2642 0.927541 
478 3.25807 0.925643 
479 3.25258 0.92375 
480 3.24711 0.921862 
481 3.24124 0.921661 
482 3.23598 0.919884 
483 3.23626 0.918664 
484 3.23032 0.91753 
485 3.2242 0.915802 
486 3.21715 0.915484 
487 3.21013 0.91385 
488 3.20496 0.91211 
489 3.20059 0.910248 
490 3.19569 0.908394 
491 3.18871 0.907199 
492 3.18283 0.905463 
493 3.17788 0.90363 
494 3.17339 0.901901 
495 3.16723 0.899957 
496 3.16223 0.898225 
497 3.15703 0.89658 
498 3.15483 0.895214 
499 3.1511 0.893424 
500 3.14625 0.892042 
501 3.14369 0.890157 
502 3.13789 0.888578 
503 3.13562 0.886837 
504 3.12861 0.88595 
505 3.12251 0.884009 
506 3.11886 0.882256 
507 3.11357 0.88052 
508 3.10851 0.878884 
509 3.10387 0.877501 
510 3.09883 0.875963 
511 3.09256 0.873963 
512 3.08822 0.872474 
513 3.086 0.870742 
514 3.08165 0.870652 
515 3.07783 0.870636 
516 3.07926 0.869328 
517 3.07405 0.867859 
518 3.06995 0.867212 
519 3.06604 0.866852 
520 3.06064 0.865223 
521 3.0553 0.863588 
522 3.04964 0.861937 
523 3.04448 0.860292 
524 3.03956 0.862766 
525 3.03483 0.86118 
526 3.02975 0.861403 
527 3.02506 0.860276 
528 3.02279 0.859124 
529 3.01899 0.859719 
530 3.01671 0.859022 
531 3.01458 0.857216 
532 3.00939 0.855642 
533 3.00462 0.855851 
534 2.99941 0.854571 
535 2.99493 0.852976 
536 2.99029 0.851752 
537 2.98692 0.850108 
538 2.98245 0.848762 
539 2.97815 0.847302 
540 2.97414 0.845797 
541 2.96825 0.844542 
542 2.97284 0.843173 
543 2.96922 0.841623 
544 2.96442 0.840429 
545 2.95999 0.839863 
546 2.95598 0.838454 
547 2.9512 0.845148 
548 2.94737 0.845076 
549 2.94269 0.84735 
550 2.93751 0.845946 
551 2.93347 0.844668 
552 2.93403 0.84374 
553 2.93107 0.85388 
554 2.92804 0.85252 
555 2.92766 0.852411 
556 2.92469 0.851991 
557 2.92383 0.85047 
558 2.91881 0.849343 
559 2.9184 0.854249 
560 2.91526 0.852709 
561 2.91063 0.851192 
562 2.90739 0.854257 
563 2.90183 0.852743 
564 2.8977 0.852104 
565 2.89381 0.850629 
566 2.8887 0.849399 
567 2.88526 0.847785 
568 2.88248 0.846456 
569 2.87882 0.8451 
570 2.87523 0.843509 
571 2.87021 0.841934 
572 2.86545 0.840736 
573 2.86151 0.839284 
574 2.85638 0.83811 
575 2.8513 0.836794 
576 2.84686 0.839314 
577 2.84229 0.838285 
578 2.83795 0.840774 
579 2.83249 0.839399 
580 2.82778 0.838749 
581 2.82339 0.845573 
582 2.8193 0.845781 
583 2.8324 0.844905 
584 2.83394 0.844938 
585 2.82944 0.847816 
586 2.82545 0.846486 
587 2.82021 0.845409 
588 2.81682 0.844026 
589 2.81375 0.842646 
590 2.81105 0.84104 
591 2.80673 0.839713 
592 2.80532 0.838238 
593 2.8017 0.83762 
594 2.7966 0.836226 
595 2.79362 0.835016 
596 2.79002 0.833617 
597 2.78732 0.835166 
598 2.78362 0.834176 
599 2.77925 0.832785 
600 2.77635 0.838307 
601 2.77786 0.837114 
602 2.77444 0.84035 
603 2.77138 0.839113 
604 2.7681 0.838157 
605 2.76336 0.836897 
606 2.76088 0.835728 
607 2.75696 0.834443 
608 2.75412 0.833118 
609 2.75016 0.831799 
610 2.74653 0.830484 
611 2.74238 0.82957 
612 2.73787 0.828628 
613 2.73596 0.827305 
614 2.73169 0.826328 
615 2.72803 0.824854 
616 2.72404 0.824308 
617 2.71911 0.823519 
618 2.71573 0.82599 
619 2.71202 0.82969 
620 2.70787 0.828354 
621 2.70323 0.827175 
622 2.69969 0.826439 
623 2.69645 0.825448 
624 2.69404 0.824268 
625 2.69079 0.822828 
626 2.68594 0.821515 
627 2.68231 0.820786 
628 2.67873 0.819271 
629 2.67431 0.818059 
630 2.67155 0.816704 
631 2.66928 0.816257 
632 2.66493 0.814963 
633 2.66361 0.81842 
634 2.65985 0.817131 
635 2.65663 0.81584 
636 2.65351 0.815291 
637 2.65155 0.814425 
638 2.64811 0.813268 
639 2.6443 0.812199 
640 2.64023 0.810972 
641 2.6375 0.812363 
642 2.63476 0.811194 
643 2.63313 0.809944 
644 2.63065 0.80867 
645 2.62796 0.808225 
646 2.62457 0.807131 
647 2.62419 0.806163 
648 2.62166 0.80522 
649 2.61743 0.803888 
650 2.61415 0.802634 
651 2.61059 0.801403 
652 2.60808 0.800399 
653 2.60484 0.805234 
654 2.60136 0.804335 
655 2.60101 0.803083 
656 2.59715 0.80184 
657 2.59497 0.800813 
658 2.59201 0.799703 
659 2.58777 0.799148 
660 2.58585 0.798315 
661 2.58366 0.797255 
662 2.58019 0.796147 
663 2.57845 0.795252 
664 2.57487 0.795726 
665 2.57163 0.795001 
666 2.56971 0.794394 
667 2.56783 0.793691 
668 2.56426 0.792763 
669 2.56122 0.792406 
670 2.55915 0.791479 
671 2.55563 0.790365 
672 2.55118 0.789566 
673 2.54864 0.788591 
674 2.54668 0.787423 
675 2.5426 0.786227 
676 2.5396 0.79032 
677 2.53657 0.789201 
678 2.55209 0.78808 
679 2.54965 0.787027 
680 2.54688 0.785945 
681 2.54333 0.785098 
682 2.54194 0.784111 
683 2.53805 0.783636 
684 2.53543 0.783077 
685 2.53897 0.782219 
686 2.54894 0.781161 
687 2.5464 0.780823 
688 2.54262 0.780951 
689 2.54017 0.780851 
690 2.53691 0.78002 
691 2.53326 0.779228 
692 2.52896 0.778052 
693 2.52538 0.776907 
694 2.52121 0.777435 
695 2.51775 0.776318 
696 2.51457 0.775979 
697 2.5113 0.778789 
698 2.50902 0.778073 
699 2.50586 0.777875 
700 2.50347 0.777119 
701 2.49998 0.775874 
702 2.49592 0.775013 
703 2.49387 0.774034 
704 2.49078 0.773036 
705 2.48765 0.772974 
706 2.48484 0.771838 
707 2.48128 0.770944 
708 2.47794 0.771036 
709 2.47575 0.769984 
710 2.47227 0.769749 
711 2.47037 0.769225 
712 2.46712 0.768266 
713 2.46409 0.767818 
714 2.4611 0.767149 
715 2.45772 0.766367 
716 2.45442 0.765306 
717 2.45201 0.764296 
718 2.44844 0.763932 
719 2.44487 0.763141 
720 2.44317 0.762281 
721 2.43979 0.764565 
722 2.43708 0.764 
723 2.43397 0.763776 
724 2.43103 0.762836 
725 2.42969 0.761728 
726 2.4281 0.760744 
727 2.42483 0.759753 
728 2.42173 0.75871 
729 2.41911 0.758066 
730 2.41661 0.757475 
731 2.41325 0.756837 
732 2.4102 0.755888 
733 2.40839 0.754628 
734 2.40537 0.75358 
735 2.40298 0.752561 
736 2.40033 0.752294 
737 2.39721 0.751275 
738 2.3956 0.750111 
739 2.39243 0.749452 
740 2.38986 0.748518 
741 2.38705 0.747563 
742 2.38414 0.746491 
743 2.3808 0.74568 
744 2.37763 0.745383 
745 2.37484 0.74492 
746 2.372 0.745067 
747 2.37145 0.744206 
748 2.36876 0.743032 
749 2.36539 0.742164 
750 2.36237 0.741556 
751 2.3599 0.740577 
752 2.35634 0.740441 
753 2.3535 0.73949 
754 2.3504 0.738823 
755 2.34818 0.737812 
756 2.3451 0.73683 
757 2.34337 0.735807 
758 2.34014 0.735284 
759 2.34078 0.734274 
760 2.33811 0.733854 
761 2.33528 0.733399 
762 2.33326 0.732487 
763 2.3344 0.731545 
764 2.33148 0.731723 
765 2.32942 0.730504 
766 2.3264 0.729788 
767 2.32433 0.728917 
768 2.32202 0.728114 
769 2.31982 0.728203 
770 2.3177 0.727439 
771 2.31438 0.726399 
772 2.31204 0.725557 
773 2.30998 0.725054 
774 2.30842 0.724768 
775 2.30544 0.723865 
776 2.31327 0.723088 
777 2.31171 0.722578 
778 2.30987 0.721662 
779 2.30692 0.720819 
780 2.30466 0.720049 
781 2.30147 0.71913 
782 2.29901 0.718293 
783 2.29615 0.717446 
784 2.29345 0.716568 
785 2.29069 0.715886 
786 2.28738 0.714912 
787 2.28508 0.714039 
788 2.28305 0.715229 
789 2.28017 0.714311 
790 2.27699 0.713557 
791 2.27411 0.715124 
792 2.2721 0.714364 
793 2.26987 0.714536 
794 2.26737 0.713638 
795 2.26485 0.712943 
796 2.26357 0.712399 
797 2.26251 0.7116 
798 2.26027 0.710779 
799 2.25788 0.709977 
800 2.25633 0.709626 
801 2.2539 0.708861 
802 2.25114 0.708346 
803 2.24963 0.707618 
804 2.24705 0.707342 
805 2.24521 0.706862 
806 2.2426 0.706785 
807 2.23978 0.706777 
808 2.23903 0.706172 
809 2.23703 0.706416 
810 2.23467 0.705642 
811 2.2324 0.70726 
812 2.23068 0.706333 
813 2.22889 0.705611 
814 2.23227 0.705076 
815 2.23062 0.704659 
816 2.22718 0.70383 
817 2.22562 0.703037 
818 2.22358 0.702438 
819 2.2231 0.701846 
820 2.22059 0.701 
821 2.22808 0.700175 
822 2.22639 0.699458 
823 2.22366 0.699172 
824 2.22152 0.698546 
825 2.21927 0.697539 
826 2.2165 0.696722 
827 2.21504 0.695906 
828 2.21272 0.694801 
829 2.21045 0.693841 
830 2.20833 0.693262 
831 2.22186 0.69274 
832 2.21916 0.692362 
833 2.2171 0.693102 
834 2.21559 0.692559 
835 2.21279 0.692257 
836 2.21048 0.691423 
837 2.20853 0.690629 
838 2.20618 0.689793 
839 2.20511 0.68926 
840 2.2028 0.688398 
841 2.20121 0.6878 
842 2.19928 0.687161 
843 2.19604 0.686465 
844 2.19485 0.68576 
845 2.1931 0.685095 
846 2.19097 0.684964 
847 2.18858 0.684298 
848 2.18663 0.686697 
849 2.18373 0.685954 
850 2.18164 0.685234 
851 2.17936 0.684457 
852 2.17755 0.683846 
853 2.1751 0.683269 
854 2.17551 0.682486 
855 2.17278 0.6818 
856 2.17074 0.681859 
857 2.16816 0.681151 
858 2.16612 0.680339 
859 2.16391 0.679543 
860 2.16505 0.678712 
861 2.16296 0.678178 
862 2.16073 0.677328 
863 2.15767 0.67682 
864 2.15565 0.676129 
865 2.1543 0.675431 
866 2.17742 0.679599 
867 2.17533 0.678977 
868 2.17584 0.678544 
869 2.17322 0.677713 
870 2.17197 0.677141 
871 2.17146 0.676421 
872 2.16946 0.675838 
873 2.16901 0.67506 
874 2.16655 0.674284 
875 2.16439 0.675762 
876 2.16237 0.674968 
877 2.16047 0.67443 
878 2.15953 0.673714 
879 2.1584 0.672948 
880 2.15604 0.672307 
881 2.15447 0.671887 
882 2.15263 0.671155 
883 2.1505 0.670467 
884 2.1487 0.669788 
885 2.14783 0.669032 
886 2.14543 0.668427 
887 2.1438 0.668149 
888 2.14183 0.667437 
889 2.14002 0.666718 
890 2.13756 0.666193 
891 2.13541 0.665614 
892 2.1346 0.664863 
893 2.13525 0.665018 
894 2.13402 0.6642 
895 2.13249 0.663606 
896 2.13493 0.663549 
897 2.13292 0.663094 
898 2.13111 0.662178 
899 2.12946 0.661565 
900 2.12791 0.660847 
901 2.12564 0.660642 
902 2.12501 0.660029 
903 2.12355 0.659448 
904 2.12276 0.658836 
905 2.12045 0.658088 
906 2.11968 0.657258 
907 2.11702 0.658729 
908 2.11584 0.658197 
909 2.11376 0.657638 
910 2.11143 0.65693 
911 2.1097 0.656238 
912 2.10787 0.656327 
913 2.10641 0.655615 
914 2.1042 0.654809 
915 2.10229 0.654094 
916 2.10006 0.653639 
917 2.0991 0.65356 
918 2.09711 0.653207 
919 2.09484 0.652835 
920 2.09279 0.652359 
921 2.09083 0.651886 
922 2.08879 0.651484 
923 2.08794 0.650855 
924 2.08595 0.650459 
925 2.08494 0.649756 
926 2.08377 0.649888 
927 2.08207 0.649236 
928 2.08223 0.654068 
929 2.07995 0.653239 
930 2.07798 0.652534 
931 2.07603 0.652303 
932 2.07465 0.652384 
933 2.07303 0.652105 
934 2.0711 0.651206 
935 2.06915 0.650511 
936 2.06672 0.650114 
937 2.06472 0.649423 
938 2.06278 0.649398 
939 2.06097 0.65213 
940 2.05942 0.65143 
941 2.05679 0.651316 
942 2.05503 0.650826 
943 2.05322 0.650158 
944 2.05314 0.651002 
945 2.05096 0.650451 
946 2.04921 0.649874 
947 2.04718 0.649335 
948 2.04533 0.648651 
949 2.04394 0.648189 
950 2.04736 0.647779 
951 2.04621 0.649204 
952 2.04467 0.648611 
953 2.0424 0.648054 
954 2.04081 0.647484 
955 2.03868 0.646906 
956 2.03747 0.646225 
957 2.03588 0.645853 
958 2.03437 0.645188 
959 2.03814 0.644648 
960 2.03604 0.646666 
961 2.03409 0.645913 
962 2.0325 0.645251 
963 2.03085 0.644796 
964 2.02916 0.644128 
965 2.02701 0.643422 
966 2.02518 0.64287 
967 2.02423 0.642723 
968 2.02223 0.642107 
969 2.02039 0.642846 
970 2.0193 0.642501 
971 2.01704 0.643134 
972 2.01561 0.642646 
973 2.01432 0.642214 
974 2.01256 0.641583 
975 2.01121 0.642185 
976 2.00923 0.641587 
977 2.00748 0.641179 
978 2.00597 0.640588 
979 2.00538 0.64002 
980 2.0034 0.639324 
981 2.00136 0.638683 
982 1.99948 0.638048 
983 1.99762 0.638739 
984 1.99679 0.638286 
985 1.99484 0.639149 
986 1.99272 0.638711 
987 1.99192 0.638049 
988 1.99045 0.637621 
989 1.98923 0.637141 
990 1.9879 0.63679 
991 1.98615 0.636258 
992 1.98382 0.635643 
993 1.98156 0.634929 
994 1.97909 0.634276 
995 1.97752 0.633893 
996 1.97563 0.633452 
997 1.97462 0.632868 
998 1.97389 0.632386 
999 1.97283 0.631688 
1000 1.97114 0.631109 
1100 1.85044 0.613503 
1200 1.75373 0.580076 
1300 1.65357 0.573934 
1400 1.56518 0.549502 
1500 1.4866 0.537739 
1600 1.4253 0.535706 
1700 1.3618 0.521668 
1800 1.32562 0.50907 
1900 1.29534 0.491593 
2000 1.25984 0.479953 
2100 1.22344 0.473887 
2200 1.18692 0.463056 
2300 1.15347 0.454592 
2400 1.11586 0.441335 
2500 1.08626 0.434702 
2600 1.05948 0.424751 
2700 1.0259 0.420131 
2800 1.00127 0.410518 
2900 0.97805 0.40406 
3000 0.952158 0.397381 
3100 0.927553 0.38942 
3200 0.903742 0.382613 
3300 0.883097 0.374612 
3400 0.862914 0.366291 
3500 0.842564 0.358609 
3600 0.823567 0.352286 
3700 0.80542 0.345078 
3800 0.789686 0.337527 
