0 0 0 
1 0 0 
2 1.1475 0.616407 
3 0.860625 0.462305 
4 0.701833 1.91313 
5 0.595972 2.3098 
6 0.510833 3.08364 
7 0.697055 2.81484 
8 0.625613 2.50208 
9 0.563052 2.25188 
10 0.797208 2.12626 
11 0.753816 2.10868 
12 1.61737 1.98197 
13 1.50184 2.39093 
14 1.4268 2.74338 
15 1.33762 3.0145 
16 1.25894 2.90849 
17 1.189 2.80324 
18 1.12993 2.75877 
19 1.08299 2.63078 
20 1.0341 2.5823 
21 0.9871 2.46856 
22 0.944182 2.40529 
23 1.40033 2.46 
24 1.34432 2.41573 
25 1.29262 2.38095 
26 1.46519 2.32282 
27 1.42656 2.37411 
28 1.37737 2.292 
29 1.69539 2.24952 
30 1.72747 2.19315 
31 1.67349 2.1411 
32 1.6361 2.09647 
33 1.61898 2.03605 
34 1.61895 2.02925 
35 1.59069 1.97488 
36 1.61131 1.97416 
37 1.58407 1.93429 
38 1.55993 1.96239 
39 1.64402 1.91563 
40 1.62655 1.89427 
41 1.59167 1.87288 
42 1.58609 1.85005 
43 1.55004 1.89309 
44 1.5373 1.98774 
45 1.5078 1.98353 
46 1.48306 2.05902 
47 1.46246 2.02484 
48 1.47401 1.98845 
49 1.4681 1.96513 
50 1.45252 1.95235 
51 1.48457 1.98541 
52 1.46344 1.97893 
53 1.45121 1.9507 
54 1.45876 1.93316 
55 1.43473 1.92874 
56 1.42817 1.9077 
57 1.40838 1.87836 
58 1.38631 1.88908 
59 1.38037 1.90185 
60 1.41464 1.89953 
61 1.40292 1.88698 
62 1.38549 1.85964 
63 1.37207 1.84713 
64 1.36103 1.82063 
65 1.34142 1.79522 
66 1.33287 1.77897 
67 1.33647 1.75446 
68 1.34975 1.72904 
69 1.33492 1.71121 
70 1.3589 1.69692 
71 1.35236 1.70824 
72 1.3503 1.68944 
73 1.34696 1.6666 
74 1.33426 1.68646 
75 1.32023 1.69002 
76 1.30367 1.67233 
77 1.30101 1.66066 
78 1.29684 1.66372 
79 1.28625 1.64517 
80 1.27969 1.63185 
81 1.2824 1.61204 
82 1.27917 1.59464 
83 1.26958 1.5796 
84 1.2723 1.56364 
85 1.26574 1.54515 
86 1.25323 1.55334 
87 1.24602 1.54784 
88 1.24884 1.53072 
89 1.24601 1.54541 
90 1.23498 1.52869 
91 1.22196 1.52512 
92 1.21283 1.52513 
93 1.23146 1.5148 
94 1.22162 1.50281 
95 1.23802 1.49026 
96 1.23204 1.50477 
97 1.22557 1.51852 
98 1.2224 1.51632 
99 1.23075 1.51547 
100 1.22162 1.5143 
101 1.21202 1.52198 
102 1.21745 1.50902 
103 1.20641 1.49486 
104 1.21321 1.48133 
105 1.21126 1.47248 
106 1.20483 1.46895 
107 1.19271 1.45771 
108 1.18798 1.46279 
109 1.17836 1.45058 
110 1.17341 1.45004 
111 1.16525 1.43909 
112 1.16233 1.42941 
113 1.16868 1.4251 
114 1.16242 1.41267 
115 1.1606 1.40402 
116 1.16932 1.39949 
117 1.17501 1.38809 
118 1.16947 1.37645 
119 1.15891 1.38721 
120 1.15203 1.38729 
121 1.14904 1.39404 
122 1.15044 1.3835 
123 1.14192 1.37952 
124 1.13807 1.37661 
125 1.13013 1.37945 
126 1.12101 1.3901 
127 1.11741 1.38774 
128 1.11104 1.39274 
129 1.101 1.38854 
130 1.10284 1.38069 
131 1.09953 1.37446 
132 1.11981 1.3687 
133 1.11444 1.3624 
134 1.10766 1.36339 
135 1.10557 1.35765 
136 1.09962 1.35683 
137 1.09278 1.35204 
138 1.0894 1.34255 
139 1.0857 1.34376 
140 1.08203 1.3463 
141 1.08457 1.33831 
142 1.07828 1.33014 
143 1.07728 1.32675 
144 1.07342 1.33032 
145 1.07105 1.32397 
146 1.06667 1.31816 
147 1.0643 1.31723 
148 1.07332 1.30891 
149 1.06789 1.3146 
150 1.07271 1.30605 
151 1.06624 1.2982 
152 1.0625 1.29106 
153 1.05935 1.28439 
154 1.05845 1.27564 
155 1.052 1.26781 
156 1.05155 1.25945 
157 1.04493 1.25127 
158 1.04622 1.25639 
159 1.04129 1.25019 
160 1.03864 1.24702 
161 1.03961 1.24112 
162 1.0329 1.24274 
163 1.03527 1.23553 
164 1.02939 1.23827 
165 1.02347 1.23212 
166 1.01726 1.22614 
167 1.01537 1.22632 
168 1.01224 1.22995 
169 1.00579 1.22815 
170 0.998492 1.22095 
171 1.00847 1.2164 
172 1.00754 1.21391 
173 1.00307 1.20773 
174 1.00035 1.20303 
175 1.00487 1.19807 
176 1.00029 1.19216 
177 1.00285 1.19014 
178 0.998341 1.18357 
179 0.993525 1.18931 
180 0.987829 1.18347 
181 0.9853 1.17999 
182 0.98588 1.17355 
183 0.98481 1.17608 
184 0.981544 1.17058 
185 0.979418 1.1686 
186 0.976289 1.16768 
187 0.973013 1.16418 
188 0.967729 1.15975 
189 0.964032 1.15457 
190 0.960341 1.15208 
191 0.969281 1.14617 
192 0.964377 1.14177 
193 0.963098 1.13666 
194 0.958165 1.13213 
195 0.954464 1.13115 
196 0.948509 1.1319 
197 0.949192 1.13031 
198 0.945193 1.13555 
199 0.942221 1.13223 
200 0.937956 1.12929 
201 0.933429 1.13157 
202 0.935481 1.12601 
203 0.93402 1.12527 
204 0.936211 1.12008 
205 0.935684 1.11554 
206 0.940996 1.1125 
207 0.940171 1.10738 
208 0.93913 1.10205 
209 0.935344 1.09846 
210 0.935013 1.0963 
211 0.931457 1.09194 
212 0.928612 1.08689 
213 0.927433 1.08361 
214 0.925487 1.07973 
215 0.924227 1.07524 
216 0.922715 1.07079 
217 0.920139 1.06762 
218 0.915582 1.06278 
219 0.9129 1.05826 
220 0.918963 1.0551 
221 0.916787 1.05213 
222 0.914961 1.04938 
223 0.911378 1.04869 
224 0.907375 1.04619 
225 0.903683 1.04243 
226 0.90143 1.0383 
227 0.902425 1.0427 
228 0.903401 1.03917 
229 0.901085 1.03617 
230 0.899335 1.03201 
231 0.89546 1.02825 
232 0.896014 1.02485 
233 0.894425 1.02067 
234 0.893649 1.01717 
235 0.89034 1.01292 
236 0.887446 1.01023 
237 0.883433 1.00656 
238 0.880919 1.0085 
239 0.879952 1.00404 
240 0.879101 1.0006 
241 0.878158 0.996461 
242 0.875108 1.00368 
243 0.871209 0.999884 
244 0.868535 0.997108 
245 0.864595 0.996654 
246 0.863051 0.992993 
247 0.861697 0.989428 
248 0.861366 0.989053 
249 0.856885 0.985544 
250 0.854336 0.982718 
251 0.850754 0.979165 
252 0.847232 0.975766 
253 0.848393 0.971819 
254 0.84779 0.968548 
255 0.84317 0.965513 
256 0.838468 0.963377 
257 0.838775 0.963751 
258 0.834747 0.960056 
259 0.83173 0.957007 
260 0.830305 0.953616 
261 0.831182 0.950149 
262 0.826634 0.946474 
263 0.826157 0.943806 
264 0.824803 0.940354 
265 0.820035 0.936876 
266 0.819626 0.935619 
267 0.81888 0.937813 
268 0.816614 0.935572 
269 0.815368 0.932079 
270 0.813386 0.929351 
271 0.810605 0.925929 
272 0.810082 0.923745 
273 0.808788 0.921169 
274 0.807926 0.917824 
275 0.808063 0.91525 
276 0.803701 0.911945 
277 0.798546 0.908668 
278 0.798535 0.90556 
279 0.796617 0.902326 
280 0.794077 0.899116 
281 0.794426 0.896157 
282 0.790725 0.893008 
283 0.788997 0.891317 
284 0.786484 0.88868 
285 0.784147 0.887759 
286 0.781675 0.884985 
287 0.779407 0.882616 
288 0.777516 0.880041 
289 0.773736 0.879776 
290 0.774245 0.876953 
291 0.774246 0.874633 
292 0.770938 0.874236 
293 0.769877 0.871818 
294 0.769241 0.869119 
295 0.766551 0.86766 
296 0.763798 0.864765 
297 0.76118 0.864157 
298 0.759989 0.861325 
299 0.758543 0.858884 
300 0.756336 0.860458 
301 0.755638 0.858775 
302 0.755745 0.855941 
303 0.756226 0.853125 
304 0.753756 0.850497 
305 0.75357 0.849097 
306 0.75154 0.846398 
307 0.752192 0.843716 
308 0.751359 0.841428 
309 0.748652 0.83872 
310 0.746267 0.836514 
311 0.74371 0.833956 
312 0.742178 0.832242 
313 0.741614 0.83095 
314 0.740254 0.829462 
315 0.741047 0.826908 
316 0.738838 0.824641 
317 0.735719 0.822632 
318 0.734469 0.820055 
319 0.735256 0.817784 
320 0.732966 0.815081 
321 0.732682 0.813051 
322 0.731681 0.811759 
323 0.730028 0.80923 
324 0.729011 0.80965 
325 0.727791 0.807626 
326 0.726923 0.805551 
327 0.725331 0.803101 
328 0.724221 0.802609 
329 0.724299 0.802768 
330 0.724042 0.800453 
331 0.722157 0.801094 
332 0.72058 0.799249 
333 0.718713 0.796891 
334 0.717868 0.7949 
335 0.71456 0.792553 
336 0.713257 0.790563 
337 0.711412 0.789987 
338 0.711254 0.788079 
339 0.711303 0.789319 
340 0.709853 0.791372 
341 0.709586 0.789058 
342 0.708112 0.786759 
343 0.706557 0.784528 
344 0.704626 0.782459 
345 0.70442 0.780206 
346 0.702219 0.777958 
347 0.701093 0.776501 
348 0.70272 0.775361 
349 0.701088 0.77326 
350 0.701245 0.774391 
351 0.700539 0.773148 
352 0.698783 0.77139 
353 0.69939 0.769212 
354 0.697169 0.768129 
355 0.696679 0.766329 
356 0.694806 0.764397 
357 0.693211 0.76179 
358 0.690346 0.759902 
359 0.690139 0.758596 
360 0.688551 0.756684 
361 0.686607 0.755052 
362 0.684572 0.752994 
363 0.682747 0.750917 
364 0.680471 0.74925 
365 0.678121 0.747212 
366 0.676346 0.745144 
367 0.673592 0.743966 
368 0.672019 0.741966 
369 0.67064 0.739961 
370 0.668948 0.7383 
371 0.667399 0.736866 
372 0.664661 0.735156 
373 0.662631 0.733451 
374 0.661009 0.731815 
375 0.659471 0.730555 
376 0.658734 0.7291 
377 0.660296 0.726833 
378 0.657822 0.725576 
379 0.659277 0.723897 
380 0.656932 0.722658 
381 0.655852 0.721068 
382 0.655158 0.71889 
383 0.653228 0.71739 
384 0.652048 0.716574 
385 0.652413 0.714717 
386 0.652165 0.713745 
387 0.651044 0.714561 
388 0.648812 0.713252 
389 0.647709 0.711451 
390 0.646116 0.711269 
391 0.64576 0.709702 
392 0.645591 0.709025 
393 0.644503 0.707524 
394 0.642924 0.706182 
395 0.640566 0.705044 
396 0.640062 0.703902 
397 0.637943 0.70227 
398 0.636157 0.70113 
399 0.636891 0.699839 
400 0.634778 0.698043 
401 0.63235 0.696525 
402 0.63134 0.694905 
403 0.631385 0.693886 
404 0.62912 0.692978 
405 0.628154 0.691734 
406 0.627939 0.69095 
407 0.62549 0.690274 
408 0.624711 0.689503 
409 0.623518 0.688664 
410 0.621135 0.687001 
411 0.622143 0.685885 
412 0.621689 0.687248 
413 0.61989 0.685588 
414 0.619227 0.684304 
415 0.618145 0.682767 
416 0.61736 0.682584 
417 0.61904 0.680838 
418 0.616681 0.679446 
419 0.615419 0.678433 
420 0.614724 0.676878 
421 0.614193 0.675825 
422 0.613367 0.674396 
423 0.615192 0.673432 
424 0.614248 0.672104 
425 0.61161 0.671619 
426 0.612804 0.670047 
427 0.610747 0.669346 
428 0.610107 0.668092 
429 0.610495 0.666863 
430 0.608413 0.66554 
431 0.606818 0.664909 
432 0.60656 0.663529 
433 0.604213 0.662071 
434 0.603408 0.660708 
435 0.602227 0.659816 
436 0.601381 0.658306 
437 0.600447 0.656815 
438 0.600496 0.65547 
439 0.5993 0.653956 
440 0.598792 0.65261 
441 0.598121 0.65152 
442 0.596564 0.651406 
443 0.596717 0.650018 
444 0.596112 0.649423 
445 0.598593 0.648233 
446 0.597551 0.647076 
447 0.595682 0.645727 
448 0.595776 0.644386 
449 0.594401 0.64432 
450 0.592637 0.643004 
451 0.593773 0.641345 
452 0.592182 0.640085 
453 0.591448 0.638879 
454 0.58943 0.638623 
455 0.587814 0.637435 
456 0.587304 0.636256 
457 0.586404 0.635665 
458 0.584836 0.634422 
459 0.5838 0.634135 
460 0.582426 0.633301 
461 0.583389 0.632012 
462 0.582247 0.630611 
463 0.581812 0.629393 
464 0.582783 0.628383 
465 0.581365 0.62765 
466 0.580238 0.627337 
467 0.579019 0.626745 
468 0.578648 0.625409 
469 0.579586 0.624299 
470 0.580532 0.622959 
471 0.5801 0.621434 
472 0.579345 0.621051 
473 0.578556 0.619652 
474 0.577127 0.618356 
475 0.575561 0.617159 
476 0.573874 0.616161 
477 0.572789 0.615102 
478 0.57158 0.613792 
479 0.570746 0.613199 
480 0.571564 0.61272 
481 0.571056 0.611572 
482 0.571744 0.610598 
483 0.570412 0.609554 
484 0.570767 0.608714 
485 0.569708 0.607446 
486 0.57017 0.60627 
487 0.570683 0.605031 
488 0.569449 0.605137 
489 0.570664 0.603813 
490 0.570068 0.603068 
491 0.567379 0.60198 
492 0.56786 0.600515 
493 0.567686 0.599364 
494 0.567618 0.598504 
495 0.566978 0.597279 
496 0.567031 0.596236 
497 0.565749 0.595005 
498 0.564766 0.593812 
499 0.565216 0.593108 
500 0.564604 0.591996 
501 0.563354 0.590829 
502 0.563263 0.589899 
503 0.562605 0.589108 
504 0.563513 0.588047 
505 0.562544 0.587258 
506 0.56116 0.586537 
507 0.559418 0.586619 
508 0.559459 0.586537 
509 0.557672 0.585547 
510 0.556704 0.584467 
511 0.556044 0.583747 
512 0.554254 0.582982 
513 0.553753 0.582136 
514 0.553515 0.581137 
515 0.552398 0.580364 
516 0.551152 0.579264 
517 0.553485 0.577962 
518 0.553413 0.57686 
519 0.552675 0.575751 
520 0.551017 0.575205 
521 0.550143 0.574182 
522 0.548647 0.573423 
523 0.548866 0.57251 
524 0.549953 0.572016 
525 0.549186 0.57101 
526 0.548369 0.571097 
527 0.548968 0.569938 
528 0.547166 0.568948 
529 0.54716 0.567729 
530 0.546122 0.566847 
531 0.546438 0.566161 
532 0.545764 0.565079 
533 0.545141 0.564994 
534 0.543319 0.563937 
535 0.541528 0.56397 
536 0.540352 0.562941 
537 0.540525 0.562135 
538 0.539236 0.561233 
539 0.537674 0.56022 
540 0.536279 0.559102 
541 0.535329 0.558359 
542 0.533496 0.557331 
543 0.533595 0.556646 
544 0.532979 0.555625 
545 0.532136 0.55452 
546 0.532272 0.553839 
547 0.531311 0.554091 
548 0.529963 0.553142 
549 0.529726 0.552305 
550 0.529799 0.551811 
551 0.528807 0.550861 
552 0.530553 0.550961 
553 0.531652 0.550276 
554 0.531386 0.549596 
555 0.53053 0.548607 
556 0.528891 0.548128 
557 0.527743 0.547438 
558 0.52793 0.546349 
559 0.526868 0.545461 
560 0.531804 0.544886 
561 0.530564 0.544239 
562 0.529408 0.543272 
563 0.529105 0.542519 
564 0.530686 0.541814 
565 0.529629 0.540857 
566 0.528879 0.540007 
567 0.527372 0.539056 
568 0.52646 0.538415 
569 0.525083 0.537827 
570 0.524277 0.536595 
571 0.523638 0.536187 
572 0.522926 0.535397 
573 0.522238 0.534611 
574 0.521524 0.533679 
575 0.520589 0.53262 
576 0.519149 0.53194 
577 0.517886 0.531256 
578 0.516991 0.53114 
579 0.517129 0.530675 
580 0.517085 0.529762 
581 0.516348 0.529463 
582 0.515466 0.528559 
583 0.515094 0.527443 
584 0.515282 0.526951 
585 0.51517 0.526146 
586 0.514611 0.525355 
587 0.513342 0.524946 
588 0.512312 0.524145 
589 0.511488 0.524206 
590 0.509972 0.523383 
591 0.509608 0.52262 
592 0.508149 0.521803 
593 0.507867 0.521106 
594 0.508303 0.520738 
595 0.508379 0.519724 
596 0.508389 0.519345 
597 0.508171 0.519103 
598 0.507703 0.51835 
599 0.506778 0.517393 
600 0.505983 0.51665 
601 0.505626 0.515802 
602 0.505222 0.514937 
603 0.504189 0.514408 
604 0.503295 0.513557 
605 0.502667 0.513188 
606 0.501427 0.512549 
607 0.500634 0.512044 
608 0.499937 0.512062 
609 0.499215 0.511222 
610 0.49905 0.510713 
611 0.4986 0.510298 
612 0.497808 0.509521 
613 0.497553 0.508855 
614 0.49741 0.508029 
615 0.497432 0.508004 
616 0.496972 0.507693 
617 0.496721 0.506887 
618 0.495913 0.506536 
619 0.495195 0.506213 
620 0.494704 0.505637 
621 0.494243 0.505151 
622 0.493403 0.504643 
623 0.493005 0.503834 
624 0.492371 0.503461 
625 0.491253 0.502695 
626 0.490169 0.502099 
627 0.489966 0.501297 
628 0.489208 0.500606 
629 0.48871 0.499698 
630 0.488339 0.499149 
631 0.487959 0.49836 
632 0.486404 0.498065 
633 0.485983 0.497397 
634 0.485174 0.496427 
635 0.484392 0.495412 
636 0.483131 0.494902 
637 0.482694 0.494612 
638 0.482036 0.493929 
639 0.48204 0.493052 
640 0.481076 0.492233 
641 0.480497 0.49288 
642 0.479602 0.492247 
643 0.479043 0.491652 
644 0.477935 0.490902 
645 0.477195 0.490418 
646 0.477068 0.490436 
647 0.47643 0.489559 
648 0.477193 0.488834 
649 0.4758 0.488087 
650 0.475394 0.488092 
651 0.474336 0.48778 
652 0.474774 0.487034 
653 0.474012 0.486347 
654 0.47308 0.485777 
655 0.472957 0.485037 
656 0.47237 0.4849 
657 0.471682 0.484694 
658 0.471933 0.484046 
659 0.47113 0.483314 
660 0.471053 0.482674 
661 0.470343 0.481767 
662 0.469821 0.481283 
663 0.468332 0.480563 
664 0.468078 0.479838 
665 0.467368 0.478881 
666 0.467492 0.478167 
667 0.467897 0.477155 
668 0.466991 0.476553 
669 0.466349 0.476185 
670 0.466322 0.475587 
671 0.46569 0.47506 
672 0.465439 0.474418 
673 0.465089 0.473971 
674 0.464346 0.473662 
675 0.464072 0.473295 
676 0.464324 0.47287 
677 0.463362 0.472222 
678 0.462794 0.471968 
679 0.462041 0.471461 
680 0.462302 0.471694 
681 0.460762 0.471021 
682 0.460204 0.470332 
683 0.459447 0.469889 
684 0.458504 0.469228 
685 0.458345 0.46853 
686 0.457412 0.468104 
687 0.457523 0.467437 
688 0.457024 0.466888 
689 0.457087 0.466193 
690 0.456814 0.465627 
691 0.455865 0.464695 
692 0.455031 0.464184 
693 0.454976 0.463724 
694 0.454362 0.463021 
695 0.453253 0.462317 
696 0.452867 0.461725 
697 0.452396 0.461348 
698 0.452617 0.460584 
699 0.452648 0.460026 
700 0.45196 0.45937 
701 0.452005 0.458737 
702 0.451004 0.458334 
703 0.450589 0.458149 
704 0.449847 0.457755 
705 0.448715 0.457102 
706 0.448107 0.456317 
707 0.448362 0.455774 
708 0.447254 0.455299 
709 0.44717 0.455015 
710 0.446875 0.454375 
711 0.446323 0.453855 
712 0.445991 0.453315 
713 0.446003 0.452602 
714 0.445856 0.451931 
715 0.445542 0.451393 
716 0.445257 0.450771 
717 0.444728 0.450478 
718 0.444818 0.4499 
719 0.443916 0.449019 
720 0.44299 0.448376 
721 0.446441 0.447943 
722 0.44575 0.44754 
723 0.446164 0.446961 
724 0.445472 0.446344 
725 0.444686 0.446035 
726 0.445269 0.445652 
727 0.445535 0.445047 
728 0.444653 0.44464 
729 0.44502 0.444095 
730 0.444963 0.443635 
731 0.446097 0.443184 
732 0.445147 0.442817 
733 0.445084 0.442312 
734 0.444564 0.442118 
735 0.444777 0.441517 
736 0.444317 0.441033 
737 0.444212 0.440381 
738 0.444016 0.439736 
739 0.443961 0.439215 
740 0.443424 0.438674 
741 0.442711 0.438129 
742 0.442281 0.437629 
743 0.441192 0.437196 
744 0.441224 0.436623 
745 0.441175 0.436129 
746 0.441033 0.435569 
747 0.440346 0.435205 
748 0.439877 0.435025 
749 0.440917 0.434777 
750 0.440284 0.434296 
751 0.439599 0.433814 
752 0.440371 0.433321 
753 0.439937 0.432596 
754 0.438928 0.432449 
755 0.438347 0.432421 
756 0.437804 0.432037 
757 0.43741 0.431513 
758 0.437215 0.431035 
759 0.435927 0.430557 
760 0.435301 0.430245 
761 0.434814 0.429721 
762 0.434014 0.429286 
763 0.433881 0.428909 
764 0.433868 0.428298 
765 0.433845 0.427877 
766 0.434006 0.42725 
767 0.433484 0.426956 
768 0.432178 0.426621 
769 0.432404 0.426204 
770 0.431642 0.425983 
771 0.432304 0.425285 
772 0.431598 0.425188 
773 0.430989 0.424673 
774 0.430706 0.424476 
775 0.429624 0.423939 
776 0.428902 0.423414 
777 0.428843 0.423164 
778 0.428286 0.422621 
779 0.428202 0.422087 
780 0.428708 0.421636 
781 0.428685 0.421216 
782 0.427957 0.420782 
783 0.426888 0.420549 
784 0.427019 0.420011 
785 0.427049 0.419478 
786 0.426408 0.419085 
787 0.426597 0.418453 
788 0.426064 0.417924 
789 0.425779 0.417515 
790 0.425861 0.41704 
791 0.425189 0.416459 
792 0.424428 0.416607 
793 0.42445 0.415878 
794 0.42433 0.415595 
795 0.423776 0.415147 
796 0.423589 0.41465 
797 0.423147 0.414253 
798 0.422441 0.413793 
799 0.422265 0.413754 
800 0.420969 0.413941 
801 0.420527 0.414031 
802 0.419377 0.414534 
803 0.418856 0.414327 
804 0.41772 0.414682 
805 0.417988 0.414177 
806 0.417471 0.413695 
807 0.417553 0.413215 
808 0.417025 0.412706 
809 0.417158 0.412197 
810 0.416716 0.411815 
811 0.416293 0.411291 
812 0.416197 0.410989 
813 0.415823 0.410671 
814 0.415433 0.410552 
815 0.415848 0.40988 
816 0.415147 0.409647 
817 0.414936 0.40925 
818 0.414417 0.408781 
819 0.413053 0.408589 
820 0.41405 0.408015 
821 0.41365 0.407712 
822 0.413005 0.407319 
823 0.412602 0.406928 
824 0.411782 0.406506 
825 0.41219 0.406092 
826 0.413011 0.405869 
827 0.412446 0.405462 
828 0.411668 0.405034 
829 0.411322 0.404546 
830 0.410919 0.404254 
831 0.410604 0.40376 
832 0.410189 0.403591 
833 0.409813 0.403108 
834 0.409922 0.402625 
835 0.408545 0.402216 
836 0.407957 0.401786 
837 0.406795 0.401554 
838 0.406278 0.400941 
839 0.406463 0.400464 
840 0.406206 0.400009 
841 0.405823 0.399534 
842 0.406291 0.399936 
843 0.405839 0.399472 
844 0.40514 0.39912 
845 0.404257 0.398655 
846 0.403831 0.398184 
847 0.404047 0.397857 
848 0.403325 0.397531 
849 0.402867 0.397464 
850 0.402394 0.397185 
851 0.402073 0.396464 
852 0.402696 0.396154 
853 0.402257 0.39569 
854 0.401605 0.395439 
855 0.401029 0.395578 
856 0.400971 0.395117 
857 0.400526 0.394746 
858 0.399991 0.394664 
859 0.400548 0.394205 
860 0.399933 0.394006 
861 0.40005 0.393549 
862 0.399794 0.393677 
863 0.399528 0.393378 
864 0.399066 0.393091 
865 0.398526 0.393106 
866 0.39768 0.392643 
867 0.396889 0.392216 
868 0.396889 0.391935 
869 0.396312 0.391556 
870 0.395507 0.391439 
871 0.394964 0.391038 
872 0.394961 0.39059 
873 0.394628 0.390378 
874 0.394185 0.389944 
875 0.393663 0.389602 
876 0.393087 0.389157 
877 0.392644 0.388899 
878 0.393042 0.388804 
879 0.392959 0.388405 
880 0.391879 0.388191 
881 0.392281 0.38818 
882 0.39159 0.387732 
883 0.391758 0.388329 
884 0.391724 0.387925 
885 0.391214 0.387913 
886 0.39062 0.387522 
887 0.390784 0.387138 
888 0.390394 0.38689 
889 0.389974 0.386377 
890 0.390954 0.385934 
891 0.390488 0.385373 
892 0.389867 0.385026 
893 0.38996 0.384585 
894 0.390216 0.384433 
895 0.389893 0.384133 
896 0.390142 0.383837 
897 0.389601 0.383496 
898 0.389821 0.383034 
899 0.38918 0.38279 
900 0.388034 0.382617 
901 0.38838 0.382467 
902 0.388526 0.382116 
903 0.387883 0.382233 
904 0.387472 0.381967 
905 0.386743 0.381678 
906 0.386317 0.381271 
907 0.385892 0.380911 
908 0.385046 0.381253 
909 0.38439 0.380808 
910 0.384045 0.380354 
911 0.383803 0.380135 
912 0.382904 0.380589 
913 0.382944 0.380172 
914 0.382599 0.379757 
915 0.382171 0.379563 
916 0.381879 0.379152 
917 0.381488 0.378757 
918 0.381011 0.378421 
919 0.380598 0.378142 
920 0.379993 0.37793 
921 0.379868 0.377967 
922 0.379549 0.377566 
923 0.379298 0.377188 
924 0.378681 0.37678 
925 0.378632 0.376688 
926 0.378248 0.376279 
927 0.378281 0.375868 
928 0.378133 0.375506 
929 0.377743 0.375103 
930 0.377118 0.374931 
931 0.37709 0.375093 
932 0.376689 0.374797 
933 0.376417 0.374396 
934 0.376107 0.374081 
935 0.375262 0.373692 
936 0.374537 0.373849 
937 0.374348 0.373605 
938 0.374259 0.373401 
939 0.373663 0.37312 
940 0.373382 0.372726 
941 0.37328 0.372317 
942 0.373667 0.371808 
943 0.373722 0.371388 
944 0.373049 0.371656 
945 0.373188 0.371661 
946 0.372246 0.371347 
947 0.372398 0.371122 
948 0.372395 0.370647 
949 0.372045 0.370518 
950 0.371728 0.370419 
951 0.371765 0.370056 
952 0.371644 0.370263 
953 0.371486 0.369852 
954 0.371667 0.369896 
955 0.371187 0.369499 
956 0.370918 0.36916 
957 0.370617 0.368791 
958 0.370921 0.368407 
959 0.371178 0.368573 
960 0.370702 0.36821 
961 0.370308 0.367725 
962 0.370222 0.367497 
963 0.369838 0.367147 
964 0.369156 0.366708 
965 0.368215 0.36621 
966 0.368035 0.365843 
967 0.368693 0.365631 
968 0.367951 0.365487 
969 0.367707 0.365282 
970 0.367293 0.364958 
971 0.367851 0.364609 
972 0.367607 0.364565 
973 0.367672 0.364419 
974 0.366631 0.364405 
975 0.366221 0.364453 
976 0.366337 0.364104 
977 0.366173 0.363891 
978 0.366314 0.363557 
979 0.366346 0.363292 
980 0.366203 0.363072 
981 0.365622 0.36273 
982 0.366021 0.362422 
983 0.365797 0.362054 
984 0.365435 0.3617 
985 0.365529 0.361753 
986 0.365544 0.361435 
987 0.365463 0.361145 
988 0.365769 0.360614 
989 0.364859 0.360873 
990 0.365207 0.360976 
991 0.364841 0.360689 
992 0.364534 0.360347 
993 0.365006 0.360039 
994 0.364974 0.359699 
995 0.365282 0.359603 
996 0.364278 0.359587 
997 0.363595 0.359226 
998 0.363055 0.359063 
999 0.362639 0.358704 
1000 0.362589 0.358346 
1100 0.340895 0.333939 
1200 0.319776 0.311802 
1300 0.302972 0.292255 
1400 0.288746 0.274546 
1500 0.276833 0.260109 
1600 0.261296 0.247885 
1700 0.249547 0.240703 
1800 0.239284 0.228953 
1900 0.231655 0.21794 
2000 0.226132 0.210419 
2100 0.217175 0.202199 
2200 0.208031 0.195025 
2300 0.200438 0.18748 
2400 0.195597 0.180532 
2500 0.189294 0.173441 
2600 0.182232 0.167319 
2700 0.178415 0.161807 
2800 0.17393 0.156995 
2900 0.16839 0.152962 
3000 0.164556 0.14847 
3100 0.160319 0.144446 
3200 0.157423 0.140722 
3300 0.153404 0.137234 
3400 0.151791 0.133488 
3500 0.149004 0.130026 
3600 0.145054 0.126469 
3700 0.143015 0.123404 
3800 0.14003 0.120751 
3900 0.136875 0.118067 
4000 0.133366 0.115657 
4100 0.13046 0.113393 
4200 0.12872 0.110757 
4300 0.126511 0.108688 
4400 0.1234 0.106559 
4500 0.120794 0.104121 
4600 0.119695 0.102107 
4700 0.118113 0.10032 
4800 0.116459 0.0984821 
4900 0.114417 0.0968006 
5000 0.111912 0.0948987 
5100 0.110577 0.0934479 
5200 0.108736 0.0921429 
5300 0.108442 0.0903057 
5400 0.106416 0.0885775 
5500 0.105232 0.0873739 
5600 0.103655 0.086303 
5700 0.102537 0.0853066 
5800 0.101804 0.0839394 
5900 0.0996407 0.082633 
6000 0.0986087 0.0814063 
6100 0.0976298 0.0799757 
6200 0.0962129 0.0786299 
6300 0.0948014 0.07732 
6400 0.0944968 0.0761899 
6500 0.0933059 0.075169 
6600 0.0909674 0.0741944 
6700 0.0898264 0.072909 
6800 0.089562 0.0717489 
6900 0.0888702 0.0707708 
7000 0.0878102 0.0703018 
7100 0.0865032 0.0696059 
7200 0.08605 0.0687952 
7300 0.0840523 0.0679709 
7400 0.0840565 0.0671326 
7500 0.0832036 0.0665145 
7600 0.0829689 0.0658136 
7700 0.0821942 0.0651784 
7800 0.0819572 0.0645807 
7900 0.0803547 0.0637734 
8000 0.0799567 0.0630766 
8100 0.0797713 0.0622704 
8200 0.079119 0.0615161 
8300 0.0786157 0.0608421 
8400 0.0775023 0.0600068 
8500 0.0764928 0.0595586 
8600 0.0763485 0.0588376 
8700 0.0752485 0.058219 
8800 0.0750946 0.0577038 
8900 0.0743832 0.057249 
9000 0.0747438 0.0567707 
9100 0.0749268 0.0561063 
9200 0.0756009 0.0555187 
9300 0.075525 0.0550029 
9400 0.0744066 0.0543786 
9500 0.0746705 0.053839 
9600 0.0737499 0.053309 
9700 0.072584 0.052763 
9800 0.0721329 0.0521593 
9900 0.0711302 0.0518211 
10000 0.0707746 0.0512156 
10100 0.069519 0.0507464 
10200 0.0688658 0.050285 
10300 0.0680426 0.0500047 
10400 0.0671669 0.0496632 
10500 0.0667868 0.0491956 
10600 0.0662437 0.048933 
10700 0.065553 0.0485741 
10800 0.0655179 0.0483112 
10900 0.065603 0.0480612 
11000 0.0652751 0.0477392 
11100 0.0645534 0.0471936 
11200 0.0637237 0.0469404 
11300 0.0640669 0.0465151 
11400 0.0637508 0.0461883 
11500 0.0629818 0.0458562 
11600 0.0626336 0.0454961 
11700 0.0626122 0.0450581 
11800 0.0620566 0.0446493 
11900 0.0617076 0.0443253 
12000 0.0616365 0.0440264 
12100 0.0609679 0.0438382 
12200 0.0608637 0.0435246 
12300 0.060778 0.0431006 
12400 0.0606048 0.0427576 
12500 0.0603249 0.0423653 
12600 0.060219 0.0421445 
12700 0.0599978 0.0418732 
12800 0.0598938 0.0415861 
12900 0.059532 0.0414558 
13000 0.0593078 0.0411527 
13100 0.0591639 0.0409155 
13200 0.058677 0.0407136 
13300 0.0581291 0.0404233 
13400 0.0575301 0.040123 
13500 0.0569592 0.0397734 
13600 0.056718 0.0395148 
13700 0.0558278 0.0392162 
13800 0.0552739 0.038888 
13900 0.05513 0.0385435 
14000 0.0550223 0.0382972 
14100 0.0551264 0.0380081 
14200 0.0550145 0.037561 
14300 0.0546858 0.0372241 
14400 0.0543974 0.0370738 
14500 0.054715 0.0368737 
14600 0.0543092 0.0367254 
14700 0.0544381 0.0364916 
14800 0.0542547 0.0362054 
14900 0.054125 0.0359289 
15000 0.0537245 0.0356975 
15100 0.0533922 0.0354066 
15200 0.0529707 0.0351962 
15300 0.0529062 0.03499 
15400 0.0527545 0.0348091 
15500 0.0524189 0.0345755 
15600 0.0521498 0.0344562 
15700 0.0519869 0.0343768 
15800 0.0516327 0.0342481 
15900 0.0513449 0.034104 
16000 0.0513114 0.0338932 
16100 0.0509962 0.0337456 
16200 0.0510577 0.0335293 
16300 0.0511264 0.0332866 
16400 0.0508585 0.0331257 
16500 0.0507163 0.0330137 
16600 0.05043 0.032845 
16700 0.0501747 0.0326161 
16800 0.0502795 0.0324051 
16900 0.0498178 0.0322147 
17000 0.0495589 0.0319892 
17100 0.0493137 0.0318319 
17200 0.0493822 0.0317296 
17300 0.0491305 0.03153 
17400 0.0489073 0.031388 
17500 0.0486767 0.0311952 
17600 0.0486781 0.0310027 
17700 0.0484313 0.030894 
17800 0.0480485 0.0307025 
17900 0.0478518 0.0305693 
18000 0.0476307 0.0304371 
18100 0.0472405 0.0302732 
18200 0.0472307 0.0301278 
18300 0.0470798 0.029971 
18400 0.0468396 0.0298277 
18500 0.0465409 0.0296905 
18600 0.0461808 0.0295466 
18700 0.0459581 0.0293977 
18800 0.0458578 0.0292495 
18900 0.0457576 0.0290878 
19000 0.0455182 0.0289257 
19100 0.0454631 0.028769 
19200 0.0452929 0.0286127 
19300 0.0449496 0.0284608 
19400 0.0449769 0.0282804 
19500 0.044642 0.0281111 
19600 0.0445317 0.0279574 
19700 0.0443065 0.0277741 
19800 0.0440387 0.0276386 
19900 0.0439158 0.0275047 
20000 0.0436531 0.0273813 
20100 0.0434892 0.0272694 
20200 0.0433732 0.027156 
20300 0.0430398 0.0270127 
20400 0.042818 0.026874 
20500 0.0425106 0.0267539 
20600 0.0422131 0.0266016 
20700 0.041953 0.0264581 
20800 0.0418528 0.02634 
20900 0.0416495 0.0262359 
21000 0.0414977 0.0261078 
21100 0.0412265 0.0259514 
21200 0.0411888 0.0258384 
21300 0.0409547 0.0257263 
21400 0.0408473 0.0256077 
21500 0.0406511 0.0254957 
21600 0.0406651 0.0253533 
21700 0.0405818 0.0252541 
21800 0.0403194 0.0251451 
21900 0.04002 0.0250395 
22000 0.0398967 0.0248672 
22100 0.0395978 0.0247197 
22200 0.0392025 0.0246211 
22300 0.0388888 0.0245812 
22400 0.0389192 0.0245626 
22500 0.0387599 0.0244866 
22600 0.0387278 0.0243945 
22700 0.0386188 0.0243496 
22800 0.038558 0.0243389 
22900 0.0384742 0.0242589 
23000 0.0382507 0.0241796 
23100 0.0380851 0.0241073 
23200 0.0377424 0.0240251 
23300 0.0376252 0.0239511 
23400 0.037766 0.0238494 
23500 0.0375879 0.0237339 
23600 0.0373344 0.0236081 
23700 0.0374303 0.023464 
23800 0.037491 0.0233395 
23900 0.0378149 0.0232422 
24000 0.0378693 0.0231678 
24100 0.0376672 0.0230095 
24200 0.0376373 0.0229613 
24300 0.0374303 0.0228621 
24400 0.0372038 0.0228267 
24500 0.037151 0.0227212 
24600 0.0371889 0.02267 
24700 0.0370272 0.0225661 
24800 0.036755 0.0224898 
24900 0.0366708 0.0223953 
25000 0.0365125 0.0222985 
25100 0.0364718 0.0222036 
25200 0.0364263 0.0221313 
25300 0.036499 0.0220765 
25400 0.0364416 0.0219491 
25500 0.0362129 0.021852 
25600 0.0360337 0.021743 
25700 0.0358359 0.021652 
25800 0.0357173 0.0215576 
25900 0.0355034 0.0214768 
26000 0.0353229 0.0213878 
26100 0.0351661 0.0213174 
26200 0.0350015 0.0212443 
26300 0.0349491 0.021204 
26400 0.034792 0.0211753 
26500 0.03459 0.0211157 
26600 0.0345276 0.0210345 
26700 0.0343314 0.0209588 
26800 0.0343618 0.0208919 
26900 0.0344123 0.0208101 
27000 0.0344632 0.0207412 
27100 0.0344512 0.0206631 
27200 0.0346096 0.0206109 
27300 0.034539 0.0205801 
27400 0.0343103 0.0205141 
27500 0.0342412 0.0204644 
27600 0.0340738 0.02041 
27700 0.0338739 0.0203779 
27800 0.0338133 0.0203497 
27900 0.0338157 0.0202854 
28000 0.0336581 0.0201953 
28100 0.0335602 0.0201636 
28200 0.0333766 0.0201012 
28300 0.0331194 0.0200777 
28400 0.0331255 0.0200249 
28500 0.0327854 0.0199356 
28600 0.0328309 0.0198448 
28700 0.0326806 0.0197692 
28800 0.0326208 0.0196985 
28900 0.0323522 0.0196786 
29000 0.0320227 0.0196408 
29100 0.0319945 0.0195986 
29200 0.0318777 0.0195284 
29300 0.0317681 0.0194557 
29400 0.03164 0.0193937 
29500 0.0317135 0.019323 
29600 0.0319379 0.0192644 
29700 0.0318485 0.0191979 
29800 0.0317304 0.0191419 
29900 0.0317026 0.0190746 
30000 0.0315695 0.0190197 
30100 0.0315824 0.0189784 
30200 0.0314378 0.0189182 
30300 0.0313767 0.0188469 
30400 0.0314419 0.018761 
30500 0.0313593 0.0186624 
30600 0.0313153 0.0186116 
30700 0.0312054 0.0185864 
30800 0.0311588 0.0185018 
30900 0.0311062 0.0184007 
31000 0.031074 0.0183419 
31100 0.0310356 0.0182929 
31200 0.030971 0.0182483 
31300 0.0308992 0.0181953 
31400 0.0309457 0.0181471 
31500 0.0307571 0.0180994 
31600 0.0306316 0.0180493 
31700 0.030557 0.0179944 
31800 0.0304892 0.0179341 
31900 0.0303754 0.0178846 
32000 0.0302195 0.0178311 
32100 0.0301477 0.0177915 
32200 0.0302131 0.0177444 
32300 0.0301543 0.0177109 
32400 0.0300858 0.0176733 
32500 0.029923 0.0176349 
32600 0.0297976 0.0175787 
32700 0.0296683 0.0175181 
32800 0.0294585 0.0174511 
32900 0.0293407 0.0173856 
33000 0.0290733 0.017365 
33100 0.0290457 0.0173356 
33200 0.0290031 0.0173072 
33300 0.0287294 0.0172877 
33400 0.0286178 0.0172611 
33500 0.0285078 0.0172289 
33600 0.028328 0.0172104 
33700 0.0282902 0.0171727 
33800 0.0282824 0.0171257 
33900 0.0281615 0.0170687 
34000 0.0282595 0.0170266 
34100 0.028278 0.0169605 
34200 0.0283252 0.0168973 
34300 0.0282066 0.0168885 
34400 0.0280885 0.0168497 
34500 0.0282567 0.0168099 
34600 0.0281774 0.0167519 
34700 0.0281313 0.0167015 
34800 0.0281595 0.0166723 
34900 0.0283318 0.0166451 
35000 0.028309 0.01661 
35100 0.0282378 0.0165655 
35200 0.0281545 0.0165136 
35300 0.028275 0.0164671 
35400 0.0281768 0.0164135 
35500 0.0281018 0.0163553 
35600 0.0279715 0.0163338 
35700 0.0279206 0.0163118 
35800 0.0279379 0.0162883 
35900 0.0279008 0.0162679 
36000 0.0276427 0.0162314 
36100 0.0275309 0.0162043 
36200 0.0275771 0.0161492 
36300 0.0275514 0.0161375 
36400 0.0275631 0.0160905 
36500 0.0275178 0.0160622 
36600 0.0274538 0.0160094 
36700 0.0273975 0.0159757 
36800 0.027309 0.0159301 
36900 0.0271223 0.0158493 
37000 0.0270234 0.0157699 
37100 0.0270216 0.015671 
37200 0.0267736 0.0156261 
37300 0.0265286 0.0155609 
37400 0.0266328 0.0155212 
37500 0.0266919 0.0154858 
37600 0.0267847 0.0154357 
37700 0.026757 0.0154079 
37800 0.0265571 0.0153661 
37900 0.0265697 0.0153472 
38000 0.0265273 0.0153113 
38100 0.0263513 0.01528 
38200 0.0262004 0.0152468 
38300 0.0261435 0.0152005 
38400 0.0261908 0.015131 
38500 0.0262591 0.0151372 
38600 0.0261044 0.015105 
38700 0.0261396 0.0150691 
38800 0.0260665 0.0150247 
38900 0.026044 0.0149927 
39000 0.0259494 0.0149909 
39100 0.0258446 0.0150112 
39200 0.025751 0.0149572 
39300 0.0256344 0.0149524 
39400 0.0256819 0.0149402 
39500 0.0257234 0.0148954 
39600 0.0256788 0.0148555 
39700 0.0256292 0.0148243 
39800 0.0255229 0.0147822 
39900 0.0255496 0.0147478 
40000 0.0255833 0.0146996 
40100 0.0255431 0.0146682 
40200 0.0254073 0.0146269 
40300 0.0253869 0.014596 
40400 0.0252947 0.0145731 
40500 0.0252504 0.0145512 
40600 0.0251227 0.0145466 
40700 0.0251478 0.0145519 
40800 0.0251103 0.0145391 
40900 0.0250188 0.0145285 
41000 0.0249581 0.0145525 
41100 0.0249004 0.0145437 
41200 0.0248755 0.0145042 
41300 0.0248387 0.0144881 
41400 0.024976 0.0144909 
41500 0.0248343 0.0144632 
41600 0.0246319 0.0144323 
41700 0.0245462 0.0144143 
41800 0.0245168 0.0143741 
41900 0.0245094 0.0143502 
42000 0.0246 0.0143145 
42100 0.0244939 0.0142661 
42200 0.0245523 0.0142489 
42300 0.0244292 0.014232 
42400 0.0244876 0.0142055 
42500 0.0243996 0.0141911 
42600 0.0243086 0.014158 
42700 0.0242148 0.0141269 
42800 0.0240737 0.0140835 
42900 0.0240504 0.0140498 
43000 0.0242113 0.0139996 
43100 0.0240673 0.0139746 
43200 0.0240005 0.0139211 
43300 0.0239955 0.0138577 
43400 0.024005 0.0138002 
43500 0.0238981 0.013741 
43600 0.0237733 0.0137116 
43700 0.0234583 0.0136802 
43800 0.0234197 0.0136543 
43900 0.0233362 0.0136209 
44000 0.0231566 0.013571 
44100 0.0231453 0.0135098 
44200 0.0231963 0.0134627 
44300 0.0231457 0.0134194 
44400 0.0232616 0.0133724 
44500 0.0231919 0.0133294 
44600 0.0230339 0.0132772 
44700 0.0230124 0.0132424 
44800 0.0229001 0.0132016 
44900 0.0228899 0.0131931 
45000 0.0229679 0.013179 
45100 0.0230031 0.0131485 
45200 0.0230856 0.0131735 
45300 0.0231036 0.0131987 
45400 0.0231206 0.0131998 
45500 0.0232142 0.0132038 
45600 0.0232853 0.0132036 
45700 0.0233765 0.0131934 
45800 0.0234077 0.0131856 
45900 0.0234763 0.013155 
46000 0.0235128 0.0131273 
46100 0.0234265 0.0131019 
46200 0.0232909 0.0130748 
46300 0.0233635 0.0130539 
46400 0.0233803 0.0130231 
46500 0.0233984 0.0129764 
46600 0.0234747 0.0129283 
46700 0.0234966 0.0128908 
46800 0.0235119 0.0128601 
46900 0.0235179 0.0128276 
47000 0.0235227 0.0127835 
47100 0.0234326 0.0127808 
47200 0.0234309 0.0127674 
47300 0.023462 0.0127522 
47400 0.0233969 0.0127459 
47500 0.0233657 0.0127313 
47600 0.0233303 0.0127179 
47700 0.0232296 0.0126936 
47800 0.0232025 0.012689 
47900 0.0230952 0.0127011 
48000 0.0230943 0.0126705 
48100 0.0230302 0.0126612 
48200 0.0230662 0.0126342 
48300 0.0230117 0.0126244 
48400 0.0230022 0.0126069 
48500 0.0229195 0.0125778 
48600 0.0228271 0.0125534 
48700 0.0228139 0.0125385 
48800 0.0227181 0.0125157 
48900 0.0226824 0.0124899 
49000 0.0226549 0.0124682 
49100 0.0225726 0.0124427 
49200 0.0225088 0.012418 
49300 0.022479 0.0123981 
49400 0.0225115 0.012388 
49500 0.0224291 0.0123743 
49600 0.0223468 0.01236 
49700 0.0223249 0.0123405 
49800 0.0223213 0.0123326 
49900 0.0222958 0.012313 
50000 0.0222663 0.0122947 
50100 0.0222745 0.0122681 
50200 0.0222862 0.0122517 
50300 0.0222453 0.0122518 
50400 0.0221732 0.0122169 
50500 0.0221199 0.0121955 
50600 0.022065 0.0121655 
50700 0.0220049 0.012111 
50800 0.0220064 0.0121033 
50900 0.0220281 0.0120791 
51000 0.0219076 0.0120655 
51100 0.0219265 0.0120268 
51200 0.0218712 0.0119957 
51300 0.0218408 0.0119587 
51400 0.0217771 0.0119299 
51500 0.0217718 0.0119215 
51600 0.021676 0.0118834 
51700 0.0216077 0.0118589 
51800 0.0216136 0.0118435 
51900 0.0215862 0.0118217 
52000 0.0214917 0.0118093 
52100 0.0213896 0.0117897 
52200 0.0212668 0.0117669 
52300 0.0212238 0.011776 
52400 0.0212941 0.0117711 
52500 0.0212636 0.0117633 
52600 0.0212954 0.0117421 
52700 0.0213481 0.0117306 
52800 0.0213696 0.0117224 
52900 0.0213958 0.0117204 
53000 0.0213446 0.0117081 
53100 0.0213315 0.0116946 
53200 0.02137 0.0116633 
53300 0.0213619 0.0116365 
53400 0.0213249 0.0115935 
53500 0.0213052 0.0115696 
53600 0.0213027 0.0115172 
53700 0.0213057 0.0114916 
53800 0.0213322 0.0114695 
53900 0.0213782 0.011421 
54000 0.0213343 0.0113994 
54100 0.0212924 0.0113949 
54200 0.0213084 0.011356 
54300 0.0212884 0.0112812 
54400 0.0212695 0.0112683 
54500 0.0212854 0.011244 
54600 0.0212997 0.0112682 
54700 0.0212566 0.0112839 
54800 0.0211972 0.011269 
54900 0.021161 0.0112416 
55000 0.021105 0.0112246 
55100 0.0210672 0.0112119 
55200 0.0210112 0.0111573 
55300 0.020953 0.0111316 
55400 0.0209183 0.011125 
55500 0.0207889 0.011093 
55600 0.0207057 0.0111251 
55700 0.0207299 0.011101 
55800 0.0207303 0.0110835 
55900 0.0206641 0.0110691 
56000 0.0205876 0.0110739 
56100 0.0205892 0.0110478 
56200 0.0205854 0.0110261 
56300 0.0205711 0.0110007 
56400 0.0205996 0.0109808 
56500 0.0205014 0.0109642 
56600 0.0204947 0.0109476 
56700 0.0204572 0.0109352 
56800 0.0204234 0.0109187 
56900 0.0204202 0.0109021 
57000 0.0204339 0.0108797 
57100 0.0204098 0.010858 
57200 0.0203817 0.010844 
57300 0.0203662 0.0108322 
57400 0.0202293 0.0108136 
57500 0.0202425 0.0107947 
57600 0.0202107 0.0107749 
57700 0.0202312 0.0107558 
57800 0.0201901 0.0107355 
57900 0.020204 0.0107145 
58000 0.0202071 0.0106957 
58100 0.0202179 0.0106773 
58200 0.0201871 0.0106589 
58300 0.0201371 0.0106407 
58400 0.0200965 0.0106216 
58500 0.0200752 0.0106014 
58600 0.0200613 0.0105825 
58700 0.0200496 0.010562 
58800 0.0200515 0.0105423 
58900 0.0200303 0.0105218 
59000 0.0200025 0.0105005 
59100 0.0199395 0.0104796 
59200 0.0199514 0.0104583 
59300 0.0199426 0.0104374 
59400 0.0198653 0.0104172 
59500 0.0197835 0.0103959 
59600 0.0197743 0.0103736 
59700 0.0198202 0.0103529 
59800 0.0197819 0.0103338 
59900 0.0197097 0.0103212 
60000 0.0197394 0.0103062 
60100 0.0197548 0.0102889 
60200 0.0197857 0.0102782 
60300 0.0197757 0.0102643 
60400 0.0197156 0.0102529 
60500 0.0196737 0.0102368 
60600 0.0196782 0.0102199 
60700 0.0196656 0.0102048 
60800 0.019644 0.0101847 
60900 0.0196114 0.0101665 
61000 0.0195462 0.0101489 
61100 0.0195184 0.010126 
61200 0.0194955 0.0101033 
61300 0.0194615 0.0100852 
61400 0.0194426 0.0100722 
61500 0.0193818 0.0100558 
61600 0.0193629 0.010044 
61700 0.0192623 0.0100263 
61800 0.0191918 0.0100099 
61900 0.0191711 0.00999265 
62000 0.0191472 0.00997614 
62100 0.0190819 0.00996336 
62200 0.0189776 0.00994632 
62300 0.0189507 0.00992797 
62400 0.0188886 0.00990685 
62500 0.0188609 0.00989451 
62600 0.0188562 0.00988452 
62700 0.018887 0.00988881 
62800 0.0188955 0.00987121 
62900 0.0188163 0.00987087 
63000 0.0188258 0.00984922 
63100 0.0188362 0.00983764 
63200 0.0188877 0.00982272 
63300 0.0188719 0.0098086 
63400 0.0188264 0.00977906 
63500 0.0188443 0.00976164 
63600 0.0188058 0.00972584 
63700 0.018844 0.00970748 
63800 0.0188244 0.00970057 
63900 0.0188434 0.00968572 
64000 0.0188091 0.00969742 
64100 0.0188501 0.00969883 
64200 0.0188326 0.00969798 
64300 0.0188143 0.00970289 
64400 0.0187737 0.00970999 
64500 0.0187932 0.00971051 
64600 0.0188009 0.00970696 
64700 0.0188023 0.00969204 
64800 0.018802 0.00967576 
64900 0.0187616 0.00966101 
65000 0.0187389 0.00965963 
65100 0.0186846 0.00964322 
65200 0.0187068 0.00964184 
65300 0.0186665 0.00963349 
65400 0.0186647 0.00962012 
65500 0.0186178 0.00961863 
65600 0.0186383 0.00960311 
65700 0.0186341 0.00959822 
65800 0.0186619 0.00958583 
65900 0.0186233 0.00957532 
66000 0.0185835 0.00956657 
66100 0.018608 0.00955621 
66200 0.0185282 0.00955069 
66300 0.0185084 0.00954069 
66400 0.0184871 0.00953971 
66500 0.0184794 0.0095241 
66600 0.0184806 0.00951298 
66700 0.0184683 0.00949863 
66800 0.0184531 0.00948419 
66900 0.018453 0.0094731 
67000 0.018432 0.00945514 
67100 0.0184469 0.00943419 
67200 0.018443 0.00941874 
67300 0.0184177 0.00940023 
67400 0.0184028 0.00938211 
67500 0.0183462 0.00936717 
67600 0.0183591 0.0093483 
67700 0.0183743 0.00933326 
67800 0.0183632 0.00931684 
67900 0.018362 0.00929976 
68000 0.0183469 0.00928377 
68100 0.0183035 0.00927314 
68200 0.018258 0.00926246 
68300 0.0182135 0.00925092 
68400 0.0182072 0.00923909 
68500 0.0182071 0.00922586 
68600 0.0182199 0.00921752 
68700 0.0182235 0.00920796 
68800 0.0182266 0.0091898 
68900 0.0182019 0.00917473 
69000 0.0181787 0.00915689 
69100 0.0181397 0.00914441 
69200 0.0181058 0.00913772 
69300 0.0180991 0.00913213 
69400 0.0180775 0.00912196 
69500 0.0180655 0.00911142 
69600 0.0180165 0.00910059 
69700 0.0179877 0.00909045 
69800 0.0179367 0.00907672 
69900 0.0179186 0.00905735 
70000 0.0178821 0.00904486 
70100 0.0178213 0.00904226 
70200 0.0177556 0.00903606 
70300 0.0177397 0.00902517 
70400 0.017699 0.00901392 
70500 0.0176589 0.00899741 
70600 0.0176246 0.008962 
70700 0.01762 0.0089476 
70800 0.01759 0.00892994 
70900 0.0175497 0.00891461 
71000 0.0175485 0.00891047 
71100 0.0175731 0.00889837 
71200 0.0175587 0.00888068 
71300 0.0175913 0.00887257 
71400 0.0175686 0.00885899 
71500 0.0174846 0.00883765 
71600 0.0174546 0.00881864 
71700 0.0173528 0.00881117 
71800 0.0172868 0.00880073 
71900 0.0172606 0.00877217 
72000 0.017254 0.00875728 
72100 0.0172742 0.0087562 
72200 0.0173009 0.00873753 
72300 0.0172778 0.00871889 
72400 0.0172431 0.00871464 
72500 0.0172005 0.00869381 
72600 0.0171799 0.0086829 
72700 0.0171461 0.00867222 
72800 0.0170722 0.0086633 
72900 0.0170738 0.00866123 
73000 0.0170571 0.00866015 
73100 0.0170061 0.00864195 
73200 0.0170136 0.00862605 
73300 0.0170011 0.00862342 
73400 0.0169698 0.00861549 
73500 0.016938 0.00860723 
73600 0.0169303 0.00860418 
73700 0.0169623 0.00860054 
73800 0.0169144 0.00859125 
73900 0.0169096 0.00858989 
74000 0.0168753 0.00858416 
74100 0.0169091 0.0085777 
74200 0.0168932 0.00857451 
74300 0.0169054 0.00856069 
74400 0.0169271 0.00855692 
74500 0.0169529 0.00855185 
74600 0.016917 0.00854567 
74700 0.0168787 0.00853895 
74800 0.0168818 0.00852884 
74900 0.0168923 0.00851945 
75000 0.0169144 0.00851164 
75100 0.0169067 0.00850146 
75200 0.0169091 0.00848924 
75300 0.0168889 0.00847753 
75400 0.0168645 0.008466 
75500 0.016851 0.00845342 
75600 0.0167942 0.00843927 
75700 0.0167932 0.00842952 
75800 0.0167624 0.00841276 
75900 0.0167423 0.00839931 
76000 0.0167008 0.00838932 
76100 0.0166529 0.00838327 
76200 0.0166176 0.00837277 
76300 0.0166202 0.00836249 
76400 0.0166092 0.00835119 
76500 0.0166099 0.00833593 
76600 0.0165852 0.00831665 
76700 0.0165626 0.00830572 
76800 0.0165619 0.0082896 
76900 0.0165029 0.00827451 
77000 0.0165298 0.00826144 
77100 0.0165445 0.00825055 
77200 0.0165447 0.00823845 
77300 0.0165195 0.00822821 
77400 0.0165116 0.00820827 
77500 0.0164784 0.0081979 
77600 0.01647 0.00818794 
77700 0.016437 0.00817649 
77800 0.0164387 0.00816878 
77900 0.016428 0.00815911 
78000 0.0164001 0.00814762 
78100 0.0164051 0.00813996 
78200 0.0164231 0.00813049 
78300 0.0164274 0.00812047 
78400 0.0164134 0.00811043 
78500 0.0163781 0.0081001 
78600 0.0163741 0.0080898 
78700 0.0163436 0.00807962 
78800 0.0163382 0.00806913 
78900 0.0163103 0.00805951 
79000 0.0163032 0.0080495 
79100 0.0162906 0.0080395 
79200 0.0162662 0.00803137 
79300 0.0162409 0.00802387 
79400 0.0162281 0.00801401 
79500 0.0162207 0.00800685 
79600 0.0161783 0.00799801 
79700 0.0161466 0.00798569 
79800 0.0161396 0.00797494 
79900 0.0161298 0.00796692 
80000 0.0161241 0.00795893 
80100 0.016089 0.00794916 
80200 0.0160654 0.00794132 
80300 0.01606 0.00793472 
80400 0.0160237 0.00792528 
80500 0.0160062 0.00791792 
80600 0.0159949 0.00790789 
80700 0.0159918 0.00789968 
80800 0.0159524 0.00788931 
80900 0.0159224 0.00787981 
81000 0.0158907 0.00787363 
81100 0.0158652 0.00786446 
81200 0.0158357 0.0078551 
81300 0.01583 0.00784533 
81400 0.0158336 0.0078357 
81500 0.0158169 0.00782557 
81600 0.0158358 0.00781574 
81700 0.0158218 0.00780531 
81800 0.0157913 0.0077932 
81900 0.0157889 0.00778158 
82000 0.015778 0.00777116 
82100 0.0157628 0.00776221 
82200 0.0157446 0.00775256 
82300 0.0157155 0.00774305 
82400 0.0156984 0.00773366 
82500 0.0156971 0.0077239 
82600 0.0156892 0.00771445 
82700 0.0156873 0.00770512 
82800 0.0156664 0.00769581 
82900 0.0156418 0.00768608 
83000 0.015643 0.00767724 
83100 0.0156232 0.00766664 
83200 0.0156131 0.00765462 
83300 0.0156072 0.00764182 
83400 0.0155883 0.00763196 
83500 0.0155776 0.00762011 
83600 0.0155674 0.00760835 
83700 0.0155594 0.00759649 
83800 0.0155453 0.00758318 
83900 0.0155293 0.00757206 
84000 0.015525 0.00756305 
84100 0.0155065 0.00755405 
84200 0.0154894 0.00754508 
84300 0.0154779 0.00753613 
84400 0.015464 0.0075272 
84500 0.0154513 0.00751817 
84600 0.0154387 0.00750928 
84700 0.0154226 0.00750042 
84800 0.0153995 0.00749157 
84900 0.0153856 0.00748269 
85000 0.0153654 0.00747346 
85100 0.0153412 0.00746579 
85200 0.0153214 0.00745114 
85300 0.0152586 0.00744061 
85400 0.0152146 0.0074316 
85500 0.0152184 0.00742077 
85600 0.015205 0.00740793 
85700 0.0151898 0.00740271 
85800 0.0151867 0.00739168 
85900 0.0151847 0.00737685 
86000 0.0151558 0.00736669 
86100 0.0151421 0.00735958 
86200 0.0151198 0.00735166 
86300 0.0151017 0.00733518 
86400 0.0151005 0.00734128 
86500 0.0150989 0.0073372 
86600 0.0150913 0.00733284 
86700 0.0150924 0.00733102 
86800 0.0150798 0.00732621 
86900 0.0150812 0.00732644 
87000 0.015069 0.00731171 
87100 0.0150499 0.00730529 
87200 0.0150272 0.00730644 
87300 0.0149991 0.00730716 
87400 0.0149824 0.00730398 
87500 0.0149516 0.00729642 
87600 0.0149264 0.00728794 
87700 0.0149217 0.00728407 
87800 0.0149015 0.00727529 
87900 0.0148811 0.00726388 
88000 0.0148261 0.00725607 
88100 0.0148121 0.00724521 
88200 0.0148081 0.007237 
88300 0.014816 0.00723447 
88400 0.0148257 0.0072245 
88500 0.0148273 0.00721675 
88600 0.0148169 0.00720904 
88700 0.0148131 0.00719212 
88800 0.0147992 0.00718085 
88900 0.0147779 0.00717759 
89000 0.0147629 0.00718505 
89100 0.0147495 0.00717888 
89200 0.0147356 0.00716804 
89300 0.0147125 0.00715764 
89400 0.0146976 0.00714724 
89500 0.0146844 0.00713994 
89600 0.0146717 0.0071384 
89700 0.0146566 0.00713079 
89800 0.0146349 0.0071271 
89900 0.0146111 0.00711687 
90000 0.0145815 0.00710917 
90100 0.0145727 0.0071046 
90200 0.0145701 0.0070968 
90300 0.0145676 0.00708754 
90400 0.014569 0.00708191 
90500 0.0145554 0.00707236 
90600 0.0145474 0.0070659 
90700 0.0145321 0.00705595 
90800 0.0145099 0.00705288 
90900 0.0144921 0.00704588 
91000 0.0144738 0.00703857 
91100 0.0144614 0.0070348 
91200 0.0144418 0.00702688 
91300 0.0144143 0.00701824 
91400 0.0143929 0.00700506 
91500 0.014392 0.00699146 
91600 0.0143818 0.00698445 
91700 0.0143584 0.00698043 
91800 0.0143297 0.00696956 
91900 0.0143202 0.00697653 
92000 0.0142992 0.00696526 
92100 0.0142792 0.00695244 
92200 0.0142766 0.0069417 
92300 0.0142615 0.00693103 
92400 0.0142361 0.00692217 
92500 0.0142128 0.00691212 
92600 0.014197 0.00689446 
92700 0.01417 0.00687833 
92800 0.0141664 0.0068658 
92900 0.0141587 0.00686054 
93000 0.0141272 0.00684261 
93100 0.014137 0.00683874 
93200 0.014115 0.00683881 
93300 0.0141167 0.00683956 
93400 0.0141046 0.00683779 
93500 0.0141019 0.00683676 
93600 0.0140797 0.00683298 
93700 0.0140725 0.00683139 
93800 0.0140837 0.00682485 
93900 0.0140789 0.00681365 
94000 0.0140462 0.00680496 
94100 0.0140438 0.00680014 
94200 0.0140545 0.00678641 
94300 0.0140332 0.00677638 
94400 0.014013 0.00675321 
94500 0.0140122 0.00673749 
94600 0.0139917 0.00672804 
94700 0.0139841 0.00672277 
94800 0.0139938 0.00672351 
94900 0.0139891 0.0067152 
95000 0.0139771 0.0067033 
95100 0.013951 0.00669397 
95200 0.0139376 0.00668909 
95300 0.013931 0.00668585 
95400 0.0139224 0.00667108 
95500 0.0138944 0.00665018 
95600 0.0138895 0.00664864 
95700 0.0138757 0.00665514 
95800 0.0138596 0.00664951 
95900 0.0138575 0.00664406 
96000 0.0138478 0.00665539 
96100 0.0138582 0.00664769 
96200 0.0138495 0.00664466 
96300 0.0138301 0.00663078 
96400 0.0138041 0.00663487 
96500 0.0137912 0.00662773 
96600 0.0137775 0.00662748 
96700 0.0137559 0.00663737 
96800 0.0137435 0.00662948 
96900 0.0137059 0.00663341 
97000 0.0136896 0.00664169 
97100 0.0136906 0.00663967 
97200 0.013665 0.00662743 
97300 0.0136569 0.00661688 
97400 0.0136509 0.00661582 
97500 0.0136513 0.00661168 
97600 0.0136251 0.00660778 
97700 0.0136349 0.00659703 
97800 0.0136254 0.0065907 
97900 0.0136038 0.00658405 
98000 0.0135982 0.00657238 
98100 0.0135763 0.0065506 
98200 0.0135635 0.00654486 
98300 0.0135198 0.00652866 
98400 0.0134906 0.00652081 
98500 0.0134837 0.00652627 
98600 0.0134764 0.00653368 
98700 0.0134518 0.00653677 
98800 0.0134654 0.00653808 
98900 0.0134282 0.00652379 
99000 0.0134271 0.00651862 
99100 0.0134141 0.00650415 
99200 0.0134012 0.00649035 
99300 0.0133948 0.00648553 
99400 0.0133933 0.00648365 
99500 0.0133906 0.00647655 
99600 0.0133639 0.00646978 
99700 0.0133412 0.00648299 
99800 0.0133205 0.00646901 
99900 0.0133207 0.00646865 
100000 0.0133097 0.00647192 
110000 0.0125395 0.00596519 
120000 0.0116125 0.00549285 
130000 0.0109993 0.00504368 
140000 0.0104208 0.00478319 
150000 0.00978688 0.0045133 
